1 0.323486 0.451660 0.006348 0.020508
1 0.561768 0.436035 0.010254 0.055664
1 0.285400 0.450684 0.003418 0.014648
1 0.548096 0.416504 0.007324 0.024414
1 0.175049 0.460938 0.011230 0.058594
1 0.167725 0.450684 0.006348 0.036133
1 0.157471 0.450195 0.015137 0.044922
1 0.143555 0.460449 0.012695 0.069336
1 0.603027 0.439453 0.011719 0.064453
1 0.106201 0.462402 0.015137 0.071289
1 0.594971 0.437012 0.010254 0.069336
1 0.567871 0.444336 0.005859 0.048828
1 0.579590 0.441406 0.005859 0.062500
1 0.011963 0.463379 0.018066 0.096680
1 0.525635 0.443848 0.012207 0.063477
1 0.502686 0.442871 0.015137 0.069336
1 0.516846 0.444336 0.012207 0.062500
1 0.538086 0.440918 0.014648 0.071289
1 0.620361 0.433594 0.014160 0.072266
1 0.805908 0.430176 0.025879 0.090820
1 0.587158 0.437500 0.012207 0.064453
1 0.557373 0.445312 0.009277 0.056641
1 0.534912 0.457031 0.006348 0.037109
1 0.820557 0.427246 0.028809 0.096680
1 0.549316 0.444336 0.012695 0.060547
0 0.281250 0.460938 0.009766 0.033203
0 0.706055 0.433594 0.067383 0.056641
0 0.853516 0.430176 0.034180 0.051758
0 0.963867 0.516602 0.067383 0.279297