1 0.733154 0.375488 0.009277 0.084961
1 0.543213 0.411133 0.005371 0.033203
1 0.167725 0.430664 0.017090 0.095703
1 0.308838 0.398926 0.007324 0.006836
1 0.200928 0.402344 0.019043 0.056641
1 0.813721 0.422852 0.012207 0.062500
1 0.778076 0.415527 0.018066 0.124023
1 0.760498 0.412598 0.028809 0.135742
1 0.738037 0.417480 0.017090 0.127930
1 0.548340 0.413086 0.006836 0.035156
0 0.673096 0.387207 0.019043 0.010742
0 0.382324 0.430176 0.052734 0.084961
0 0.339844 0.438477 0.060547 0.089844
0 0.059082 0.481445 0.112305 0.201172
0 0.274170 0.445312 0.103027 0.101562
0 0.841309 0.380371 0.003906 0.018555
0 0.844727 0.401367 0.009766 0.023438
0 0.842773 0.410156 0.005859 0.017578
0 0.793457 0.411133 0.064453 0.093750