1 0.840820 0.430176 0.020508 0.180664
1 0.856934 0.466309 0.008789 0.106445
1 0.861328 0.427734 0.014648 0.181641
1 0.800293 0.432129 0.030273 0.200195
1 0.825684 0.420410 0.037109 0.223633
0 0.056396 0.438477 0.044434 0.017578
0 0.042236 0.444336 0.037598 0.019531
0 0.009521 0.444824 0.013184 0.012695
0 0.010986 0.448242 0.010254 0.011719
0 0.009521 0.465332 0.013184 0.028320
0 0.032959 0.459961 0.018066 0.015625
0 0.195557 0.444824 0.011230 0.010742
0 0.176514 0.466309 0.041504 0.061523
0 0.254150 0.459473 0.037598 0.041992
0 0.114990 0.479980 0.052246 0.073242
0 0.058594 0.489258 0.085938 0.085938
0 0.446045 0.444824 0.063965 0.077148
0 0.523682 0.435059 0.036621 0.034180
0 0.642578 0.426270 0.023438 0.049805
0 0.630127 0.429688 0.035645 0.050781
0 0.617920 0.430664 0.038574 0.056641
0 0.764160 0.435547 0.012695 0.015625