1 0.524902 0.387207 0.008789 0.049805
1 0.944824 0.381348 0.031250 0.045898
1 0.520996 0.380371 0.006836 0.034180
1 0.520996 0.415039 0.009766 0.066406
1 0.365479 0.414062 0.016113 0.080078
1 0.743652 0.402832 0.011719 0.038086
1 0.727783 0.395996 0.006348 0.047852
1 0.719238 0.397949 0.007812 0.041992
1 0.680908 0.397949 0.007324 0.038086
1 0.674561 0.398438 0.005371 0.039062
1 0.660889 0.397461 0.006348 0.037109
1 0.656250 0.392578 0.010742 0.025391
1 0.640625 0.387207 0.004883 0.030273
1 0.642822 0.401855 0.013184 0.038086
1 0.532959 0.379883 0.009277 0.019531
1 0.482422 0.428223 0.017578 0.124023
1 0.531738 0.400879 0.011719 0.047852
1 0.448242 0.458984 0.031250 0.195312
1 0.426270 0.467773 0.022461 0.207031
1 0.348877 0.435547 0.032715 0.095703
1 0.340576 0.436523 0.023926 0.097656
1 0.235107 0.382324 0.013184 0.065430
1 0.221191 0.418457 0.017578 0.114258
1 0.196777 0.378906 0.008789 0.025391
1 0.148926 0.439941 0.023438 0.077148
1 0.068604 0.414551 0.019043 0.127930
1 0.912598 0.371582 0.006836 0.024414
1 0.918701 0.386719 0.008301 0.041016
1 0.581787 0.422363 0.010254 0.102539
1 0.595215 0.422852 0.022461 0.109375
1 0.347656 0.418457 0.013672 0.030273
1 0.232910 0.373047 0.009766 0.039062
1 0.252930 0.478516 0.051758 0.289062
1 0.173828 0.376465 0.009766 0.024414
1 0.190918 0.484375 0.047852 0.292969
1 0.685059 0.397949 0.009766 0.038086
1 0.670166 0.393555 0.007324 0.048828
0 0.762939 0.409180 0.019043 0.017578