1 0.927246 0.498047 0.036133 0.210938
1 0.969971 0.514160 0.050293 0.190430
1 0.685547 0.468262 0.042969 0.176758
1 0.099121 0.416504 0.017578 0.055664
1 0.514893 0.531738 0.026855 0.182617
1 0.537354 0.513672 0.065918 0.275391
1 0.102539 0.506836 0.047852 0.269531
1 0.227295 0.496094 0.035645 0.277344
1 0.197266 0.509766 0.054688 0.281250
1 0.116699 0.590820 0.019531 0.085938
1 0.400879 0.488281 0.026367 0.183594
1 0.374756 0.517578 0.056152 0.218750
1 0.419189 0.498047 0.029785 0.166016
1 0.075684 0.412109 0.013672 0.041016
1 0.305664 0.496094 0.027344 0.263672
1 0.330322 0.493652 0.045410 0.258789
1 0.063965 0.463379 0.035156 0.178711
1 0.293213 0.497559 0.060059 0.282227
1 0.144531 0.494629 0.060547 0.350586
1 0.283203 0.498047 0.040039 0.330078
0 0.302246 0.483398 0.140625 0.173828
0 0.172363 0.481934 0.026367 0.127930
0 0.016846 0.437988 0.027832 0.045898
0 0.053711 0.474121 0.101562 0.094727