1 0.325439 0.481934 0.009277 0.049805
1 0.315918 0.481934 0.011719 0.049805
1 0.266357 0.476074 0.011230 0.055664
0 0.259277 0.479492 0.039062 0.035156
0 0.238770 0.479980 0.042969 0.040039
0 0.229004 0.477539 0.033203 0.035156
0 0.215820 0.468750 0.035156 0.025391
0 0.189697 0.479980 0.071777 0.049805
0 0.096191 0.538574 0.186523 0.379883
0 0.587646 0.481445 0.007324 0.039062
0 0.395508 0.477051 0.059570 0.086914
0 0.482422 0.440918 0.075195 0.157227
0 0.575684 0.479980 0.027344 0.038086
0 0.649902 0.469238 0.003906 0.006836
0 0.657227 0.483398 0.014648 0.029297
0 0.670898 0.480957 0.024414 0.034180
0 0.634766 0.479492 0.034180 0.046875
0 0.612061 0.472168 0.043457 0.063477
0 0.691650 0.476562 0.024902 0.027344
0 0.766846 0.505371 0.153809 0.182617