1 0.790039 0.437012 0.035156 0.151367
1 0.733887 0.433105 0.019531 0.106445
1 0.757080 0.427734 0.020996 0.115234
1 0.860596 0.453613 0.024902 0.178711
1 0.838379 0.453613 0.036133 0.184570
1 0.698730 0.443359 0.013672 0.076172
1 0.701904 0.454590 0.011230 0.065430
1 0.663086 0.421387 0.009766 0.079102
1 0.671875 0.429688 0.012695 0.103516
1 0.402100 0.413086 0.010254 0.083984
1 0.683105 0.431641 0.028320 0.107422
1 0.646973 0.392090 0.002930 0.012695
1 0.637695 0.392578 0.007812 0.017578
1 0.658936 0.406250 0.018066 0.052734
1 0.573730 0.448242 0.032227 0.150391
1 0.561035 0.440918 0.036133 0.170898
1 0.527832 0.435547 0.017578 0.156250
1 0.979980 0.448730 0.019531 0.139648
1 0.950195 0.416016 0.054688 0.164062
1 0.984863 0.434082 0.025391 0.161133
0 0.591309 0.414551 0.028320 0.051758
0 0.592285 0.434082 0.017578 0.065430
0 0.605957 0.440430 0.034180 0.085938
0 0.630371 0.448730 0.062500 0.094727
0 0.527832 0.422363 0.045898 0.069336