1 0.824463 0.351562 0.020020 0.035156
1 0.786621 0.364258 0.011719 0.015625
1 0.772949 0.361816 0.014648 0.026367
1 0.803955 0.354004 0.021973 0.038086
1 0.428467 0.385254 0.004395 0.016602
1 0.425781 0.390137 0.005859 0.041992
1 0.595947 0.391113 0.010254 0.043945
1 0.582764 0.377441 0.005371 0.022461
1 0.642578 0.393066 0.003906 0.024414
1 0.605713 0.389160 0.006348 0.047852
1 0.652588 0.403320 0.010254 0.072266
0 0.071045 0.561523 0.136230 0.429688
0 0.317627 0.458496 0.043457 0.137695
0 0.242676 0.459473 0.145508 0.221680
0 0.464600 0.381836 0.021973 0.023438
0 0.497070 0.398438 0.043945 0.080078
0 0.491211 0.418457 0.031250 0.059570
0 0.476807 0.422852 0.044434 0.066406
0 0.446533 0.427734 0.052246 0.078125
0 0.574219 0.418945 0.038086 0.060547
0 0.693604 0.435059 0.072754 0.125977
0 0.747070 0.459961 0.094727 0.177734
0 0.833008 0.493652 0.182617 0.256836
0 0.939453 0.497070 0.116211 0.382812