1 0.655762 0.373535 0.008789 0.008789
0 0.464844 0.408203 0.006836 0.005859
0 0.473633 0.416016 0.012695 0.023438
0 0.515625 0.430176 0.010742 0.032227
0 0.530273 0.439941 0.012695 0.065430
0 0.533936 0.443359 0.013184 0.074219
0 0.547119 0.444336 0.036621 0.080078
0 0.559814 0.453613 0.026855 0.098633
0 0.571045 0.463379 0.035645 0.124023
0 0.595459 0.468750 0.051270 0.158203
0 0.645996 0.478027 0.096680 0.200195
0 0.756836 0.527344 0.234375 0.291016
0 0.500732 0.432617 0.028809 0.046875
0 0.449951 0.442871 0.048340 0.073242
0 0.412842 0.441895 0.020020 0.053711
0 0.398926 0.442871 0.021484 0.071289
0 0.374512 0.448730 0.043945 0.079102
0 0.347168 0.457520 0.018555 0.106445
0 0.311768 0.460938 0.077637 0.142578
0 0.283447 0.481934 0.045410 0.159180
0 0.210449 0.485352 0.128906 0.240234
0 0.093750 0.536621 0.181641 0.313477