1 0.260986 0.438965 0.014160 0.092773
1 0.241699 0.437012 0.019531 0.096680
1 0.278320 0.446777 0.024414 0.114258
1 0.460693 0.460938 0.006348 0.017578
1 0.466064 0.461914 0.005371 0.015625
1 0.519043 0.446289 0.012695 0.056641
1 0.440674 0.447266 0.007324 0.044922
1 0.428711 0.442871 0.008789 0.047852
1 0.400879 0.443848 0.008789 0.043945
1 0.394775 0.440430 0.008301 0.048828
0 0.030762 0.392090 0.055664 0.077148
0 0.114746 0.416504 0.037109 0.041992
0 0.503662 0.458008 0.025879 0.029297
0 0.448975 0.459961 0.009277 0.015625
0 0.432861 0.454590 0.030762 0.030273