1 0.665771 0.408203 0.007324 0.039062
1 0.585449 0.420898 0.005859 0.035156
1 0.589600 0.422852 0.008301 0.033203
1 0.574463 0.421875 0.007324 0.035156
1 0.542236 0.419434 0.009277 0.057617
1 0.530273 0.419434 0.008789 0.045898
1 0.505127 0.411133 0.009277 0.035156
1 0.079102 0.413574 0.021484 0.051758
1 0.106934 0.394531 0.014648 0.029297
0 0.722168 0.411133 0.085938 0.080078
0 0.712158 0.404785 0.028809 0.018555
0 0.716064 0.432617 0.054199 0.078125
0 0.726318 0.440430 0.032715 0.091797
0 0.761963 0.445312 0.075684 0.123047
0 0.779053 0.455566 0.029785 0.118164
0 0.774170 0.470703 0.018066 0.089844
0 0.855713 0.468750 0.164551 0.214844
0 0.879150 0.475586 0.088379 0.255859
0 0.913330 0.503906 0.144043 0.269531
0 0.974121 0.508301 0.046875 0.340820
0 0.614746 0.421875 0.041016 0.060547
0 0.488037 0.434082 0.028809 0.061523
0 0.440918 0.431152 0.067383 0.071289
0 0.449707 0.431152 0.067383 0.081055
0 0.435547 0.441406 0.054688 0.074219
0 0.394043 0.450195 0.049805 0.117188
0 0.340820 0.457520 0.080078 0.145508
0 0.277588 0.484863 0.116699 0.163086
0 0.146729 0.513184 0.182129 0.221680
0 0.035400 0.528809 0.064941 0.307617