1 0.392822 0.413086 0.005371 0.033203
1 0.407227 0.411133 0.011719 0.029297
1 0.415283 0.408691 0.005371 0.016602
1 0.538574 0.403809 0.005859 0.012695
1 0.778809 0.429199 0.023438 0.104492
1 0.795166 0.421387 0.017090 0.059570
1 0.806885 0.410156 0.016113 0.076172
1 0.404297 0.413574 0.005859 0.034180
0 0.421875 0.435547 0.037109 0.039062
0 0.501953 0.465820 0.088867 0.138672
0 0.555908 0.437012 0.028809 0.055664
0 0.565430 0.432129 0.008789 0.006836
0 0.564209 0.446777 0.011230 0.026367
0 0.684082 0.441406 0.115234 0.216797
0 0.794189 0.522461 0.036621 0.152344
0 0.901611 0.511719 0.191895 0.542969
0 0.582031 0.437988 0.017578 0.063477
0 0.585205 0.432129 0.010254 0.045898
0 0.599365 0.406250 0.020020 0.042969
0 0.608643 0.429688 0.042480 0.087891
0 0.612305 0.453613 0.033203 0.125977