1 0.957520 0.438965 0.060547 0.260742
0 0.397217 0.428223 0.022949 0.022461
0 0.162109 0.472656 0.035156 0.046875
0 0.086670 0.439941 0.015137 0.018555
0 0.104248 0.446777 0.020996 0.018555
0 0.124268 0.448242 0.027832 0.015625
0 0.083008 0.465332 0.024414 0.040039
0 0.107910 0.467285 0.035156 0.038086
0 0.126709 0.481445 0.044434 0.052734
0 0.072266 0.580078 0.138672 0.322266
0 0.480469 0.444336 0.023438 0.039062
0 0.547852 0.436035 0.020508 0.032227
0 0.562256 0.442871 0.027832 0.045898
0 0.592773 0.452637 0.047852 0.081055
0 0.895752 0.426270 0.022949 0.049805
0 0.815918 0.512695 0.218750 0.259766
0 0.647949 0.464844 0.082031 0.123047
0 0.518555 0.457031 0.049805 0.085938