1 0.479004 0.467285 0.009766 0.061523
1 0.515869 0.465820 0.010254 0.070312
1 0.507080 0.463867 0.011230 0.078125
1 0.497070 0.461426 0.015625 0.094727
1 0.550537 0.471191 0.008301 0.061523
1 0.560059 0.471680 0.014648 0.062500
1 0.573730 0.451660 0.020508 0.104492
1 0.535645 0.469238 0.012695 0.067383
1 0.536865 0.470215 0.011230 0.065430
1 0.523926 0.463867 0.019531 0.078125
1 0.462158 0.462402 0.020996 0.092773
1 0.607178 0.451660 0.016113 0.120117
1 0.621826 0.472168 0.036621 0.165039
1 0.646973 0.443848 0.017578 0.125977
1 0.668945 0.470215 0.030273 0.168945
1 0.699951 0.493652 0.027832 0.034180
1 0.702148 0.461426 0.032227 0.180664
1 0.782715 0.492676 0.075195 0.399414
1 0.851807 0.492188 0.068848 0.375000
1 0.288574 0.462402 0.009766 0.049805
1 0.300537 0.465820 0.007324 0.046875
1 0.306152 0.472656 0.004883 0.037109
1 0.313232 0.451660 0.021973 0.124023
1 0.330078 0.446777 0.012695 0.100586
1 0.340576 0.442383 0.020996 0.113281
1 0.350830 0.465332 0.011230 0.055664
1 0.359619 0.462402 0.008301 0.073242
0 0.454102 0.466797 0.062500 0.072266