1 0.119629 0.441406 0.009766 0.042969
1 0.128906 0.431641 0.012695 0.072266
1 0.105469 0.432617 0.015625 0.070312
1 0.296875 0.402344 0.006836 0.013672
1 0.138916 0.423340 0.014160 0.045898
1 0.313232 0.401367 0.016113 0.017578
1 0.326416 0.404785 0.011230 0.026367
1 0.483887 0.393066 0.017578 0.041992
1 0.501221 0.396484 0.018066 0.041016
1 0.075684 0.432129 0.009766 0.071289
1 0.766602 0.437988 0.040039 0.211914
1 0.989746 0.453613 0.015625 0.190430
0 0.164062 0.450684 0.066406 0.073242
0 0.219238 0.447754 0.080078 0.086914
0 0.285156 0.454102 0.090820 0.091797
0 0.346924 0.463867 0.097168 0.099609
0 0.437256 0.468750 0.110840 0.134766
0 0.561768 0.467773 0.189941 0.203125