1 0.764893 0.349609 0.007324 0.007812
1 0.756104 0.353027 0.008301 0.008789
1 0.744629 0.347656 0.011719 0.027344
1 0.938232 0.411621 0.052246 0.268555
1 0.636719 0.431152 0.017578 0.083008
1 0.242676 0.425293 0.014648 0.020508
1 0.408691 0.452148 0.012695 0.070312
1 0.442871 0.446289 0.011719 0.062500
1 0.416504 0.442871 0.004883 0.053711
1 0.595459 0.427246 0.013184 0.077148
1 0.549072 0.463379 0.008301 0.022461
1 0.610107 0.433594 0.020020 0.089844
1 0.621582 0.423828 0.012695 0.076172
1 0.661133 0.423828 0.025391 0.087891
1 0.432861 0.435547 0.011230 0.031250
1 0.425293 0.452148 0.016602 0.076172
0 0.269531 0.437012 0.040039 0.036133
0 0.335938 0.482910 0.149414 0.157227
0 0.255127 0.476562 0.052246 0.097656
0 0.256104 0.542480 0.055176 0.106445
0 0.120850 0.504883 0.235840 0.302734
0 0.033691 0.593262 0.061523 0.221680