0 0.570801 0.427246 0.009766 0.024414
0 0.629150 0.419922 0.010254 0.023438
0 0.365479 0.438477 0.029785 0.041016
0 0.928955 0.400879 0.024902 0.010742
0 0.777588 0.409668 0.028809 0.006836
0 0.749023 0.410645 0.025391 0.006836
0 0.725830 0.412598 0.019043 0.004883
0 0.136719 0.478516 0.085938 0.089844
0 0.326660 0.449707 0.031250 0.043945
0 0.018311 0.496094 0.030762 0.119141
0 0.586426 0.435059 0.033203 0.049805
0 0.550049 0.428223 0.020996 0.032227
0 0.533447 0.432129 0.019043 0.040039
0 0.511475 0.435547 0.036621 0.060547