1 0.567139 0.387695 0.004395 0.015625
1 0.722168 0.440430 0.016602 0.134766
1 0.645264 0.401855 0.007324 0.014648
1 0.729004 0.421387 0.021484 0.096680
1 0.751709 0.369629 0.008301 0.024414
1 0.744629 0.398438 0.021484 0.080078
0 0.582764 0.389160 0.012207 0.012695
0 0.577637 0.395508 0.015625 0.011719
0 0.565186 0.404785 0.012207 0.020508
0 0.543457 0.413574 0.012695 0.024414
0 0.538086 0.415039 0.012695 0.023438
0 0.528076 0.416504 0.018066 0.026367
0 0.512207 0.423828 0.017578 0.027344
0 0.497559 0.428223 0.018555 0.030273
0 0.489502 0.435547 0.020996 0.035156
0 0.471436 0.437988 0.024902 0.043945
0 0.457764 0.442383 0.014160 0.050781
0 0.320801 0.441406 0.025391 0.039062
0 0.576172 0.429688 0.024414 0.072266
0 0.438965 0.447266 0.044922 0.062500
0 0.580566 0.443848 0.009766 0.047852
0 0.409180 0.455566 0.035156 0.075195
0 0.604736 0.423828 0.044434 0.107422
0 0.360596 0.464844 0.082520 0.126953
0 0.606934 0.444824 0.037109 0.081055
0 0.620605 0.448730 0.046875 0.088867
0 0.639648 0.457031 0.048828 0.095703
0 0.679443 0.462402 0.081543 0.112305
0 0.805420 0.495605 0.175293 0.276367
0 0.627441 0.372070 0.008789 0.013672
0 0.186523 0.454102 0.041016 0.078125
0 0.244629 0.504395 0.167969 0.213867
0 0.909912 0.557617 0.175293 0.402344