1 0.537354 0.423340 0.009277 0.053711
0 0.530518 0.424805 0.009277 0.041016
0 0.503174 0.407715 0.048340 0.051758
0 0.570312 0.437988 0.014648 0.067383
0 0.593750 0.434570 0.051758 0.087891
0 0.598877 0.441895 0.047363 0.094727
0 0.641846 0.442871 0.071777 0.104492
0 0.718994 0.466309 0.086426 0.180664
0 0.780518 0.475586 0.105957 0.263672
0 0.896973 0.458984 0.201172 0.564453
0 0.523438 0.434570 0.007812 0.023438
0 0.454590 0.420410 0.014648 0.020508
0 0.487549 0.455566 0.077637 0.129883
0 0.446777 0.447754 0.007812 0.053711
0 0.418701 0.429688 0.054199 0.107422
0 0.298340 0.413574 0.002930 0.004883
0 0.318848 0.445312 0.032227 0.062500
0 0.374023 0.458008 0.088867 0.134766
0 0.267334 0.439941 0.082520 0.118164
0 0.027344 0.529297 0.048828 0.283203