1 0.611328 0.504883 0.011719 0.060547
1 0.537354 0.495605 0.006348 0.010742
1 0.464844 0.505859 0.003906 0.017578
0 0.506104 0.507324 0.032715 0.028320
0 0.326172 0.506836 0.028320 0.035156
0 0.323730 0.512695 0.025391 0.027344
0 0.542480 0.510742 0.008789 0.039062
0 0.546143 0.511719 0.008301 0.039062
0 0.412598 0.506348 0.011719 0.032227
0 0.377930 0.511719 0.013672 0.015625
0 0.559326 0.512207 0.031738 0.041992
0 0.475342 0.510742 0.021973 0.031250
0 0.499512 0.506348 0.009766 0.032227
0 0.511719 0.504395 0.020508 0.038086
0 0.511475 0.510742 0.010254 0.027344
0 0.523682 0.510254 0.021973 0.030273