1 0.234619 0.435059 0.005371 0.020508
1 0.663086 0.469727 0.035156 0.136719
1 0.729004 0.462402 0.017578 0.124023
1 0.713867 0.458496 0.027344 0.131836
1 0.849609 0.465820 0.027344 0.117188
1 0.770264 0.463379 0.015137 0.114258
1 0.759521 0.458984 0.019043 0.125000
1 0.778320 0.471191 0.018555 0.114258
1 0.797607 0.465332 0.022949 0.124023
1 0.229736 0.437012 0.006348 0.024414
1 0.356689 0.444336 0.013184 0.058594
1 0.413818 0.450684 0.009277 0.073242
1 0.421631 0.469238 0.020020 0.122070
1 0.455566 0.479004 0.018555 0.108398
1 0.135742 0.439941 0.005859 0.012695
1 0.114990 0.439941 0.009277 0.012695
1 0.090576 0.442871 0.007324 0.008789
1 0.082764 0.443848 0.010254 0.010742
1 0.075439 0.442871 0.010254 0.022461
1 0.067627 0.455078 0.011230 0.029297
1 0.046875 0.477051 0.017578 0.053711
0 0.196045 0.456055 0.021973 0.046875
0 0.189941 0.461914 0.021484 0.042969
0 0.180664 0.466309 0.022461 0.045898
0 0.165527 0.470703 0.026367 0.056641
0 0.147949 0.477051 0.034180 0.063477
0 0.099121 0.508301 0.117188 0.125977