1 0.145752 0.421387 0.010254 0.094727
1 0.157715 0.419434 0.022461 0.096680
1 0.362061 0.399414 0.005371 0.027344
1 0.382812 0.402344 0.005859 0.027344
1 0.389160 0.404297 0.003906 0.023438
1 0.393066 0.405273 0.003906 0.025391
1 0.414062 0.400879 0.005859 0.016602
1 0.418213 0.399902 0.005371 0.012695
1 0.471191 0.408691 0.005859 0.030273
1 0.518555 0.373535 0.013672 0.028320
1 0.586426 0.397461 0.009766 0.033203
1 0.598145 0.401855 0.014648 0.069336
1 0.616699 0.386230 0.010742 0.028320
1 0.930908 0.394531 0.028809 0.109375
1 0.282227 0.395020 0.005859 0.008789
1 0.273926 0.395996 0.004883 0.006836
1 0.226807 0.389648 0.006348 0.009766
1 0.216309 0.390137 0.006836 0.004883
1 0.204346 0.388184 0.009277 0.008789
1 0.259521 0.436523 0.020996 0.152344
1 0.241699 0.441895 0.049805 0.155273
1 0.296387 0.443848 0.040039 0.166992
1 0.308838 0.443359 0.048340 0.173828
0 0.378174 0.399414 0.015137 0.017578
0 0.417725 0.413086 0.010254 0.023438
0 0.427002 0.412109 0.016113 0.029297
0 0.436768 0.411621 0.011230 0.030273
0 0.441406 0.412598 0.013672 0.032227
0 0.452393 0.412598 0.020996 0.034180
0 0.324219 0.415527 0.010742 0.030273
0 0.318604 0.422852 0.008301 0.050781
0 0.279297 0.432617 0.014648 0.066406
0 0.253662 0.426270 0.044434 0.084961
0 0.208740 0.438477 0.077637 0.095703
0 0.532959 0.508789 0.159668 0.246094