1 0.175537 0.383789 0.004395 0.019531
1 0.170898 0.385742 0.004883 0.023438
1 0.564697 0.430176 0.007324 0.077148
1 0.576904 0.432129 0.009277 0.071289
1 0.570312 0.430176 0.016602 0.077148
0 0.054199 0.375488 0.012695 0.020508
0 0.024658 0.359863 0.008301 0.014648
0 0.010986 0.486328 0.016113 0.150391
0 0.920898 0.488281 0.153320 0.291016
0 0.503418 0.440918 0.062500 0.096680
0 0.138672 0.410645 0.012695 0.041992
0 0.158936 0.423340 0.022949 0.053711
0 0.196289 0.453613 0.084961 0.129883
0 0.121338 0.435547 0.054199 0.095703
0 0.076904 0.461914 0.082520 0.113281
0 0.275391 0.427734 0.040039 0.050781