1 0.680176 0.399902 0.009766 0.024414
1 0.672119 0.405273 0.009277 0.035156
1 0.555908 0.422363 0.008301 0.055664
1 0.561523 0.423340 0.010742 0.051758
1 0.548828 0.424805 0.012695 0.054688
1 0.488770 0.424805 0.008789 0.062500
1 0.463379 0.430664 0.016602 0.082031
1 0.494141 0.426758 0.009766 0.070312
1 0.484131 0.433105 0.018066 0.081055
1 0.500244 0.436523 0.013184 0.072266
1 0.242432 0.425781 0.014160 0.052734
1 0.199219 0.421387 0.018555 0.057617
1 0.185059 0.421387 0.015625 0.036133
1 0.232178 0.422363 0.027832 0.069336
0 0.603516 0.408203 0.006836 0.025391
0 0.636230 0.451660 0.089844 0.149414
0 0.750977 0.519531 0.172852 0.308594
0 0.878418 0.613770 0.238281 0.624023