1 0.121338 0.412598 0.008301 0.020508
1 0.407715 0.414551 0.009766 0.036133
1 0.535889 0.416016 0.013184 0.068359
1 0.221436 0.422852 0.026855 0.111328
1 0.407715 0.408203 0.009766 0.050781
0 0.197510 0.416992 0.024902 0.042969
0 0.309814 0.453613 0.149902 0.215820
0 0.679688 0.352051 0.034180 0.045898
0 0.623779 0.428223 0.022949 0.081055
0 0.634033 0.426758 0.020996 0.085938
0 0.660645 0.437500 0.064453 0.128906
0 0.675049 0.454590 0.072754 0.163086
0 0.725586 0.471191 0.125977 0.200195
0 0.450195 0.392090 0.017578 0.030273
0 0.873779 0.524902 0.247559 0.452148
0 0.457031 0.396484 0.018555 0.027344
0 0.462158 0.399902 0.016113 0.024414
0 0.463379 0.404297 0.009766 0.025391
0 0.472656 0.404297 0.015625 0.029297
0 0.479004 0.405762 0.015625 0.028320
0 0.929932 0.639648 0.135254 0.535156