1 0.752197 0.401855 0.008301 0.020508
1 0.765381 0.406250 0.011230 0.033203
1 0.779297 0.394531 0.010742 0.021484
1 0.792725 0.387695 0.016113 0.027344
1 0.467529 0.412109 0.007324 0.025391
1 0.459229 0.416504 0.011230 0.045898
1 0.567627 0.419922 0.005371 0.033203
1 0.532471 0.402832 0.006348 0.016602
1 0.523926 0.411133 0.007812 0.023438
0 0.694336 0.403809 0.015625 0.022461
0 0.718018 0.425781 0.042480 0.074219
0 0.718262 0.434082 0.036133 0.061523
0 0.791016 0.458008 0.077148 0.126953
0 0.867920 0.451172 0.108887 0.144531
0 0.942383 0.469727 0.110352 0.201172
0 0.969971 0.511230 0.055176 0.184570
0 0.628418 0.417969 0.018555 0.035156
0 0.583496 0.422363 0.027344 0.036133
0 0.607178 0.423828 0.033691 0.048828
0 0.540527 0.428223 0.034180 0.047852
0 0.510010 0.434570 0.030762 0.054688
0 0.481689 0.437500 0.044434 0.056641
0 0.443848 0.445312 0.033203 0.062500
0 0.405518 0.449219 0.062988 0.072266
0 0.266113 0.467773 0.072266 0.107422
0 0.174316 0.479004 0.124023 0.131836
0 0.060303 0.495117 0.114746 0.156250