1 0.408203 0.429688 0.006836 0.035156
0 0.377441 0.418945 0.026367 0.013672
0 0.643799 0.436523 0.018066 0.015625
0 0.577637 0.436523 0.015625 0.023438
0 0.606445 0.385742 0.010742 0.015625
0 0.595459 0.391602 0.009277 0.015625
0 0.589600 0.393066 0.006348 0.014648
0 0.583008 0.395996 0.010742 0.012695
0 0.571777 0.403809 0.014648 0.018555
0 0.562744 0.444336 0.016113 0.035156
0 0.268311 0.371094 0.055176 0.031250
0 0.074707 0.468750 0.114258 0.117188
0 0.331055 0.439453 0.022461 0.035156
0 0.356934 0.452148 0.045898 0.062500
0 0.220947 0.532227 0.244629 0.333984
0 0.534180 0.450684 0.055664 0.112305
0 0.462402 0.473145 0.083008 0.127930
0 0.726807 0.439453 0.052246 0.039062
0 0.730713 0.444824 0.042480 0.043945
0 0.777100 0.442871 0.087402 0.047852
0 0.810791 0.442383 0.096191 0.048828
0 0.835449 0.454590 0.046875 0.069336
0 0.836914 0.472168 0.031250 0.034180
0 0.923828 0.453125 0.147461 0.097656