1 0.582764 0.403320 0.011230 0.029297
1 0.474854 0.366699 0.002441 0.014648
1 0.477539 0.371582 0.004883 0.020508
0 0.543457 0.375488 0.041016 0.036133
0 0.538574 0.390137 0.028320 0.026367
0 0.546143 0.388672 0.020996 0.015625
0 0.558594 0.394043 0.036133 0.024414
0 0.543213 0.424316 0.032715 0.051758
0 0.567871 0.432129 0.040039 0.051758
0 0.470703 0.379883 0.009766 0.021484
0 0.467041 0.383301 0.012207 0.022461
0 0.461670 0.388184 0.009277 0.024414
0 0.448486 0.389648 0.020996 0.039062
0 0.447021 0.399414 0.017090 0.035156
0 0.441650 0.406738 0.015137 0.036133
0 0.429688 0.411621 0.028320 0.043945
0 0.411377 0.428223 0.022949 0.045898
0 0.365723 0.489746 0.122070 0.168945
0 0.600586 0.402832 0.015625 0.043945
0 0.079834 0.506836 0.153809 0.316406