1 0.812500 0.341797 0.003906 0.056641
1 0.943848 0.345703 0.021484 0.091797
1 0.919434 0.353516 0.024414 0.111328
1 0.488281 0.368652 0.004883 0.055664
1 0.484619 0.364746 0.008301 0.065430
0 0.605957 0.349121 0.004883 0.016602
0 0.528809 0.355957 0.009766 0.022461
0 0.717041 0.345703 0.007324 0.015625
0 0.537354 0.355957 0.003418 0.010742
0 0.711182 0.353027 0.012207 0.022461
0 0.697510 0.358398 0.016113 0.027344
0 0.679932 0.356934 0.017090 0.022461
0 0.666260 0.359375 0.010254 0.027344
0 0.638916 0.364746 0.008301 0.032227
0 0.653076 0.364746 0.027832 0.041992
0 0.596436 0.348145 0.007324 0.010742
0 0.616699 0.341309 0.008789 0.010742
0 0.478271 0.357422 0.006348 0.021484
0 0.185059 0.375977 0.043945 0.041016
0 0.466553 0.358887 0.022949 0.026367
0 0.619141 0.365234 0.026367 0.039062
0 0.573975 0.367188 0.057129 0.064453
0 0.768799 0.335938 0.014160 0.009766
0 0.429688 0.374023 0.068359 0.058594
0 0.401855 0.380371 0.082031 0.069336
0 0.298828 0.487305 0.232422 0.306641
0 0.126953 0.641113 0.248047 0.708008