1 0.482422 0.425293 0.021484 0.159180
1 0.491455 0.439941 0.026855 0.143555
1 0.722656 0.371582 0.006836 0.022461
1 0.736084 0.393555 0.008301 0.050781
1 0.726562 0.406250 0.016602 0.082031
1 0.809326 0.379395 0.012207 0.038086
1 0.794678 0.385742 0.016113 0.046875
1 0.799561 0.386719 0.017090 0.039062
1 0.814941 0.391113 0.013672 0.026367
1 0.891113 0.396973 0.010742 0.016602
1 0.750488 0.407227 0.013672 0.076172
0 0.591064 0.363281 0.017090 0.021484
0 0.578857 0.361328 0.013184 0.023438
0 0.567871 0.363281 0.014648 0.021484
0 0.557373 0.364746 0.014160 0.022461
0 0.525391 0.366699 0.017578 0.026367
0 0.541016 0.369629 0.022461 0.028320
0 0.509766 0.369629 0.015625 0.026367
0 0.498779 0.371094 0.016113 0.027344
0 0.479492 0.365234 0.007812 0.009766
0 0.466064 0.374512 0.023926 0.030273
0 0.606201 0.362305 0.017090 0.011719
0 0.741211 0.349609 0.028320 0.025391
0 0.598877 0.385254 0.037598 0.036133
0 0.607666 0.380859 0.034668 0.021484
0 0.609619 0.389648 0.040527 0.033203
0 0.617676 0.389648 0.032227 0.031250
0 0.619873 0.398438 0.023926 0.035156
0 0.652832 0.382324 0.048828 0.022461
0 0.851318 0.480957 0.178223 0.155273
0 0.874756 0.482422 0.128418 0.154297
0 0.947510 0.512695 0.100098 0.208984
0 0.970215 0.581543 0.054688 0.174805
0 0.430908 0.378418 0.019043 0.034180
0 0.413818 0.380371 0.026855 0.038086
0 0.393066 0.381836 0.024414 0.039062
0 0.377686 0.384277 0.027832 0.040039
0 0.357178 0.378906 0.027832 0.025391
0 0.327881 0.371582 0.033691 0.014648
0 0.362061 0.433594 0.139160 0.111328
0 0.288086 0.454590 0.112305 0.147461
0 0.667236 0.501465 0.147949 0.219727
0 0.222656 0.447266 0.218750 0.156250
0 0.202881 0.497070 0.170410 0.228516
0 0.081787 0.513672 0.157715 0.310547