1 0.728760 0.459473 0.007324 0.036133
1 0.739502 0.465820 0.006348 0.029297
1 0.743896 0.466797 0.002441 0.023438
1 0.751465 0.466309 0.003906 0.024414
1 0.757812 0.463379 0.004883 0.026367
1 0.819336 0.489258 0.009766 0.140625
1 0.851807 0.476074 0.011230 0.108398
1 0.811523 0.498047 0.017578 0.203125
1 0.836914 0.495117 0.038086 0.210938
1 0.784424 0.520508 0.101074 0.349609
1 0.762695 0.539551 0.091797 0.370117
1 0.877686 0.537598 0.072754 0.377930
1 0.934814 0.509766 0.046387 0.195312
1 0.977783 0.500488 0.039551 0.231445
1 0.472412 0.476074 0.022949 0.122070
1 0.320312 0.479492 0.022461 0.154297
1 0.332275 0.482910 0.029785 0.153320
1 0.296875 0.473145 0.029297 0.174805
0 0.654541 0.500000 0.081543 0.115234