1 0.198730 0.398438 0.006836 0.031250
1 0.240479 0.389160 0.018066 0.053711
1 0.257324 0.421387 0.042969 0.120117
1 0.222412 0.435059 0.032715 0.137695
1 0.153809 0.427246 0.014648 0.034180
1 0.163086 0.421875 0.016602 0.033203
1 0.187012 0.439941 0.047852 0.135742
1 0.322510 0.462891 0.026855 0.208984
1 0.376709 0.438965 0.016113 0.075195
1 0.061523 0.420410 0.008789 0.020508
1 0.067627 0.422363 0.009277 0.012695
1 0.103760 0.408203 0.037598 0.083984
1 0.043945 0.418457 0.034180 0.071289
1 0.398438 0.457520 0.021484 0.036133
1 0.552002 0.423340 0.008301 0.038086
1 0.540039 0.434570 0.021484 0.078125
1 0.558105 0.430664 0.011719 0.058594
1 0.588623 0.458008 0.020996 0.138672
1 0.621826 0.467773 0.030762 0.197266
1 0.663818 0.469238 0.026855 0.206055
1 0.700439 0.476074 0.045410 0.190430
1 0.684082 0.485352 0.032227 0.189453
1 0.747070 0.464844 0.025391 0.154297
1 0.359619 0.465820 0.031738 0.214844
1 0.988281 0.469238 0.018555 0.225586
1 0.485352 0.486328 0.045898 0.287109
1 0.573486 0.481445 0.034668 0.191406
1 0.032715 0.414551 0.011719 0.020508
1 0.305420 0.459473 0.027832 0.172852
1 0.347900 0.467285 0.043457 0.217773