0 0.517090 0.347168 0.022461 0.030273
0 0.195068 0.373047 0.002441 0.001953
0 0.187500 0.379395 0.020508 0.018555
0 0.327637 0.369141 0.031250 0.025391
0 0.353271 0.369141 0.023926 0.017578
0 0.498779 0.383301 0.016113 0.024414
0 0.491943 0.388184 0.013184 0.018555
0 0.489502 0.395996 0.017090 0.026367
0 0.457275 0.342285 0.011230 0.014648
0 0.470947 0.363281 0.021973 0.019531
0 0.441895 0.369141 0.018555 0.023438
0 0.463623 0.392090 0.009277 0.008789
0 0.467773 0.412598 0.015625 0.034180
0 0.433838 0.440918 0.081543 0.125977
0 0.545410 0.517090 0.150391 0.266602
0 0.117676 0.374512 0.025391 0.018555
0 0.064941 0.383301 0.044922 0.032227
0 0.095459 0.404785 0.046387 0.045898
0 0.069336 0.407715 0.053711 0.041992
0 0.037109 0.399414 0.068359 0.052734
0 0.395996 0.390137 0.013672 0.022461
0 0.386230 0.397949 0.017578 0.032227
0 0.381836 0.402832 0.013672 0.028320
0 0.355469 0.424316 0.051758 0.096680
0 0.304443 0.431641 0.073730 0.115234
0 0.215088 0.468262 0.134277 0.178711