0 0.596924 0.474121 0.023926 0.028320
0 0.527832 0.492188 0.027344 0.039062
0 0.566650 0.488281 0.021973 0.031250
0 0.460449 0.498535 0.039062 0.065430
0 0.433594 0.504883 0.019531 0.039062
0 0.425537 0.506348 0.007324 0.043945
0 0.418213 0.505371 0.017090 0.049805
0 0.407471 0.504395 0.017090 0.055664
0 0.394287 0.505371 0.021973 0.061523
0 0.377441 0.509277 0.041016 0.067383
0 0.326660 0.503418 0.061523 0.118164
0 0.293945 0.523438 0.083984 0.111328
0 0.213379 0.546387 0.090820 0.170898
0 0.117920 0.561523 0.135254 0.226562
0 0.040039 0.579590 0.074219 0.225586