1 0.850830 0.560059 0.011230 0.020508
1 0.768311 0.495117 0.021973 0.156250
1 0.780029 0.483398 0.032715 0.181641
1 0.131592 0.494141 0.029785 0.246094
1 0.685303 0.477539 0.061035 0.275391
1 0.344727 0.486816 0.036133 0.233398
1 0.319092 0.495605 0.034668 0.223633
1 0.521240 0.476562 0.043457 0.267578
1 0.456787 0.479004 0.046387 0.252930
1 0.498047 0.466797 0.056641 0.300781
1 0.398682 0.478516 0.049316 0.255859
1 0.404297 0.479004 0.041992 0.260742
1 0.603516 0.476074 0.056641 0.295898
0 0.925537 0.526855 0.000488 0.000977
0 0.964111 0.447754 0.066895 0.245117
0 0.635254 0.499023 0.301758 0.207031
0 0.130127 0.518066 0.254395 0.223633
0 0.992432 0.708008 0.010254 0.181641