0 0.488770 0.393555 0.015625 0.017578
0 0.500000 0.437012 0.001953 0.014648
0 0.517822 0.400391 0.013184 0.015625
0 0.477783 0.435059 0.023926 0.030273
0 0.425781 0.394531 0.032227 0.021484
0 0.306396 0.462402 0.069824 0.108398
0 0.495605 0.387695 0.014648 0.017578
0 0.518555 0.382324 0.020508 0.026367
0 0.554932 0.442871 0.013184 0.053711
0 0.568359 0.442871 0.027344 0.063477
0 0.488770 0.393066 0.015625 0.016602
0 0.600098 0.455078 0.059570 0.095703
0 0.512207 0.442383 0.029297 0.044922
0 0.664307 0.557129 0.011230 0.002930
0 0.526123 0.398438 0.030762 0.019531
0 0.676758 0.475586 0.122070 0.199219
0 0.467285 0.411133 0.013672 0.027344
0 0.460449 0.412109 0.013672 0.023438
0 0.428223 0.427734 0.012695 0.023438
0 0.422607 0.442871 0.010254 0.051758
0 0.413086 0.442383 0.019531 0.054688
0 0.452148 0.413574 0.021484 0.012695
0 0.213867 0.485352 0.122070 0.152344
0 0.448975 0.448242 0.045410 0.064453
0 0.389648 0.446289 0.045898 0.060547