1 0.359863 0.419922 0.007812 0.019531
1 0.366211 0.416992 0.003906 0.003906
1 0.590576 0.425781 0.006348 0.056641
1 0.574951 0.416992 0.008301 0.029297
1 0.722900 0.449219 0.020020 0.150391
1 0.736816 0.464844 0.028320 0.136719
0 0.441895 0.433105 0.006836 0.020508
0 0.411621 0.434570 0.009766 0.027344
0 0.408203 0.435547 0.008789 0.029297
0 0.405273 0.436035 0.006836 0.030273
0 0.399658 0.435547 0.010254 0.033203
0 0.393799 0.437012 0.011230 0.036133
0 0.385986 0.438477 0.017090 0.039062
0 0.368164 0.438965 0.028320 0.040039
0 0.203369 0.461426 0.020996 0.069336
0 0.192627 0.459961 0.020996 0.082031
0 0.155029 0.448242 0.064941 0.101562
0 0.534180 0.414551 0.016602 0.026367
0 0.535156 0.425781 0.012695 0.025391
0 0.542969 0.429199 0.010742 0.036133
0 0.551514 0.429688 0.017090 0.041016
0 0.674316 0.441895 0.060547 0.081055
0 0.687500 0.444824 0.019531 0.063477
0 0.702393 0.449707 0.027832 0.094727
0 0.563965 0.433594 0.029297 0.044922
0 0.850342 0.453613 0.126465 0.118164
0 0.944092 0.469727 0.106934 0.158203
0 0.487549 0.471191 0.091309 0.145508