1 0.451172 0.437500 0.004883 0.019531
1 0.720215 0.376465 0.020508 0.030273
1 0.748535 0.379395 0.016602 0.018555
0 0.443604 0.432617 0.012207 0.021484
0 0.457764 0.421875 0.017090 0.023438
0 0.475830 0.438965 0.013184 0.032227
0 0.460205 0.441406 0.018066 0.033203
0 0.466553 0.444336 0.023926 0.035156
0 0.506836 0.436035 0.009766 0.020508
0 0.511475 0.436035 0.006348 0.020508
0 0.516846 0.434570 0.009277 0.023438
0 0.524170 0.435059 0.012207 0.024414
0 0.524902 0.436035 0.009766 0.022461
0 0.530029 0.435547 0.007324 0.025391
0 0.534180 0.436035 0.010742 0.028320
0 0.542969 0.435547 0.012695 0.029297
0 0.549072 0.435547 0.009277 0.033203
0 0.553223 0.435547 0.011719 0.033203
0 0.557617 0.439941 0.007812 0.040039
0 0.566650 0.440430 0.020020 0.046875
0 0.580322 0.427734 0.018066 0.025391
0 0.577881 0.449219 0.020996 0.062500
0 0.602295 0.450195 0.045410 0.085938
0 0.616211 0.462402 0.028320 0.102539
0 0.658936 0.466309 0.081543 0.163086
0 0.709229 0.484375 0.105957 0.195312
0 0.781250 0.518555 0.178711 0.263672
0 0.897705 0.579590 0.199707 0.540039
0 0.432617 0.450684 0.016602 0.059570
0 0.426758 0.454590 0.016602 0.065430
0 0.408691 0.456055 0.035156 0.074219
0 0.393555 0.462891 0.021484 0.082031
0 0.362549 0.466309 0.065918 0.094727
0 0.264893 0.500000 0.087402 0.162109
0 0.170654 0.515137 0.135254 0.233398
0 0.074219 0.568359 0.142578 0.324219