1 0.880371 0.528320 0.006836 0.025391
1 0.436768 0.500488 0.017090 0.079102
0 0.569824 0.465332 0.021484 0.024414
0 0.587402 0.485352 0.021484 0.035156
0 0.608154 0.461914 0.011230 0.021484
0 0.609375 0.463867 0.008789 0.019531
0 0.618164 0.460938 0.014648 0.011719
0 0.611084 0.481934 0.010254 0.030273
0 0.612549 0.484863 0.007324 0.032227
0 0.628662 0.492188 0.028809 0.056641
0 0.629395 0.502930 0.025391 0.046875
0 0.629883 0.510742 0.013672 0.044922
0 0.631104 0.515137 0.008301 0.043945
0 0.645264 0.517090 0.031738 0.059570
0 0.659912 0.533691 0.023926 0.084961
0 0.677734 0.538086 0.041016 0.105469
0 0.718750 0.552246 0.093750 0.127930
0 0.552002 0.481934 0.019043 0.032227
0 0.545654 0.488281 0.019043 0.037109
0 0.543701 0.492676 0.020020 0.038086
0 0.540771 0.495117 0.014160 0.041016
0 0.539551 0.501953 0.008789 0.042969
0 0.526855 0.501465 0.028320 0.065430
0 0.521729 0.511230 0.030762 0.063477
0 0.518799 0.516602 0.016113 0.060547
0 0.512451 0.516602 0.011230 0.070312
0 0.483643 0.514160 0.055176 0.094727