1 0.742676 0.444336 0.006836 0.017578
1 0.617920 0.449707 0.012207 0.026367
1 0.454590 0.487793 0.016602 0.094727
1 0.498291 0.487793 0.015137 0.096680
1 0.517334 0.492188 0.023926 0.089844
1 0.642334 0.484375 0.023926 0.107422
1 0.632568 0.482910 0.018066 0.112305
1 0.681641 0.478027 0.020508 0.124023
1 0.851807 0.445312 0.006348 0.031250
1 0.902344 0.435059 0.003906 0.016602
1 0.908936 0.437012 0.003418 0.014648
1 0.579590 0.528809 0.064453 0.305664
1 0.597412 0.527344 0.087402 0.326172
1 0.170898 0.507324 0.043945 0.368164
1 0.213867 0.525879 0.105469 0.375977
1 0.214355 0.537109 0.068359 0.425781
1 0.039307 0.484375 0.009277 0.093750
1 0.054688 0.478516 0.011719 0.107422
1 0.046875 0.481445 0.014648 0.111328
1 0.029053 0.519043 0.052246 0.491211
1 0.495850 0.487793 0.012207 0.100586
0 0.855469 0.435547 0.006836 0.013672
0 0.861816 0.438477 0.010742 0.017578
0 0.869873 0.444336 0.016113 0.025391
0 0.827881 0.474609 0.040527 0.072266
0 0.798584 0.486816 0.053223 0.071289
0 0.021240 0.520996 0.024902 0.081055
0 0.890381 0.437988 0.013184 0.020508
0 0.883301 0.437988 0.003906 0.018555