1 0.588867 0.405273 0.005859 0.009766
1 0.867676 0.413574 0.010742 0.069336
1 0.840332 0.420898 0.013672 0.083984
1 0.820801 0.423828 0.008789 0.080078
1 0.827881 0.434570 0.024902 0.111328
1 0.800293 0.431641 0.018555 0.109375
1 0.652588 0.401855 0.009277 0.016602
1 0.455078 0.411133 0.009766 0.015625
1 0.301025 0.419434 0.010254 0.030273
1 0.636230 0.407227 0.011719 0.023438
1 0.286865 0.420410 0.019043 0.063477
1 0.247559 0.448242 0.023438 0.105469
1 0.206787 0.452637 0.020996 0.102539
1 0.980469 0.399414 0.003906 0.029297
1 0.093262 0.443359 0.026367 0.138672
1 0.529297 0.491211 0.026367 0.169922
1 0.395020 0.415039 0.019531 0.029297
1 0.505615 0.484863 0.024902 0.170898
1 0.911621 0.405273 0.012695 0.054688
1 0.099609 0.455566 0.039062 0.174805
0 0.592529 0.422852 0.021973 0.025391
0 0.554199 0.471680 0.087891 0.152344
0 0.688721 0.416992 0.031738 0.050781
0 0.697021 0.435547 0.012207 0.033203
0 0.667969 0.428711 0.049805 0.048828
0 0.635986 0.435059 0.060059 0.053711
0 0.618164 0.416504 0.041016 0.016602
0 0.621826 0.467285 0.069824 0.090820
0 0.497070 0.429199 0.042969 0.030273
0 0.476807 0.434082 0.043457 0.038086
0 0.486816 0.462402 0.016602 0.043945
0 0.439453 0.461914 0.083008 0.091797
0 0.409668 0.463867 0.073242 0.097656
0 0.339844 0.460938 0.128906 0.101562