1 0.031982 0.436035 0.012207 0.061523
1 0.051270 0.428223 0.030273 0.145508
1 0.489258 0.426758 0.009766 0.021484
1 0.430908 0.412109 0.011230 0.019531
1 0.531494 0.420898 0.005371 0.013672
1 0.727783 0.443359 0.020020 0.091797
1 0.513672 0.429688 0.006836 0.025391
1 0.500732 0.426758 0.010254 0.025391
1 0.617432 0.456543 0.020996 0.108398
0 0.579346 0.441895 0.010254 0.034180
0 0.566650 0.441895 0.023926 0.043945
0 0.547852 0.446777 0.025391 0.043945
0 0.531982 0.449707 0.029785 0.045898
0 0.625977 0.436035 0.012695 0.032227
0 0.459717 0.456055 0.051270 0.085938
0 0.447266 0.462402 0.051758 0.083008
0 0.410400 0.472168 0.049316 0.120117
0 0.383057 0.479004 0.057129 0.145508
0 0.301758 0.474609 0.150391 0.238281
0 0.158691 0.518066 0.245117 0.305664
0 0.660645 0.456543 0.055664 0.114258
0 0.050293 0.659180 0.094727 0.291016
0 0.685303 0.465820 0.084473 0.136719
0 0.866699 0.485352 0.261719 0.400391
0 0.638184 0.410156 0.013672 0.019531