1 0.661865 0.462891 0.024902 0.167969
1 0.699951 0.460938 0.038574 0.164062
1 0.682861 0.464355 0.031738 0.168945
1 0.597412 0.454102 0.045410 0.167969
1 0.479248 0.421387 0.007324 0.018555
1 0.473145 0.423340 0.008789 0.045898
1 0.456787 0.412598 0.012207 0.030273
1 0.444336 0.407227 0.011719 0.031250
1 0.397217 0.439941 0.012207 0.135742
1 0.427979 0.435059 0.017090 0.151367
1 0.204590 0.400391 0.016602 0.056641
1 0.258057 0.400391 0.015137 0.033203
1 0.725342 0.447266 0.007324 0.052734
1 0.311035 0.406250 0.017578 0.046875
1 0.187744 0.402344 0.020996 0.058594
1 0.488525 0.412598 0.008301 0.024414
1 0.501221 0.402344 0.005371 0.011719
1 0.522949 0.400879 0.012695 0.014648
1 0.631104 0.429688 0.005371 0.005859
1 0.770020 0.461426 0.041016 0.186523
1 0.068359 0.413574 0.021484 0.090820
0 0.719971 0.445801 0.005371 0.041992
0 0.646729 0.444824 0.014160 0.028320
0 0.635010 0.446289 0.015137 0.029297
0 0.566895 0.438477 0.031250 0.062500
0 0.561768 0.442383 0.019043 0.060547
0 0.704834 0.448730 0.031738 0.077148
0 0.622803 0.447266 0.021973 0.029297
0 0.560303 0.449707 0.013184 0.057617
0 0.542236 0.444824 0.033691 0.081055
0 0.541016 0.449707 0.022461 0.079102
0 0.512695 0.452148 0.061523 0.089844