1 0.381104 0.387695 0.007324 0.029297
1 0.527832 0.417969 0.006836 0.042969
1 0.585693 0.428223 0.013184 0.055664
1 0.517334 0.387695 0.004395 0.029297
1 0.520752 0.395996 0.006348 0.024414
1 0.554199 0.413574 0.007812 0.043945
1 0.320068 0.411621 0.004395 0.018555
0 0.447998 0.333984 0.005371 0.005859
0 0.447266 0.340332 0.005859 0.010742
0 0.441650 0.354004 0.008301 0.012695
0 0.435547 0.369629 0.009766 0.018555
0 0.244385 0.456055 0.092285 0.113281
0 0.432129 0.373535 0.009766 0.016602
0 0.575195 0.421875 0.011719 0.035156
0 0.456055 0.318848 0.007812 0.012695
0 0.430176 0.378418 0.010742 0.018555
0 0.455078 0.356445 0.009766 0.019531
0 0.427734 0.382324 0.011719 0.020508
0 0.453613 0.364258 0.010742 0.015625
0 0.380371 0.428223 0.033203 0.051758
0 0.421387 0.388672 0.016602 0.025391
0 0.484375 0.388184 0.007812 0.024414
0 0.499512 0.452148 0.062500 0.099609
0 0.339111 0.438477 0.054199 0.072266