1 0.491943 0.412598 0.007324 0.030273
1 0.455566 0.418457 0.008789 0.028320
1 0.447998 0.417480 0.007324 0.034180
1 0.438721 0.419434 0.005371 0.020508
1 0.432373 0.421387 0.009277 0.032227
1 0.330078 0.423828 0.010742 0.056641
0 0.660645 0.397461 0.008789 0.023438
0 0.661377 0.431641 0.010254 0.048828
0 0.699219 0.426270 0.072266 0.077148
0 0.709717 0.427734 0.045410 0.044922
0 0.719971 0.439941 0.025879 0.067383
0 0.720947 0.438477 0.022949 0.060547
0 0.785156 0.429688 0.113281 0.119141
0 0.804199 0.433105 0.073242 0.067383
0 0.842041 0.458984 0.057129 0.125000
0 0.918213 0.458008 0.158691 0.144531
0 0.560303 0.406250 0.007324 0.021484
0 0.554199 0.407227 0.009766 0.023438
0 0.544189 0.407715 0.017090 0.024414
0 0.526367 0.413086 0.015625 0.027344
0 0.515381 0.416992 0.020020 0.027344
0 0.355469 0.423828 0.011719 0.019531
0 0.153564 0.474121 0.138184 0.157227