1 0.482422 0.376953 0.002930 0.013672
1 0.889404 0.408203 0.006348 0.068359
1 0.545898 0.386719 0.001953 0.015625
1 0.548828 0.386230 0.001953 0.014648
1 0.583496 0.394531 0.002930 0.027344
1 0.573975 0.394043 0.005371 0.030273
1 0.616211 0.404297 0.005859 0.052734
1 0.859375 0.471191 0.005859 0.038086
1 0.860840 0.404785 0.007812 0.067383
1 0.923584 0.431641 0.010254 0.085938
1 0.926025 0.426758 0.012207 0.128906
1 0.960938 0.448242 0.033203 0.205078
1 0.411865 0.415527 0.007324 0.026367
1 0.394043 0.386719 0.002930 0.009766
1 0.205566 0.422363 0.006836 0.061523
1 0.210449 0.398438 0.005859 0.021484
1 0.198975 0.419434 0.011230 0.069336
1 0.188477 0.436523 0.012695 0.089844
1 0.210938 0.437500 0.015625 0.085938
1 0.236328 0.442383 0.007812 0.074219
1 0.247314 0.441895 0.008301 0.081055
1 0.243164 0.444336 0.011719 0.083984
0 0.505859 0.377930 0.008789 0.009766
0 0.564697 0.397949 0.029785 0.024414
0 0.504395 0.385254 0.016602 0.006836
0 0.511475 0.391602 0.018066 0.007812
0 0.493164 0.421387 0.035156 0.079102
0 0.520752 0.442871 0.057129 0.094727
0 0.415039 0.407227 0.020508 0.037109
0 0.401123 0.411621 0.016113 0.040039
0 0.313721 0.477539 0.111816 0.154297
0 0.105957 0.575195 0.206055 0.365234