1 0.665771 0.384766 0.041504 0.130859
1 0.617188 0.532715 0.069336 0.440430
1 0.026855 0.646484 0.047852 0.580078
0 0.355225 0.460449 0.008301 0.063477
0 0.386719 0.436035 0.069336 0.124023
0 0.392090 0.461914 0.069336 0.130859
0 0.289062 0.464355 0.081055 0.120117
0 0.421143 0.476074 0.034668 0.139648
0 0.460449 0.481934 0.081055 0.217773
0 0.570557 0.532227 0.222168 0.369141
0 0.808594 0.643555 0.377930 0.638672
0 0.142334 0.490723 0.100098 0.209961
0 0.067139 0.509277 0.128418 0.352539
0 0.035645 0.628418 0.036133 0.291992