1 0.719238 0.456543 0.008789 0.016602
1 0.742432 0.457031 0.018066 0.080078
1 0.573975 0.448730 0.009277 0.032227
0 0.060059 0.433105 0.060547 0.038086
0 0.720703 0.472168 0.026367 0.026367
0 0.242920 0.425293 0.020996 0.006836
0 0.285400 0.428223 0.031738 0.020508
0 0.523438 0.461914 0.034180 0.046875
0 0.324219 0.453613 0.026367 0.055664
0 0.401855 0.434570 0.003906 0.007812
0 0.395752 0.452148 0.011230 0.050781
0 0.375732 0.450195 0.038574 0.074219
0 0.356201 0.456543 0.054199 0.077148
0 0.434814 0.474121 0.082520 0.141602