0 0.425293 0.418457 0.041992 0.034180
0 0.416992 0.447754 0.045898 0.067383
0 0.630127 0.412598 0.017090 0.016602
0 0.617676 0.422852 0.021484 0.035156
0 0.497070 0.406738 0.058594 0.047852
0 0.529053 0.417969 0.042480 0.021484
0 0.600098 0.433105 0.031250 0.045898
0 0.573730 0.448730 0.034180 0.063477
0 0.636230 0.395508 0.027344 0.023438
0 0.650391 0.415039 0.021484 0.031250
0 0.640137 0.426270 0.029297 0.034180
0 0.672607 0.398438 0.016113 0.007812
0 0.684570 0.402344 0.016602 0.009766
0 0.667725 0.418457 0.021973 0.034180
0 0.933105 0.497070 0.054688 0.091797
0 0.462158 0.449707 0.060059 0.075195
0 0.505371 0.458984 0.050781 0.080078
0 0.552490 0.468750 0.062012 0.099609
0 0.275879 0.453613 0.069336 0.083008
0 0.366943 0.460449 0.079590 0.096680
0 0.695068 0.476562 0.163574 0.111328
0 0.131592 0.530762 0.257324 0.333008
0 0.706299 0.492676 0.104004 0.180664