1 0.581543 0.382324 0.005859 0.028320
1 0.138916 0.438477 0.040527 0.207031
1 0.177734 0.446289 0.039062 0.197266
0 0.015869 0.454590 0.025879 0.086914
0 0.582031 0.389160 0.029297 0.016602
0 0.552979 0.390625 0.013184 0.027344
0 0.547363 0.393066 0.008789 0.032227
0 0.510498 0.380371 0.024902 0.024414
0 0.510742 0.401855 0.031250 0.057617
0 0.497070 0.410156 0.013672 0.048828
0 0.489014 0.414062 0.023926 0.064453
0 0.472656 0.416016 0.032227 0.072266
0 0.454102 0.420410 0.027344 0.084961
0 0.428711 0.424805 0.061523 0.103516
0 0.599365 0.390625 0.009277 0.017578
0 0.596191 0.417480 0.011719 0.040039
0 0.647949 0.386230 0.094727 0.057617
0 0.671143 0.420410 0.150879 0.079102
0 0.883789 0.512207 0.227539 0.383789
0 0.974854 0.646484 0.045410 0.347656