0 0.437256 0.459473 0.003418 0.008789
0 0.435791 0.458496 0.000488 0.004883
0 0.387451 0.448730 0.049316 0.096680
0 0.391357 0.472168 0.009277 0.079102
0 0.347656 0.453125 0.098633 0.119141
0 0.306885 0.471680 0.122559 0.173828
0 0.211914 0.468750 0.144531 0.203125
0 0.135742 0.503418 0.178711 0.274414
0 0.070801 0.533203 0.135742 0.345703
0 0.506348 0.450195 0.015625 0.037109
0 0.547607 0.435059 0.083496 0.081055
0 0.554199 0.442871 0.067383 0.057617
0 0.595459 0.450684 0.028809 0.083008
0 0.600830 0.454590 0.020020 0.084961
0 0.627930 0.450684 0.057617 0.106445
0 0.648193 0.466797 0.085449 0.126953
0 0.820312 0.487793 0.221680 0.352539
0 0.918457 0.596191 0.158203 0.454102
0 0.477783 0.418457 0.014160 0.026367
0 0.466553 0.427246 0.017090 0.040039
0 0.463623 0.426758 0.013184 0.027344
0 0.459717 0.430664 0.011230 0.029297
0 0.459961 0.434570 0.005859 0.029297
0 0.455566 0.434082 0.007812 0.032227
0 0.449951 0.434570 0.013184 0.035156
0 0.446045 0.438477 0.011230 0.041016
0 0.437012 0.436523 0.017578 0.048828
0 0.432617 0.443359 0.006836 0.044922
0 0.416016 0.436523 0.031250 0.060547
0 0.410645 0.444824 0.010742 0.041992