1 0.770508 0.424316 0.009766 0.071289
1 0.759277 0.434570 0.019531 0.087891
1 0.709473 0.428223 0.014648 0.073242
1 0.776123 0.419434 0.019043 0.063477
0 0.452881 0.422363 0.003418 0.012695
0 0.432373 0.426270 0.032715 0.032227
0 0.435547 0.433105 0.006836 0.022461
0 0.426758 0.432617 0.015625 0.033203
0 0.416992 0.435059 0.016602 0.038086
0 0.405273 0.433105 0.015625 0.040039
0 0.375732 0.429199 0.045410 0.065430
0 0.372314 0.436035 0.032715 0.040039
0 0.478760 0.431152 0.013184 0.022461
0 0.464600 0.433594 0.026855 0.033203
0 0.346436 0.441406 0.048340 0.052734
0 0.345459 0.443359 0.032715 0.052734
0 0.308105 0.449219 0.087891 0.064453
0 0.629150 0.413086 0.020996 0.011719
0 0.740234 0.426758 0.055664 0.044922
0 0.639160 0.453125 0.082031 0.091797
0 0.545166 0.514160 0.158691 0.252930
0 0.865479 0.544434 0.264160 0.350586