1 0.133057 0.380859 0.026855 0.074219
1 0.093994 0.401367 0.008301 0.033203
1 0.108398 0.375000 0.029297 0.093750
1 0.038330 0.367188 0.030762 0.095703
1 0.549316 0.430664 0.024414 0.203125
1 0.537109 0.438965 0.030273 0.196289
1 0.594971 0.420410 0.037598 0.209961
1 0.296387 0.444336 0.027344 0.125000
0 0.305664 0.416504 0.013672 0.020508
0 0.281250 0.400879 0.008789 0.012695
0 0.281006 0.416992 0.007324 0.019531
0 0.268555 0.412109 0.017578 0.035156
0 0.266357 0.421387 0.012207 0.020508
0 0.154297 0.402832 0.010742 0.012695
0 0.072754 0.411621 0.038086 0.018555
0 0.209473 0.470215 0.135742 0.188477
0 0.384033 0.475098 0.131348 0.204102