1 0.181641 0.406738 0.005859 0.036133
1 0.187256 0.410156 0.007324 0.056641
1 0.194336 0.411133 0.017578 0.085938
1 0.200928 0.431641 0.007324 0.021484
1 0.222412 0.421387 0.009277 0.053711
1 0.209473 0.413086 0.013672 0.072266
1 0.265137 0.416992 0.015625 0.085938
1 0.414551 0.408203 0.004883 0.023438
1 0.412109 0.415039 0.009766 0.025391
1 0.437256 0.427734 0.011230 0.052734
1 0.165039 0.456055 0.065430 0.158203
1 0.118408 0.428223 0.016113 0.036133
1 0.098389 0.439453 0.062012 0.123047
1 0.033447 0.450195 0.055176 0.181641
1 0.161133 0.521973 0.074219 0.291992
1 0.448975 0.415039 0.009277 0.023438
1 0.470947 0.414551 0.011230 0.012695
1 0.874268 0.472656 0.030762 0.269531
1 0.846924 0.475586 0.044434 0.271484
1 0.889404 0.487793 0.045410 0.266602
1 0.916260 0.485840 0.065918 0.276367
0 0.399658 0.434082 0.074707 0.069336
0 0.307861 0.440430 0.039551 0.089844
0 0.338135 0.451172 0.079590 0.113281
0 0.462402 0.444336 0.046875 0.058594
0 0.535889 0.425781 0.104980 0.166016
0 0.677979 0.471191 0.052246 0.090820
0 0.647217 0.479980 0.070801 0.096680
0 0.623047 0.474121 0.068359 0.120117