1 0.528564 0.407715 0.004395 0.004883
1 0.535645 0.408203 0.010742 0.017578
1 0.400879 0.497559 0.072266 0.331055
1 0.625488 0.447266 0.020508 0.105469
1 0.597168 0.432129 0.014648 0.075195
1 0.607666 0.440430 0.017090 0.091797
1 0.459717 0.402832 0.003418 0.020508
1 0.498779 0.501953 0.078613 0.294922
0 0.329346 0.431641 0.013184 0.037109
0 0.321533 0.434082 0.014160 0.043945
0 0.302734 0.433105 0.033203 0.051758
0 0.360107 0.409180 0.051270 0.119141
0 0.521484 0.415039 0.018555 0.009766
0 0.466309 0.406738 0.010742 0.014648
0 0.436279 0.415527 0.013184 0.020508
0 0.425049 0.419434 0.012207 0.020508
0 0.416748 0.422852 0.005371 0.021484
0 0.535400 0.447754 0.037598 0.063477
0 0.476807 0.424316 0.032715 0.049805
0 0.480957 0.424805 0.025391 0.050781
0 0.479492 0.434570 0.016602 0.041016
0 0.481445 0.437012 0.010742 0.040039