1 0.833740 0.436035 0.014160 0.061523
1 0.844482 0.446289 0.006348 0.031250
1 0.053955 0.493164 0.023926 0.125000
1 0.370361 0.443848 0.012207 0.040039
1 0.159424 0.486328 0.020020 0.101562
1 0.038086 0.495605 0.025391 0.135742
1 0.227051 0.478027 0.021484 0.084961
0 0.533447 0.454102 0.025879 0.037109
0 0.755371 0.446777 0.019531 0.041992
0 0.739746 0.451172 0.030273 0.041016
0 0.773438 0.451660 0.024414 0.047852
0 0.704590 0.447754 0.028320 0.040039
0 0.520752 0.456055 0.010254 0.039062
0 0.472168 0.456055 0.035156 0.046875
0 0.437012 0.458984 0.037109 0.052734
0 0.501221 0.458984 0.041504 0.050781
0 0.398438 0.462891 0.048828 0.052734
0 0.013672 0.528809 0.021484 0.157227
0 0.318848 0.480957 0.109375 0.131836
0 0.676270 0.446289 0.032227 0.050781
0 0.643311 0.455566 0.045410 0.061523
0 0.601562 0.451660 0.028320 0.024414