1 0.435059 0.353516 0.006836 0.054688
1 0.429443 0.358887 0.010254 0.059570
1 0.294678 0.356934 0.015137 0.038086
1 0.274902 0.347656 0.012695 0.019531
1 0.210938 0.378418 0.017578 0.084961
1 0.192627 0.377930 0.018066 0.060547
1 0.107910 0.376953 0.022461 0.121094
1 0.038330 0.426270 0.039551 0.219727
1 0.077881 0.365723 0.046387 0.165039
1 0.146729 0.499512 0.099121 0.450195
1 0.254639 0.504395 0.089355 0.416992
1 0.332520 0.478516 0.088867 0.404297
0 0.429688 0.357910 0.027344 0.041992
0 0.412109 0.361816 0.030273 0.040039
0 0.397949 0.359863 0.027344 0.045898
0 0.359375 0.354004 0.013672 0.022461
0 0.306152 0.343750 0.033203 0.078125
0 0.289062 0.406738 0.043945 0.100586