1 0.661865 0.439453 0.017090 0.167969
1 0.073486 0.439453 0.005371 0.029297
1 0.081055 0.437988 0.007812 0.028320
1 0.094727 0.437500 0.006836 0.031250
1 0.165039 0.416504 0.005859 0.006836
1 0.219482 0.438477 0.010254 0.058594
1 0.226562 0.438477 0.014648 0.058594
1 0.533203 0.439941 0.017578 0.110352
1 0.515869 0.438477 0.020996 0.117188
1 0.647217 0.444336 0.034668 0.167969
1 0.361816 0.446777 0.010742 0.096680
1 0.866699 0.438477 0.047852 0.228516
1 0.897461 0.407715 0.018555 0.127930
1 0.912842 0.410156 0.033691 0.148438
1 0.937256 0.439941 0.020020 0.065430
1 0.281738 0.443848 0.009766 0.075195
0 0.117432 0.453613 0.046387 0.077148
0 0.149902 0.464844 0.057617 0.074219
0 0.165283 0.464355 0.066895 0.088867