1 0.351074 0.422363 0.007812 0.014648
1 0.674316 0.412598 0.015625 0.118164
1 0.685791 0.405762 0.015137 0.127930
1 0.730713 0.418945 0.031738 0.175781
1 0.465820 0.425781 0.009766 0.037109
0 0.408203 0.416992 0.050781 0.046875
0 0.412109 0.422363 0.029297 0.045898
0 0.376221 0.432617 0.082520 0.054688
0 0.332275 0.444824 0.006348 0.038086
0 0.294678 0.438477 0.073730 0.083984
0 0.283691 0.436035 0.054688 0.061523
0 0.244629 0.451660 0.043945 0.104492
0 0.184326 0.455566 0.100098 0.125977
0 0.105469 0.465332 0.122070 0.120117
0 0.485352 0.431152 0.016602 0.032227
0 0.500488 0.427734 0.020508 0.035156
0 0.512939 0.426270 0.014160 0.036133
0 0.531982 0.423828 0.028809 0.041016
0 0.547852 0.423340 0.032227 0.041992
0 0.037598 0.487793 0.069336 0.170898
0 0.570801 0.423828 0.047852 0.042969
0 0.020752 0.523926 0.035645 0.106445
0 0.206543 0.478516 0.043945 0.080078