1 0.989258 0.312988 0.011719 0.057617
1 0.872314 0.370605 0.003418 0.053711
1 0.861328 0.374023 0.006836 0.050781
1 0.917236 0.362793 0.014160 0.092773
1 0.149414 0.421875 0.011719 0.072266
1 0.506836 0.400391 0.008789 0.039062
0 0.412109 0.406250 0.035156 0.042969
0 0.496094 0.404297 0.019531 0.033203
0 0.721680 0.370117 0.014648 0.019531
0 0.713379 0.368652 0.025391 0.022461
0 0.485596 0.405762 0.020996 0.036133
0 0.472168 0.403809 0.030273 0.034180
0 0.441162 0.407227 0.038574 0.042969
0 0.263184 0.405762 0.237305 0.188477
0 0.616699 0.526855 0.232422 0.372070