1 0.589600 0.443848 0.013184 0.083008
1 0.598145 0.442871 0.011719 0.090820
1 0.562988 0.438477 0.005859 0.083984
1 0.569336 0.436035 0.015625 0.096680
1 0.554199 0.438477 0.013672 0.083984
1 0.529785 0.436523 0.014648 0.083984
1 0.341309 0.433105 0.005859 0.040039
1 0.335693 0.436035 0.009277 0.032227
1 0.456787 0.437988 0.009277 0.063477
0 0.253662 0.414062 0.009277 0.013672
0 0.207275 0.420898 0.023926 0.052734
0 0.207520 0.436035 0.011719 0.034180
0 0.262207 0.409180 0.008789 0.013672
0 0.239258 0.421875 0.010742 0.015625
0 0.232910 0.426270 0.006836 0.014648
0 0.221924 0.437500 0.025879 0.037109
0 0.034424 0.444824 0.062988 0.225586
0 0.268799 0.431641 0.021973 0.033203
0 0.274170 0.435059 0.014160 0.028320
0 0.277344 0.436523 0.013672 0.025391
0 0.283203 0.437500 0.012695 0.027344
0 0.291992 0.439453 0.014648 0.027344
0 0.305908 0.437988 0.020020 0.034180
0 0.317383 0.439941 0.024414 0.032227