1 0.497070 0.531738 0.029297 0.153320
1 0.519043 0.553711 0.021484 0.109375
1 0.316895 0.433594 0.007812 0.029297
1 0.293457 0.491211 0.020508 0.062500
0 0.255127 0.418457 0.000488 0.000977
0 0.247559 0.414551 0.015625 0.022461
0 0.246094 0.438477 0.023438 0.033203
0 0.238281 0.503418 0.041016 0.059570
0 0.134033 0.429199 0.000488 0.000977
0 0.148926 0.447266 0.020508 0.041016
0 0.140381 0.451172 0.030762 0.044922
0 0.114502 0.517578 0.000488 0.001953
0 0.117920 0.476074 0.028809 0.061523
0 0.113770 0.484375 0.034180 0.056641
0 0.108154 0.493652 0.022949 0.057617
0 0.084229 0.500977 0.047363 0.072266
0 0.299316 0.448730 0.024414 0.036133
0 0.308105 0.456543 0.023438 0.028320
0 0.314697 0.470703 0.026855 0.044922
0 0.323242 0.488281 0.031250 0.052734
0 0.354248 0.518066 0.046387 0.069336