1 0.641846 0.443848 0.002441 0.030273
1 0.667725 0.435547 0.014160 0.023438
1 0.678711 0.432129 0.008789 0.012695
1 0.711426 0.463867 0.017578 0.068359
1 0.701660 0.459961 0.026367 0.078125
1 0.648682 0.443848 0.016113 0.118164
1 0.625732 0.450684 0.008301 0.053711
1 0.620605 0.447754 0.007812 0.047852
1 0.547119 0.445312 0.024902 0.105469
1 0.633545 0.442383 0.024902 0.121094
1 0.561035 0.449707 0.032227 0.118164
1 0.593262 0.412598 0.018555 0.057617
1 0.450195 0.449219 0.015625 0.091797
1 0.368164 0.431152 0.012695 0.100586
1 0.347168 0.380859 0.006836 0.013672
1 0.357178 0.432129 0.014160 0.125977
1 0.383545 0.442871 0.021973 0.133789
1 0.307129 0.427734 0.015625 0.099609
1 0.297607 0.430664 0.011230 0.093750
1 0.230225 0.402832 0.009277 0.038086
1 0.255371 0.403809 0.011719 0.041992
1 0.275146 0.468262 0.046387 0.227539
1 0.345215 0.469727 0.048828 0.228516
1 0.433350 0.466797 0.026855 0.195312
1 0.411377 0.465820 0.050293 0.214844
1 0.015381 0.399414 0.011230 0.035156
1 0.034912 0.425781 0.020996 0.083984
1 0.099121 0.388672 0.006836 0.019531
1 0.113770 0.415527 0.006836 0.055664
1 0.158447 0.387695 0.005371 0.003906
1 0.144531 0.386230 0.004883 0.004883
1 0.122314 0.408691 0.015137 0.055664
1 0.107178 0.420410 0.014160 0.084961
1 0.091553 0.444824 0.023926 0.137695
1 0.056641 0.437988 0.021484 0.155273
0 0.169678 0.465820 0.110840 0.154297