0 0.428467 0.455078 0.013184 0.046875
0 0.433105 0.458008 0.015625 0.054688
0 0.446045 0.458008 0.023926 0.058594
0 0.455322 0.459961 0.017090 0.062500
0 0.463623 0.463379 0.020020 0.069336
0 0.487549 0.463867 0.050293 0.087891
0 0.501221 0.471680 0.037598 0.085938
0 0.529541 0.476074 0.054199 0.100586
0 0.572510 0.480957 0.074707 0.129883
0 0.642822 0.489746 0.131348 0.166992
0 0.767578 0.519531 0.194336 0.226562
0 0.898438 0.573242 0.198242 0.386719
0 0.346191 0.454590 0.028320 0.045898
0 0.294678 0.459473 0.039551 0.059570