1 0.737061 0.396973 0.013184 0.022461
0 0.456299 0.446777 0.012207 0.038086
0 0.375488 0.463379 0.025391 0.083008
0 0.413086 0.476074 0.094727 0.127930
0 0.330811 0.462402 0.064941 0.125977
0 0.296387 0.473633 0.079102 0.138672
0 0.257080 0.491211 0.078613 0.156250
0 0.169678 0.504395 0.131348 0.229492
0 0.079346 0.497559 0.107910 0.278320
0 0.068359 0.661133 0.130859 0.667969
0 0.534668 0.450684 0.010742 0.036133
0 0.544678 0.455078 0.018066 0.052734
0 0.544922 0.457031 0.019531 0.048828
0 0.547852 0.461426 0.013672 0.051758
0 0.558594 0.450195 0.021484 0.041016
0 0.570557 0.442383 0.012207 0.031250
0 0.598633 0.481445 0.065430 0.113281
0 0.641846 0.512207 0.073730 0.194336
0 0.715820 0.548828 0.171875 0.283203
0 0.864502 0.657227 0.266113 0.562500
0 0.505127 0.450195 0.023926 0.033203