1 0.744629 0.433105 0.026367 0.133789
1 0.777100 0.436035 0.027832 0.129883
0 0.146484 0.457520 0.147461 0.155273
0 0.284180 0.440918 0.083008 0.112305
0 0.343506 0.438477 0.052246 0.091797
0 0.376953 0.425781 0.026367 0.056641
0 0.692871 0.397949 0.008789 0.016602
0 0.669434 0.386230 0.014648 0.010742
0 0.684082 0.397949 0.008789 0.018555
0 0.436523 0.429688 0.025391 0.064453
0 0.674561 0.397461 0.013184 0.023438
0 0.663818 0.401855 0.013184 0.020508
0 0.651611 0.404297 0.017090 0.021484
0 0.619385 0.393555 0.021973 0.017578
0 0.628662 0.407227 0.020020 0.023438
0 0.598389 0.408691 0.020996 0.024414
0 0.565674 0.416504 0.012207 0.028320
0 0.557617 0.417480 0.017578 0.030273
0 0.402100 0.430664 0.059082 0.072266
0 0.549805 0.419922 0.016602 0.031250
0 0.538330 0.420898 0.024902 0.033203