1 0.312500 0.375977 0.004883 0.033203
1 0.257324 0.370117 0.004883 0.005859
1 0.368896 0.386719 0.009277 0.044922
1 0.360352 0.378418 0.008789 0.028320
1 0.282715 0.385254 0.009766 0.055664
1 0.180908 0.383789 0.011230 0.058594
1 0.188477 0.393066 0.010742 0.071289
1 0.172607 0.394043 0.011230 0.069336
1 0.059814 0.349121 0.010254 0.032227
1 0.105713 0.397461 0.019043 0.089844
1 0.138672 0.398438 0.013672 0.089844
1 0.124268 0.396484 0.019043 0.101562
1 0.095459 0.363770 0.009277 0.057617
1 0.072754 0.364746 0.008789 0.061523
1 0.084229 0.386719 0.020996 0.083984
1 0.567871 0.404785 0.016602 0.077148
1 0.591797 0.414551 0.017578 0.106445
1 0.778076 0.457031 0.029785 0.126953
1 0.698730 0.426758 0.024414 0.138672
1 0.788818 0.448730 0.034668 0.206055
1 0.983887 0.490723 0.027344 0.206055
1 0.968262 0.508789 0.041992 0.191406
1 0.046387 0.415527 0.034180 0.182617
1 0.219482 0.380859 0.013184 0.054688
1 0.266602 0.388184 0.007812 0.036133
1 0.216309 0.380859 0.016602 0.056641
0 0.343994 0.417969 0.053223 0.078125
0 0.020508 0.375977 0.035156 0.076172
0 0.395264 0.419922 0.020020 0.082031
0 0.427002 0.424805 0.067871 0.107422