1 0.594238 0.397461 0.013672 0.041016
1 0.476562 0.438477 0.004883 0.021484
1 0.462891 0.439941 0.004883 0.018555
1 0.467041 0.437988 0.006348 0.022461
1 0.406494 0.422852 0.011230 0.054688
0 0.689697 0.412109 0.054199 0.041016
0 0.517822 0.419922 0.014160 0.056641
0 0.533936 0.425781 0.019043 0.082031
0 0.562500 0.428711 0.063477 0.097656
0 0.836182 0.412598 0.219238 0.286133
0 0.833008 0.474609 0.149414 0.312500
0 0.919678 0.481934 0.155762 0.411133
0 0.342041 0.377441 0.027832 0.012695
0 0.284912 0.427246 0.094238 0.139648
0 0.354004 0.451172 0.103516 0.144531
0 0.152100 0.468750 0.175293 0.191406