0 0.897949 0.352539 0.022461 0.035156
0 0.570068 0.327637 0.006348 0.020508
0 0.561279 0.330078 0.012207 0.023438
0 0.562744 0.335449 0.014160 0.022461
0 0.549072 0.336426 0.011230 0.022461
0 0.532227 0.332031 0.031250 0.023438
0 0.533936 0.339355 0.019043 0.020508
0 0.523926 0.344238 0.025391 0.030273
0 0.512939 0.345215 0.020996 0.034180
0 0.500000 0.350098 0.047852 0.030273
0 0.609375 0.321289 0.008789 0.015625
0 0.633301 0.333984 0.028320 0.023438
0 0.633057 0.345215 0.018066 0.030273
0 0.592285 0.351074 0.027344 0.045898
0 0.652344 0.345215 0.036133 0.032227
0 0.989990 0.344727 0.015137 0.039062
0 0.657715 0.401367 0.054688 0.082031
0 0.572266 0.325195 0.005859 0.015625
0 0.571533 0.328613 0.004395 0.014648