1 0.344238 0.393555 0.006836 0.035156
1 0.254150 0.404297 0.012207 0.054688
1 0.239502 0.384766 0.004395 0.041016
1 0.249023 0.395996 0.019531 0.079102
1 0.185303 0.422363 0.041504 0.063477
1 0.285400 0.394043 0.011230 0.065430
1 0.274902 0.378418 0.015625 0.045898
1 0.472656 0.416016 0.024414 0.150391
0 0.275635 0.408203 0.011230 0.021484
0 0.264893 0.412109 0.016113 0.029297
0 0.448975 0.377930 0.017090 0.015625
0 0.158936 0.418457 0.045410 0.065430
0 0.129639 0.424805 0.042480 0.062500
0 0.082031 0.429199 0.054688 0.073242
0 0.031006 0.436523 0.056152 0.070312
0 0.644043 0.399414 0.026367 0.068359
0 0.563721 0.432617 0.168457 0.332031
0 0.949951 0.478027 0.095215 0.299805