1 0.395508 0.392090 0.003906 0.008789
0 0.566650 0.407715 0.022949 0.040039
0 0.425537 0.414551 0.019043 0.036133
0 0.409180 0.417480 0.025391 0.045898
0 0.394287 0.420898 0.028809 0.046875
0 0.392090 0.429199 0.015625 0.041992
0 0.371826 0.429199 0.034668 0.079102
0 0.349365 0.404297 0.041504 0.029297
0 0.096924 0.409668 0.034668 0.034180
0 0.352783 0.444336 0.043457 0.087891
0 0.674561 0.391113 0.090332 0.069336
0 0.631836 0.433594 0.009766 0.031250
0 0.674805 0.414551 0.083008 0.090820
0 0.695312 0.438477 0.104492 0.144531
0 0.738770 0.443848 0.110352 0.157227
0 0.764648 0.449707 0.083984 0.168945
0 0.869873 0.441895 0.184082 0.208008
0 0.896729 0.471680 0.201660 0.289062
0 0.051270 0.489258 0.096680 0.267578
0 0.197510 0.495605 0.288574 0.403320