1 0.597900 0.391602 0.008301 0.019531
1 0.838379 0.398438 0.022461 0.105469
1 0.855957 0.394531 0.019531 0.109375
0 0.571289 0.386230 0.013672 0.014648
0 0.563721 0.403809 0.019043 0.028320
0 0.580078 0.405762 0.024414 0.030273
0 0.655518 0.418945 0.050293 0.074219
0 0.722168 0.428711 0.083984 0.119141
0 0.944336 0.543945 0.106445 0.341797
0 0.527832 0.395996 0.019531 0.024414
0 0.512207 0.399414 0.025391 0.021484
0 0.367188 0.415527 0.007812 0.032227
0 0.333984 0.421387 0.041016 0.041992
0 0.287842 0.426270 0.039551 0.047852
0 0.242676 0.430664 0.039062 0.050781
0 0.216797 0.433105 0.027344 0.051758
0 0.196045 0.437012 0.035645 0.065430