1 0.459717 0.429688 0.012207 0.064453
1 0.493652 0.433105 0.008789 0.038086
1 0.867676 0.411133 0.029297 0.130859
0 0.433105 0.429199 0.025391 0.045898
0 0.428955 0.448242 0.025879 0.037109
0 0.412598 0.438477 0.032227 0.066406
0 0.402588 0.447754 0.029785 0.057617
0 0.370117 0.427246 0.065430 0.069336
0 0.374756 0.441406 0.029785 0.068359
0 0.356689 0.427734 0.024902 0.042969
0 0.347656 0.451660 0.045898 0.100586
0 0.272461 0.429688 0.125977 0.119141
0 0.323486 0.462891 0.014160 0.074219
0 0.250244 0.467285 0.149902 0.176758
0 0.180908 0.482422 0.146973 0.195312
0 0.075195 0.461914 0.144531 0.310547
0 0.010498 0.588867 0.015137 0.103516
0 0.511719 0.440430 0.014648 0.021484