1 0.531250 0.418945 0.003906 0.023438
1 0.718994 0.397461 0.008301 0.011719
1 0.682373 0.394043 0.010254 0.022461
1 0.734619 0.393555 0.010254 0.019531
1 0.512695 0.424805 0.006836 0.025391
0 0.541748 0.426270 0.016113 0.026367
0 0.610107 0.416992 0.005371 0.015625
0 0.602051 0.418457 0.015625 0.018555
0 0.622314 0.409668 0.006348 0.004883
0 0.628174 0.415039 0.009277 0.013672
0 0.618408 0.417969 0.013184 0.017578
0 0.659424 0.415527 0.038574 0.067383
0 0.316650 0.445801 0.089355 0.116211
0 0.113525 0.432617 0.032715 0.054688
0 0.090576 0.570312 0.175293 0.404297