0 0.309326 0.409180 0.009277 0.009766
0 0.228516 0.416992 0.011719 0.021484
0 0.176270 0.426270 0.017578 0.034180
0 0.170410 0.429199 0.011719 0.036133
0 0.152832 0.425293 0.028320 0.045898
0 0.142090 0.431641 0.031250 0.041016
0 0.036865 0.441895 0.020996 0.061523
0 0.019775 0.452637 0.033691 0.108398
0 0.008545 0.469727 0.011230 0.091797
0 0.295166 0.412109 0.018066 0.021484
0 0.316895 0.416016 0.007812 0.023438
0 0.317627 0.421387 0.008301 0.032227
0 0.332031 0.418457 0.028320 0.041992
0 0.362793 0.432129 0.019531 0.077148
0 0.375244 0.437500 0.032715 0.101562
0 0.417480 0.440430 0.080078 0.125000