1 0.034912 0.440430 0.017090 0.078125
1 0.791504 0.419434 0.037109 0.204102
0 0.171387 0.414551 0.031250 0.028320
0 0.268066 0.404297 0.022461 0.009766
0 0.340088 0.420898 0.015137 0.029297
0 0.625488 0.391602 0.012695 0.037109
0 0.324219 0.422363 0.026367 0.038086
0 0.846191 0.382812 0.010742 0.023438
0 0.109863 0.456055 0.100586 0.105469
0 0.433594 0.427734 0.050781 0.083984
0 0.543701 0.413086 0.028809 0.044922
0 0.591797 0.414551 0.021484 0.081055
0 0.829590 0.383301 0.007812 0.022461
0 0.761475 0.422852 0.146973 0.203125