0 0.495850 0.388184 0.004395 0.010742
0 0.488770 0.384277 0.009766 0.014648
0 0.479736 0.383301 0.007324 0.004883
0 0.474365 0.390625 0.006348 0.009766
0 0.453857 0.391113 0.017090 0.026367
0 0.467529 0.401855 0.015137 0.026367
0 0.481934 0.396484 0.013672 0.021484
0 0.457764 0.407227 0.023926 0.027344
0 0.564453 0.391602 0.013672 0.029297
0 0.573242 0.400391 0.023438 0.044922
0 0.578125 0.404297 0.014648 0.041016
0 0.593262 0.407227 0.029297 0.052734
0 0.611816 0.413086 0.012695 0.076172
0 0.636719 0.413086 0.050781 0.103516
0 0.697754 0.429688 0.089844 0.119141
0 0.892334 0.448730 0.210449 0.194336
0 0.525879 0.432129 0.086914 0.141602
0 0.439209 0.400391 0.005371 0.019531
0 0.429199 0.400391 0.017578 0.033203
0 0.425537 0.403320 0.014160 0.023438
0 0.416260 0.408203 0.011230 0.029297
0 0.406250 0.407715 0.017578 0.034180
0 0.386475 0.408691 0.027832 0.045898
0 0.374756 0.415039 0.022949 0.042969
0 0.349121 0.420898 0.021484 0.050781
0 0.329346 0.420410 0.028809 0.053711
0 0.312256 0.424316 0.022949 0.067383
0 0.265625 0.409180 0.074219 0.123047