1 0.609863 0.376465 0.008789 0.040039
1 0.578857 0.365723 0.008301 0.010742
0 0.494629 0.371582 0.008789 0.014648
0 0.478027 0.373535 0.007812 0.010742
0 0.467773 0.372559 0.009766 0.014648
0 0.453125 0.373535 0.012695 0.016602
0 0.391602 0.380859 0.003906 0.017578
0 0.382324 0.381348 0.017578 0.026367
0 0.361328 0.385254 0.018555 0.032227
0 0.352783 0.387695 0.013184 0.031250
0 0.341064 0.384277 0.020020 0.026367
0 0.280762 0.425293 0.157227 0.104492
0 0.532715 0.365723 0.008789 0.006836
0 0.536133 0.376465 0.014648 0.020508
0 0.535156 0.391602 0.012695 0.042969
0 0.554932 0.392578 0.035645 0.058594
0 0.560303 0.396973 0.027832 0.061523
0 0.581787 0.401855 0.046387 0.067383
0 0.907959 0.414062 0.140137 0.138672