1 0.695068 0.425781 0.023926 0.097656
1 0.790771 0.477051 0.049316 0.264648
1 0.980225 0.412598 0.034668 0.174805
0 0.438965 0.429199 0.012695 0.069336
0 0.406738 0.416992 0.055664 0.111328
0 0.475586 0.415039 0.013672 0.041016
0 0.523926 0.407715 0.007812 0.014648
0 0.518799 0.409180 0.008301 0.015625
0 0.260010 0.465332 0.147949 0.174805
0 0.567627 0.411133 0.017090 0.031250
0 0.567139 0.412109 0.012207 0.029297
0 0.572021 0.416016 0.014160 0.029297
0 0.593262 0.414062 0.023438 0.056641
0 0.612061 0.421875 0.039551 0.056641
0 0.968018 0.593750 0.059082 0.244141