1 0.121826 0.363281 0.009277 0.033203
1 0.102539 0.399414 0.018555 0.109375
0 0.383301 0.385742 0.080078 0.103516
0 0.467041 0.375977 0.008301 0.023438
0 0.893555 0.366699 0.015625 0.022461
0 0.906738 0.366211 0.013672 0.019531
0 0.839355 0.403809 0.084961 0.102539
0 0.963867 0.351074 0.012695 0.028320
0 0.936523 0.363281 0.010742 0.027344
0 0.950195 0.368164 0.033203 0.031250
0 0.922852 0.362305 0.026367 0.027344
0 0.732910 0.362305 0.049805 0.037109
0 0.770020 0.471191 0.183594 0.225586
0 0.705566 0.389648 0.010742 0.027344
0 0.665283 0.408691 0.047363 0.071289
0 0.611816 0.388184 0.048828 0.043945
0 0.543701 0.388184 0.050293 0.051758
0 0.552979 0.419434 0.061035 0.094727
0 0.442871 0.380371 0.011719 0.026367
0 0.434326 0.379395 0.016113 0.030273
0 0.178711 0.380859 0.135742 0.158203
0 0.029297 0.424316 0.052734 0.112305
0 0.235107 0.419922 0.093262 0.103516
0 0.429199 0.395020 0.014648 0.061523