1 0.321533 0.415039 0.009277 0.042969
1 0.316406 0.414551 0.007812 0.036133
1 0.561523 0.382324 0.007812 0.040039
1 0.799561 0.369629 0.005371 0.028320
1 0.566650 0.381836 0.005371 0.041016
0 0.865723 0.361816 0.004883 0.032227
0 0.172119 0.411133 0.029785 0.035156
0 0.258057 0.408691 0.023926 0.040039
0 0.363281 0.395996 0.028320 0.032227
0 0.277100 0.412598 0.031738 0.040039
0 0.385010 0.390137 0.018066 0.022461
0 0.391846 0.396484 0.029785 0.027344
0 0.426270 0.395508 0.012695 0.027344
0 0.532959 0.388672 0.034668 0.035156
0 0.458252 0.380371 0.025879 0.059570
0 0.699219 0.402344 0.055664 0.082031
0 0.758789 0.374512 0.057617 0.041992
0 0.906250 0.359375 0.026367 0.035156
0 0.243652 0.416016 0.005859 0.023438