1 0.565186 0.448730 0.035645 0.125977
0 0.420898 0.425781 0.007812 0.011719
0 0.448730 0.427734 0.006836 0.021484
0 0.428955 0.429199 0.010254 0.020508
0 0.437500 0.438477 0.022461 0.035156
0 0.497070 0.436523 0.030273 0.044922
0 0.411865 0.428711 0.012207 0.023438
0 0.391602 0.428223 0.019531 0.018555
0 0.407227 0.436035 0.016602 0.028320
0 0.367432 0.428711 0.032715 0.056641
0 0.349854 0.433105 0.035645 0.059570
0 0.323486 0.415039 0.042480 0.035156
0 0.296143 0.408203 0.018066 0.023438
0 0.335938 0.452148 0.057617 0.066406
0 0.200684 0.463867 0.118164 0.175781
0 0.156982 0.483398 0.172363 0.207031
0 0.153564 0.549316 0.105957 0.170898
0 0.070312 0.528320 0.134766 0.328125