1 0.037598 0.392090 0.016602 0.098633
1 0.023193 0.392090 0.013184 0.102539
1 0.595703 0.395996 0.012695 0.110352
1 0.607422 0.393555 0.019531 0.115234
1 0.645996 0.392090 0.016602 0.116211
1 0.655029 0.396973 0.015137 0.110352
0 0.434570 0.359375 0.003906 0.023438
0 0.417236 0.346191 0.000488 0.000977
0 0.405029 0.354980 0.009277 0.010742
0 0.424805 0.356445 0.018555 0.025391
0 0.356445 0.378906 0.025391 0.056641
0 0.373047 0.358887 0.018555 0.018555
0 0.388916 0.370605 0.029785 0.041992
0 0.416992 0.373047 0.034180 0.048828
0 0.444824 0.359375 0.024414 0.046875
0 0.295654 0.386230 0.022949 0.063477
0 0.167236 0.388672 0.082520 0.062500
0 0.516357 0.374023 0.085449 0.078125
0 0.598633 0.342773 0.006836 0.013672
0 0.616211 0.349609 0.006836 0.023438
0 0.625488 0.346680 0.014648 0.031250
0 0.634521 0.348633 0.017090 0.033203
0 0.650391 0.340820 0.009766 0.015625
0 0.669189 0.340332 0.029785 0.038086
0 0.677002 0.363281 0.029785 0.042969
0 0.977051 0.416504 0.041016 0.143555