0 0.507080 0.391113 0.010254 0.012695
0 0.518555 0.388672 0.012695 0.015625
0 0.551514 0.387207 0.008301 0.012695
0 0.457031 0.396484 0.008789 0.025391
0 0.450928 0.397461 0.012207 0.025391
0 0.436523 0.396973 0.007812 0.026367
0 0.372070 0.409180 0.027344 0.050781
0 0.355469 0.416016 0.023438 0.052734
0 0.325684 0.411133 0.042969 0.074219
0 0.297363 0.422852 0.056641 0.072266
0 0.565918 0.390625 0.012695 0.027344
0 0.568359 0.395020 0.009766 0.036133
0 0.572021 0.397461 0.009277 0.041016
0 0.577881 0.398438 0.011230 0.044922
0 0.590820 0.401855 0.025391 0.051758
0 0.621826 0.402344 0.052246 0.082031
0 0.876221 0.401367 0.117676 0.113281
0 0.738770 0.412598 0.163086 0.133789
0 0.533691 0.388672 0.020508 0.023438