0 0.474609 0.444824 0.008789 0.024414
0 0.479248 0.446777 0.016113 0.026367
0 0.494141 0.449219 0.011719 0.031250
0 0.506104 0.448730 0.022949 0.032227
0 0.541016 0.446777 0.032227 0.043945
0 0.427979 0.441895 0.010254 0.018555
0 0.455811 0.447754 0.008301 0.024414
0 0.442139 0.446777 0.021973 0.036133
0 0.332764 0.437500 0.005371 0.013672
0 0.338135 0.438965 0.010254 0.012695
0 0.326660 0.438965 0.012695 0.018555
0 0.321533 0.442383 0.012207 0.019531
0 0.314697 0.444336 0.007324 0.015625
0 0.272705 0.450195 0.022949 0.037109
0 0.247559 0.446777 0.022461 0.040039
0 0.237793 0.450195 0.023438 0.035156
0 0.222412 0.449707 0.013184 0.040039
0 0.169922 0.450684 0.018555 0.047852
0 0.195557 0.449219 0.048340 0.064453
0 0.085205 0.448242 0.016113 0.066406
0 0.045654 0.441406 0.064941 0.095703
0 0.026123 0.464355 0.046387 0.112305
0 0.299072 0.448242 0.028809 0.041016
0 0.119629 0.444336 0.079102 0.103516