1 0.289307 0.398438 0.003418 0.005859
0 0.347900 0.401855 0.004395 0.000977
0 0.355469 0.409668 0.011719 0.016602
0 0.345215 0.410156 0.012695 0.015625
0 0.299316 0.413086 0.008789 0.023438
0 0.298584 0.414551 0.006348 0.022461
0 0.292969 0.414551 0.009766 0.026367
0 0.283691 0.415527 0.016602 0.028320
0 0.160156 0.367188 0.047852 0.037109
0 0.159180 0.459473 0.251953 0.186523
0 0.403564 0.407715 0.016113 0.034180
0 0.568359 0.418457 0.024414 0.049805
0 0.489502 0.481445 0.181152 0.304688
0 0.606689 0.423340 0.050293 0.065430