1 0.226807 0.415039 0.014160 0.070312
0 0.417969 0.402344 0.008789 0.007812
0 0.354736 0.397949 0.011230 0.010742
0 0.364502 0.396973 0.013184 0.012695
0 0.426758 0.403320 0.011719 0.013672
0 0.384277 0.401855 0.010742 0.006836
0 0.511475 0.417480 0.031738 0.049805
0 0.291504 0.404297 0.003906 0.015625
0 0.240967 0.408203 0.043457 0.037109
0 0.551270 0.417969 0.024414 0.058594
0 0.604004 0.390625 0.006836 0.011719
0 0.620605 0.413574 0.035156 0.063477
0 0.582031 0.421387 0.052734 0.083008
0 0.664307 0.410645 0.061035 0.090820
0 0.765137 0.420410 0.111328 0.137695
0 0.990723 0.514648 0.013672 0.150391