1 0.315674 0.420410 0.008301 0.047852
1 0.313965 0.425781 0.010742 0.052734
1 0.118408 0.406250 0.012207 0.019531
0 0.608398 0.405273 0.025391 0.044922
0 0.667969 0.417480 0.038086 0.094727
0 0.705322 0.421387 0.074707 0.114258
0 0.759521 0.437988 0.074707 0.166992
0 0.849365 0.442383 0.152832 0.226562
0 0.503906 0.409668 0.021484 0.020508
0 0.508301 0.410156 0.008789 0.015625
0 0.467773 0.412109 0.017578 0.027344
0 0.414795 0.425293 0.021973 0.032227
0 0.399902 0.428711 0.007812 0.037109
0 0.098389 0.477051 0.104004 0.124023
0 0.027588 0.485352 0.049316 0.140625
0 0.554932 0.448730 0.111816 0.172852