1 0.988770 0.375977 0.014648 0.085938
1 0.368164 0.452637 0.059570 0.309570
1 0.973633 0.375488 0.017578 0.088867
0 0.704102 0.397461 0.010742 0.025391
0 0.748047 0.390137 0.017578 0.024414
0 0.764893 0.389648 0.019043 0.033203
0 0.770020 0.398926 0.024414 0.049805
0 0.807861 0.373535 0.013184 0.010742
0 0.818359 0.374023 0.010742 0.019531
0 0.825195 0.387207 0.022461 0.043945
0 0.839844 0.390625 0.040039 0.048828
0 0.798096 0.406738 0.046387 0.069336
0 0.724121 0.405762 0.039062 0.059570
0 0.577148 0.400879 0.021484 0.053711
0 0.581543 0.410645 0.007812 0.032227
0 0.571533 0.411621 0.017090 0.041992
0 0.562256 0.414062 0.023926 0.044922
0 0.549316 0.417480 0.031250 0.043945
0 0.539062 0.418945 0.025391 0.046875
0 0.515381 0.420898 0.031738 0.056641
0 0.476807 0.417969 0.057129 0.068359