1 0.562256 0.393555 0.006348 0.033203
1 0.760742 0.358887 0.013672 0.018555
1 0.749268 0.365723 0.005371 0.006836
1 0.478271 0.388672 0.004395 0.017578
0 0.579346 0.390625 0.007324 0.011719
0 0.615967 0.404785 0.027832 0.051758
0 0.626221 0.412109 0.032715 0.064453
0 0.658936 0.416016 0.049316 0.097656
0 0.687500 0.426270 0.056641 0.108398
0 0.746338 0.436523 0.103027 0.136719
0 0.531006 0.393066 0.004395 0.008789
0 0.535400 0.394531 0.009277 0.009766
0 0.524170 0.392090 0.010254 0.014648
0 0.514160 0.393555 0.010742 0.017578
0 0.502930 0.395508 0.013672 0.019531
0 0.468994 0.398438 0.007324 0.021484
0 0.452393 0.397461 0.025879 0.042969
0 0.435059 0.403320 0.006836 0.027344
0 0.424316 0.401367 0.017578 0.033203
0 0.416748 0.405273 0.011230 0.029297
0 0.408203 0.405273 0.014648 0.031250
0 0.392822 0.405273 0.022949 0.041016
0 0.376221 0.408203 0.021973 0.039062
0 0.355713 0.411621 0.029785 0.043945
0 0.323975 0.416992 0.029785 0.048828
0 0.231445 0.425781 0.041016 0.068359
0 0.267090 0.420898 0.059570 0.085938
0 0.055908 0.453613 0.105957 0.125977