1 0.373291 0.408691 0.008301 0.022461
1 0.380615 0.407715 0.006348 0.024414
0 0.332520 0.411133 0.034180 0.015625
0 0.251221 0.411133 0.044434 0.013672
0 0.509766 0.429688 0.006836 0.007812
0 0.518555 0.423828 0.015625 0.015625
0 0.567383 0.415527 0.049805 0.028320
0 0.634277 0.414551 0.004883 0.047852
0 0.680664 0.407715 0.079102 0.096680
0 0.671631 0.421875 0.019043 0.060547
0 0.692627 0.410156 0.029785 0.074219
0 0.696777 0.424316 0.005859 0.032227
0 0.730957 0.399414 0.067383 0.080078
0 0.733643 0.417480 0.012207 0.024414
0 0.859131 0.433105 0.249512 0.165039
0 0.803955 0.461914 0.311035 0.201172