0 0.323242 0.401855 0.007812 0.012695
0 0.470947 0.402832 0.022949 0.026367
0 0.337891 0.400879 0.013672 0.010742
0 0.340576 0.419922 0.015137 0.031250
0 0.330566 0.424316 0.021484 0.036133
0 0.146729 0.460449 0.038574 0.065430
0 0.502930 0.397949 0.025391 0.024414
0 0.532715 0.402344 0.021484 0.033203
0 0.508789 0.437500 0.049805 0.082031
0 0.575928 0.428711 0.035645 0.068359
0 0.594238 0.436523 0.057617 0.074219
0 0.673340 0.433105 0.060547 0.077148
0 0.744629 0.438965 0.089844 0.106445
0 0.860352 0.454102 0.150391 0.167969