0 0.141113 0.441895 0.042969 0.077148
0 0.579834 0.397461 0.001465 0.003906
0 0.585205 0.402344 0.005371 0.019531
0 0.592529 0.399902 0.010254 0.018555
0 0.594482 0.407715 0.000488 0.000977
0 0.602783 0.398926 0.008301 0.026367
0 0.617920 0.395996 0.021973 0.036133
0 0.625732 0.410645 0.001465 0.000977
0 0.635742 0.391113 0.017578 0.038086
0 0.647705 0.410645 0.003418 0.002930
0 0.677002 0.395020 0.016113 0.041992
0 0.513428 0.403809 0.012207 0.036133
0 0.559814 0.400879 0.024902 0.036133
0 0.581543 0.401855 0.005859 0.016602
0 0.585938 0.401367 0.008789 0.017578
0 0.592773 0.400391 0.008789 0.019531
0 0.598633 0.399414 0.008789 0.021484
0 0.603271 0.397949 0.008301 0.024414
0 0.616943 0.395508 0.021973 0.037109
0 0.625000 0.395508 0.013672 0.029297
0 0.640137 0.392578 0.025391 0.041016
0 0.645752 0.396484 0.007324 0.031250
0 0.671631 0.394531 0.025879 0.041016
0 0.475098 0.415527 0.083008 0.079102
0 0.335449 0.424316 0.112305 0.079102
0 0.067383 0.444824 0.128906 0.125977