0 0.566650 0.341309 0.003418 0.016602
0 0.576660 0.327148 0.018555 0.056641
0 0.587402 0.341309 0.023438 0.045898
0 0.725586 0.384766 0.058594 0.169922
0 0.534912 0.285645 0.005371 0.006836
0 0.483887 0.295410 0.005859 0.014648
0 0.471924 0.308105 0.007324 0.012695
0 0.467529 0.319824 0.009277 0.012695
0 0.546387 0.320312 0.008789 0.017578
0 0.554932 0.324707 0.011230 0.024414
0 0.557861 0.328613 0.006348 0.024414
0 0.561768 0.331055 0.005371 0.023438
0 0.401123 0.354492 0.030762 0.048828
0 0.372070 0.371582 0.035156 0.049805
0 0.331055 0.389160 0.047852 0.069336
0 0.241699 0.392578 0.044922 0.064453
0 0.222168 0.416992 0.083008 0.099609