0 0.566650 0.344727 0.006348 0.009766
0 0.540527 0.349121 0.008789 0.008789
0 0.548584 0.352051 0.007324 0.010742
0 0.553467 0.362305 0.014160 0.023438
0 0.558350 0.369629 0.017090 0.028320
0 0.565918 0.376953 0.019531 0.035156
0 0.578369 0.387695 0.024902 0.048828
0 0.598877 0.400391 0.042480 0.066406
0 0.370850 0.366211 0.020996 0.015625
0 0.420410 0.389160 0.015625 0.032227
0 0.404297 0.381348 0.023438 0.024414
0 0.391846 0.399902 0.051270 0.065430
0 0.375000 0.411621 0.028320 0.075195
0 0.527100 0.375488 0.026855 0.051758