0 0.263672 0.425293 0.009766 0.014648
0 0.237061 0.450195 0.051270 0.062500
0 0.140869 0.460938 0.059082 0.085938
0 0.063232 0.461914 0.110840 0.111328
0 0.281250 0.462891 0.064453 0.103516
0 0.414795 0.455566 0.048340 0.088867
0 0.339111 0.477539 0.118652 0.154297
0 0.528809 0.424805 0.015625 0.041016
0 0.522217 0.444824 0.019043 0.092773
0 0.480713 0.446777 0.085449 0.143555
0 0.592529 0.379395 0.048340 0.022461
0 0.643555 0.431641 0.017578 0.048828
0 0.693359 0.448730 0.060547 0.098633
0 0.596436 0.469238 0.101074 0.163086
0 0.790527 0.455078 0.146484 0.210938
0 0.918457 0.570312 0.158203 0.517578