0 0.416748 0.422852 0.019043 0.025391
0 0.439453 0.448730 0.046875 0.075195
0 0.328125 0.444336 0.033203 0.054688
0 0.295166 0.474121 0.065918 0.124023
0 0.249268 0.488281 0.067871 0.154297
0 0.116211 0.434570 0.216797 0.369141
0 0.025146 0.544922 0.044434 0.255859
0 0.375244 0.477051 0.097168 0.147461
0 0.560791 0.440918 0.015137 0.057617
0 0.578369 0.453613 0.024902 0.075195
0 0.604492 0.458008 0.053711 0.095703
0 0.645996 0.470703 0.066406 0.148438
0 0.679199 0.481934 0.073242 0.188477
0 0.742188 0.502441 0.125977 0.291992
0 0.872070 0.534180 0.250977 0.591797
0 0.510498 0.460449 0.071777 0.112305