1 0.197266 0.421387 0.013672 0.020508
0 0.264893 0.430664 0.030762 0.035156
0 0.230713 0.422852 0.018066 0.003906
0 0.014160 0.441895 0.022461 0.067383
0 0.436768 0.438965 0.007324 0.043945
0 0.420166 0.437988 0.027832 0.053711
0 0.416260 0.443359 0.015137 0.050781
0 0.472900 0.437988 0.014160 0.051758
0 0.513672 0.434570 0.027344 0.046875
0 0.364014 0.444336 0.029785 0.054688
0 0.331055 0.451172 0.045898 0.060547
0 0.395996 0.446289 0.040039 0.060547
0 0.453369 0.441406 0.041504 0.060547
0 0.562012 0.453125 0.072266 0.109375
0 0.660156 0.458496 0.144531 0.247070
0 0.906982 0.604004 0.181152 0.508789