0 0.557861 0.449707 0.029785 0.055664
0 0.557129 0.454102 0.021484 0.058594
0 0.569580 0.458008 0.026855 0.064453
0 0.594727 0.470215 0.056641 0.088867
0 0.444092 0.449707 0.041504 0.079102
0 0.448486 0.461914 0.021973 0.074219
0 0.432373 0.468750 0.027832 0.093750
0 0.390137 0.463867 0.081055 0.123047
0 0.390869 0.487305 0.068848 0.138672
0 0.357910 0.503906 0.065430 0.167969
0 0.260254 0.525879 0.201172 0.254883
0 0.108887 0.659180 0.211914 0.496094
0 0.639893 0.500000 0.071777 0.166016
0 0.684814 0.505371 0.105957 0.196289
0 0.758057 0.554688 0.164551 0.320312
0 0.879883 0.642578 0.235352 0.623047