1 0.432617 0.414062 0.005859 0.033203
1 0.427246 0.417480 0.005859 0.028320
1 0.418945 0.416504 0.005859 0.026367
1 0.412109 0.419434 0.008789 0.036133
1 0.403320 0.410156 0.005859 0.029297
1 0.386230 0.418457 0.008789 0.040039
1 0.325195 0.427734 0.004883 0.021484
1 0.312988 0.422852 0.005859 0.027344
1 0.305664 0.428711 0.008789 0.023438
1 0.575684 0.413086 0.008789 0.046875
1 0.585938 0.408691 0.004883 0.049805
1 0.593994 0.417969 0.015137 0.074219
1 0.601318 0.406250 0.007324 0.050781
0 0.217285 0.427246 0.031250 0.057617
0 0.495850 0.478027 0.116699 0.186523