1 0.334717 0.420410 0.013184 0.036133
0 0.596436 0.432129 0.042480 0.083008
0 0.612549 0.440918 0.054199 0.092773
0 0.674805 0.451660 0.094727 0.137695
0 0.449219 0.433594 0.028320 0.042969
0 0.429199 0.439941 0.030273 0.051758
0 0.410156 0.444336 0.025391 0.060547
0 0.399902 0.448730 0.023438 0.065430
0 0.387207 0.451660 0.036133 0.077148
0 0.358643 0.456055 0.057129 0.085938
0 0.301758 0.470703 0.085938 0.115234
0 0.237793 0.497559 0.126953 0.151367
0 0.079590 0.520996 0.153320 0.243164
0 0.015625 0.617188 0.025391 0.173828
0 0.776123 0.416016 0.102051 0.082031