1 0.140869 0.367676 0.027832 0.096680
0 0.439453 0.437500 0.018555 0.064453
0 0.427002 0.439941 0.013184 0.081055
0 0.395752 0.429688 0.053223 0.117188
0 0.348877 0.440918 0.082520 0.133789
0 0.544189 0.430176 0.016113 0.032227
0 0.551758 0.440918 0.023438 0.049805
0 0.574219 0.443848 0.039062 0.067383
0 0.602539 0.453613 0.057617 0.094727
0 0.598877 0.462402 0.024902 0.090820
0 0.610840 0.460938 0.035156 0.093750
0 0.633301 0.461426 0.041016 0.118164
0 0.678223 0.470703 0.099609 0.171875
0 0.798096 0.543457 0.291504 0.317383
0 0.961182 0.534180 0.072754 0.494141