0 0.538818 0.441406 0.020996 0.037109
0 0.555420 0.425293 0.032715 0.053711
0 0.564209 0.446289 0.029785 0.037109
0 0.590332 0.422363 0.050781 0.067383
0 0.602295 0.426758 0.052246 0.062500
0 0.607178 0.433105 0.042480 0.065430
0 0.656982 0.432617 0.072754 0.082031
0 0.691406 0.440430 0.088867 0.068359
0 0.291016 0.422852 0.020508 0.013672
0 0.319336 0.460449 0.022461 0.067383
0 0.306641 0.468262 0.035156 0.083008
0 0.266602 0.479004 0.075195 0.106445
0 0.420166 0.445801 0.032715 0.047852
0 0.470215 0.449219 0.071289 0.132812
0 0.123047 0.507812 0.177734 0.226562