1 0.097900 0.427734 0.007324 0.041016
1 0.128418 0.429199 0.007812 0.041992
1 0.224609 0.437500 0.010742 0.076172
1 0.213867 0.442871 0.015625 0.061523
1 0.144287 0.432617 0.010254 0.046875
1 0.102783 0.444824 0.009277 0.063477
1 0.188965 0.442871 0.011719 0.090820
1 0.177246 0.444336 0.015625 0.093750
1 0.158691 0.446777 0.021484 0.098633
1 0.094238 0.453613 0.012695 0.063477
1 0.076172 0.454102 0.027344 0.130859
1 0.046143 0.444336 0.010254 0.068359
1 0.040039 0.425781 0.006836 0.027344
1 0.021973 0.421387 0.001953 0.006836
1 0.007324 0.435547 0.008789 0.021484
1 0.013672 0.437500 0.008789 0.033203
1 0.008545 0.469238 0.011230 0.051758
1 0.029053 0.484863 0.041504 0.168945
1 0.311035 0.443359 0.017578 0.093750
1 0.295166 0.440918 0.022949 0.098633
1 0.356445 0.428711 0.009766 0.068359
1 0.371826 0.434082 0.007324 0.098633
1 0.366943 0.443848 0.015137 0.108398
1 0.406250 0.434082 0.008789 0.073242
1 0.402832 0.438477 0.009766 0.087891
1 0.396729 0.441406 0.008301 0.097656
1 0.393066 0.444336 0.005859 0.109375
1 0.433838 0.452637 0.007324 0.071289
1 0.421875 0.440918 0.019531 0.098633
1 0.526611 0.394043 0.007324 0.020508
1 0.518799 0.411621 0.005371 0.032227
1 0.529541 0.419434 0.006348 0.049805
1 0.523682 0.418945 0.008301 0.044922
1 0.537354 0.421875 0.012207 0.066406
1 0.549561 0.409180 0.007324 0.041016
1 0.553467 0.421875 0.009277 0.060547
1 0.559570 0.419434 0.010742 0.051758
1 0.578369 0.418945 0.010254 0.052734
1 0.775146 0.447754 0.027832 0.176758
1 0.968018 0.418945 0.059082 0.283203
1 0.758545 0.503418 0.005371 0.006836
1 0.758789 0.428711 0.016602 0.080078
0 0.235352 0.427734 0.015625 0.042969