1 0.682129 0.439453 0.043945 0.205078
0 0.521484 0.416016 0.031250 0.017578
0 0.522217 0.424805 0.032715 0.025391
0 0.502441 0.434082 0.007812 0.022461
0 0.486816 0.433105 0.027344 0.049805
0 0.474365 0.431641 0.013184 0.050781
0 0.461914 0.426270 0.018555 0.098633
0 0.418457 0.428223 0.083984 0.118164
0 0.400391 0.432617 0.086914 0.099609
0 0.394531 0.458496 0.084961 0.143555
0 0.331543 0.486328 0.117188 0.193359
0 0.294922 0.498535 0.082031 0.208008
0 0.154785 0.580566 0.303711 0.446289
0 0.035156 0.670410 0.064453 0.389648
0 0.560303 0.423828 0.007324 0.033203
0 0.583984 0.419922 0.018555 0.058594
0 0.606689 0.429199 0.023926 0.067383
0 0.634277 0.427734 0.054688 0.087891
0 0.679199 0.433594 0.052734 0.130859
0 0.754639 0.433594 0.126465 0.228516
0 0.908936 0.448242 0.177246 0.529297