0 0.541992 0.400879 0.019531 0.040039
0 0.550537 0.403809 0.024902 0.038086
0 0.443604 0.374023 0.015137 0.017578
0 0.513672 0.395020 0.017578 0.030273
0 0.508545 0.408203 0.025879 0.039062
0 0.467285 0.398926 0.025391 0.045898
0 0.467529 0.410156 0.019043 0.044922
0 0.444092 0.414551 0.040527 0.067383
0 0.441895 0.421875 0.031250 0.062500
0 0.435791 0.427734 0.029785 0.068359
0 0.412354 0.429199 0.034668 0.114258
0 0.373047 0.434082 0.081055 0.145508
0 0.175293 0.444824 0.177734 0.241211
0 0.087646 0.531738 0.169434 0.319336