1 0.665283 0.442383 0.026855 0.169922
1 0.678711 0.435059 0.009766 0.110352
1 0.850098 0.448242 0.037109 0.189453
0 0.403320 0.413574 0.011719 0.026367
0 0.323730 0.419922 0.013672 0.046875
0 0.334229 0.426758 0.023926 0.054688
0 0.368652 0.414551 0.053711 0.124023
0 0.290283 0.408691 0.017090 0.028320
0 0.273438 0.411133 0.029297 0.029297
0 0.227783 0.399902 0.029785 0.067383
0 0.309326 0.413574 0.026855 0.040039
0 0.092529 0.427246 0.037598 0.079102
0 0.069092 0.430664 0.032715 0.093750
0 0.054443 0.435547 0.016113 0.107422
0 0.216553 0.418945 0.031738 0.056641
0 0.199707 0.418457 0.008789 0.049805
0 0.184326 0.424316 0.035645 0.073242
0 0.162598 0.439453 0.065430 0.089844