0 0.847656 0.479980 0.008789 0.012695
0 0.877441 0.482910 0.009766 0.012695
0 0.887939 0.491211 0.012207 0.023438
0 0.900635 0.483887 0.016113 0.071289
0 0.917969 0.485352 0.034180 0.087891
0 0.931396 0.487305 0.025879 0.105469
0 0.963135 0.481445 0.068848 0.166016
0 0.970947 0.510742 0.053223 0.166016
0 0.984863 0.535645 0.025391 0.198242
0 0.790527 0.487793 0.005859 0.018555
0 0.784668 0.487305 0.010742 0.019531
0 0.780273 0.491699 0.014648 0.020508
0 0.767578 0.490723 0.005859 0.030273
0 0.759766 0.487305 0.016602 0.041016
0 0.749023 0.485352 0.010742 0.041016
0 0.733643 0.480469 0.024902 0.050781
0 0.729248 0.483398 0.022949 0.050781
0 0.721436 0.488281 0.020020 0.046875
0 0.699463 0.484375 0.030762 0.062500
0 0.662354 0.478027 0.050293 0.094727
0 0.585938 0.468750 0.022461 0.007812
0 0.627686 0.488281 0.063965 0.089844