0 0.356689 0.448730 0.014160 0.020508
0 0.374512 0.443848 0.004883 0.022461
0 0.383057 0.442383 0.007324 0.019531
0 0.571533 0.431641 0.008301 0.017578
0 0.619385 0.422852 0.008301 0.011719
0 0.624023 0.427246 0.010742 0.018555
0 0.698242 0.425781 0.042969 0.031250
0 0.656738 0.410156 0.039062 0.017578
0 0.594971 0.448730 0.053223 0.083008
0 0.652588 0.480957 0.089355 0.131836
0 0.794434 0.471680 0.097656 0.146484
0 0.900146 0.476074 0.163574 0.198242
0 0.513916 0.500977 0.136230 0.226562
0 0.390137 0.444336 0.002930 0.011719