1 0.199463 0.445801 0.009277 0.008789
0 0.560791 0.470215 0.020020 0.040039
0 0.571289 0.475586 0.018555 0.048828
0 0.593994 0.475098 0.040527 0.069336
0 0.632324 0.489258 0.059570 0.089844
0 0.887207 0.583008 0.220703 0.404297
0 0.510742 0.451660 0.003906 0.004883
0 0.460449 0.472168 0.005859 0.018555
0 0.449463 0.466797 0.018066 0.033203
0 0.442139 0.470215 0.024902 0.034180
0 0.412598 0.477539 0.035156 0.050781
0 0.379883 0.484863 0.038086 0.065430
0 0.367188 0.491211 0.039062 0.066406
0 0.322266 0.497070 0.068359 0.095703
0 0.210938 0.518066 0.106445 0.151367
0 0.018799 0.515137 0.031738 0.362305