1 0.397949 0.423340 0.004883 0.012695
1 0.388672 0.428711 0.005859 0.017578
0 0.053955 0.441895 0.026855 0.032227
0 0.023926 0.459961 0.039062 0.033203
0 0.137451 0.455078 0.031738 0.042969
0 0.105957 0.453613 0.039062 0.053711
0 0.095703 0.462891 0.054688 0.064453
0 0.470459 0.428223 0.011230 0.028320
0 0.474121 0.428711 0.009766 0.023438
0 0.479980 0.427734 0.005859 0.023438
0 0.444824 0.444336 0.019531 0.048828
0 0.484619 0.447266 0.015137 0.070312
0 0.419189 0.449219 0.050293 0.076172
0 0.515869 0.461914 0.075684 0.119141
0 0.328857 0.477539 0.144043 0.205078