1 0.526123 0.412598 0.004395 0.026367
1 0.311279 0.429688 0.017090 0.072266
1 0.274902 0.442871 0.023438 0.118164
1 0.208984 0.466797 0.033203 0.123047
0 0.410156 0.425293 0.005859 0.020508
0 0.415283 0.425293 0.009277 0.022461
0 0.438477 0.420410 0.016602 0.022461
0 0.445068 0.422363 0.014160 0.020508
0 0.454102 0.426758 0.015625 0.025391
0 0.556641 0.434570 0.040039 0.078125
0 0.570801 0.443359 0.033203 0.085938
0 0.589844 0.446289 0.028320 0.109375
0 0.620605 0.448730 0.066406 0.143555
0 0.797852 0.500977 0.179688 0.289062
0 0.904297 0.569824 0.186523 0.504883
0 0.495361 0.455566 0.075684 0.124023
0 0.426025 0.426758 0.014160 0.025391
0 0.229736 0.442871 0.040527 0.063477