1 0.432617 0.424805 0.006836 0.033203
1 0.439209 0.426270 0.007324 0.034180
1 0.446533 0.425781 0.006348 0.039062
1 0.478027 0.428223 0.009766 0.036133
1 0.478027 0.456055 0.013672 0.054688
1 0.656494 0.422852 0.025879 0.070312
1 0.179199 0.415527 0.003906 0.018555
1 0.134766 0.423828 0.008789 0.037109
1 0.198730 0.448242 0.030273 0.132812
1 0.093262 0.453613 0.058594 0.344727
1 0.045410 0.474609 0.053711 0.267578
1 0.013184 0.471191 0.020508 0.311523
0 0.387451 0.434082 0.008301 0.016602
0 0.762939 0.499023 0.256348 0.343750
0 0.377197 0.416992 0.008301 0.003906
0 0.360352 0.423828 0.010742 0.009766
0 0.375244 0.435547 0.020996 0.039062
0 0.319336 0.436035 0.005859 0.010742
0 0.331055 0.433594 0.019531 0.033203
0 0.351562 0.448730 0.033203 0.053711