1 0.067383 0.382324 0.007812 0.014648
1 0.053711 0.390625 0.011719 0.031250
1 0.730225 0.400391 0.018066 0.052734
1 0.751465 0.405273 0.016602 0.048828
1 0.763184 0.420410 0.009766 0.024414
1 0.870850 0.401855 0.008301 0.075195
1 0.858887 0.403809 0.012695 0.081055
1 0.612793 0.408691 0.005859 0.057617
0 0.139404 0.419434 0.047363 0.022461
0 0.077393 0.405762 0.039551 0.040039
0 0.021729 0.376953 0.037598 0.015625
0 0.009766 0.392578 0.013672 0.035156
0 0.073242 0.416504 0.030273 0.053711
0 0.032715 0.419922 0.055664 0.072266
0 0.004395 0.427246 0.002930 0.075195
0 0.810791 0.401367 0.054199 0.062500
0 0.534180 0.446289 0.092773 0.142578
0 0.410400 0.454590 0.137207 0.166992