1 0.658447 0.416504 0.010254 0.028320
1 0.679443 0.437988 0.020996 0.108398
1 0.746338 0.404785 0.009277 0.036133
1 0.735107 0.405762 0.014160 0.055664
1 0.544434 0.428223 0.005859 0.032227
1 0.443604 0.412109 0.011230 0.021484
1 0.416260 0.398926 0.005371 0.010742
1 0.410889 0.399902 0.005371 0.008789
1 0.379639 0.400879 0.010254 0.022461
1 0.369629 0.403320 0.013672 0.021484
1 0.359619 0.403809 0.007324 0.022461
1 0.350586 0.409180 0.017578 0.044922
1 0.226074 0.391113 0.018555 0.026367
1 0.969971 0.461426 0.050293 0.290039
1 0.900146 0.469238 0.061035 0.264648
0 0.613770 0.443848 0.013672 0.047852
0 0.633789 0.435059 0.039062 0.071289
0 0.438232 0.450684 0.023926 0.075195
0 0.409424 0.451172 0.054199 0.093750
0 0.374512 0.463867 0.063477 0.103516
0 0.344482 0.482910 0.066895 0.102539
0 0.252686 0.488770 0.130371 0.180664
0 0.102051 0.520020 0.198242 0.309570
0 0.575439 0.450684 0.052246 0.081055