0 0.642090 0.430664 0.015625 0.052734
0 0.656250 0.428711 0.030273 0.054688
0 0.751953 0.457031 0.107422 0.167969
0 0.896973 0.510254 0.201172 0.305664
0 0.945068 0.576660 0.104980 0.416992
0 0.555420 0.431152 0.015137 0.034180
0 0.532715 0.420410 0.032227 0.071289
0 0.523193 0.441895 0.012207 0.059570
0 0.512207 0.443359 0.028320 0.072266
0 0.502197 0.448242 0.025879 0.078125
0 0.483398 0.452148 0.045898 0.087891
0 0.449219 0.464355 0.053711 0.108398
0 0.413574 0.485352 0.054688 0.158203
0 0.327881 0.497070 0.156738 0.257812
0 0.143066 0.610840 0.280273 0.420898