1 0.494141 0.479004 0.003906 0.020508
1 0.324707 0.471680 0.010742 0.050781
1 0.653076 0.459961 0.005371 0.041016
1 0.767090 0.444336 0.009766 0.074219
1 0.755615 0.440430 0.020020 0.056641
1 0.776123 0.435059 0.013184 0.057617
1 0.784668 0.427246 0.009766 0.036133
1 0.810547 0.380859 0.014648 0.035156
0 0.478027 0.482422 0.009766 0.017578
0 0.468994 0.478027 0.013184 0.028320
0 0.421143 0.464355 0.030762 0.063477
0 0.449219 0.474609 0.031250 0.037109
0 0.401855 0.476074 0.016602 0.041992
0 0.365479 0.479492 0.012207 0.044922
0 0.382812 0.479004 0.037109 0.051758
0 0.164307 0.506348 0.132324 0.135742
0 0.868164 0.575195 0.258789 0.457031
0 0.608398 0.473633 0.013672 0.023438
0 0.591553 0.470215 0.020996 0.034180
0 0.559082 0.469238 0.021484 0.036133