1 0.846191 0.454590 0.019531 0.084961
1 0.861816 0.425293 0.015625 0.024414
1 0.357910 0.423340 0.011719 0.018555
0 0.929932 0.607422 0.135254 0.441406
0 0.620361 0.432129 0.004395 0.016602
0 0.626709 0.433105 0.012207 0.016602
0 0.646729 0.456055 0.034668 0.099609
0 0.613525 0.435547 0.015137 0.023438
0 0.593506 0.452637 0.037598 0.079102
0 0.506836 0.448242 0.022461 0.037109
0 0.483643 0.450684 0.025879 0.045898
0 0.451660 0.453613 0.043945 0.051758
0 0.544922 0.425781 0.065430 0.158203
0 0.404785 0.461426 0.035156 0.057617
0 0.363037 0.466309 0.061035 0.069336
0 0.286865 0.475098 0.059082 0.086914
0 0.212402 0.476562 0.094727 0.121094
0 0.101807 0.497559 0.140137 0.129883