1 0.317871 0.412109 0.014648 0.048828
1 0.715332 0.417480 0.018555 0.104492
0 0.504883 0.418457 0.007812 0.018555
0 0.534424 0.419922 0.012207 0.017578
0 0.466553 0.432617 0.023926 0.041016
0 0.137939 0.521484 0.235840 0.388672
0 0.031982 0.583984 0.058105 0.427734
0 0.557129 0.429688 0.014648 0.046875
0 0.564209 0.429688 0.012207 0.048828
0 0.582031 0.427734 0.040039 0.064453
0 0.582520 0.434082 0.036133 0.069336
0 0.592285 0.440430 0.033203 0.074219
0 0.604980 0.441406 0.034180 0.076172
0 0.956055 0.673340 0.083008 0.354492