1 0.310791 0.445801 0.007324 0.034180
1 0.317139 0.450195 0.007324 0.033203
1 0.341309 0.448730 0.006836 0.034180
1 0.357178 0.449707 0.011230 0.041992
1 0.799072 0.438477 0.008301 0.021484
1 0.790283 0.435059 0.015137 0.030273
1 0.980469 0.488770 0.034180 0.213867
1 0.733887 0.485840 0.028320 0.122070
1 0.569336 0.458008 0.009766 0.087891
1 0.561035 0.455078 0.012695 0.095703
0 0.201416 0.448242 0.016113 0.021484
0 0.239258 0.461914 0.029297 0.046875
0 0.380371 0.450684 0.014648 0.028320
0 0.725830 0.441406 0.068848 0.031250
0 0.155029 0.483398 0.064941 0.087891
0 0.045654 0.568848 0.085449 0.293945
0 0.187012 0.452148 0.016602 0.031250