1 0.656494 0.361328 0.008301 0.019531
0 0.750732 0.371582 0.013184 0.026367
0 0.695557 0.377441 0.036621 0.041992
0 0.701172 0.381836 0.025391 0.031250
0 0.682617 0.383789 0.020508 0.037109
0 0.670410 0.386230 0.026367 0.041992
0 0.651123 0.390137 0.035645 0.043945
0 0.632080 0.391602 0.023926 0.042969
0 0.609375 0.392090 0.045898 0.049805
0 0.580811 0.398438 0.053223 0.044922
0 0.523438 0.397949 0.072266 0.067383
0 0.221680 0.428711 0.103516 0.089844
0 0.446533 0.421875 0.094238 0.101562
0 0.332031 0.427734 0.154297 0.121094
0 0.887939 0.360352 0.050293 0.068359
0 0.883301 0.383789 0.019531 0.035156
0 0.816895 0.409668 0.134766 0.221680