1 0.475830 0.437500 0.012207 0.039062
0 0.423584 0.437988 0.019043 0.030273
0 0.423828 0.445801 0.010742 0.030273
0 0.422607 0.446289 0.007324 0.025391
0 0.383789 0.423340 0.054688 0.045898
0 0.325928 0.481445 0.027832 0.054688
0 0.310059 0.471191 0.008789 0.043945
0 0.388916 0.468262 0.074707 0.112305
0 0.156982 0.439453 0.249512 0.226562
0 0.187256 0.496094 0.078613 0.150391
0 0.113770 0.502441 0.132812 0.174805
0 0.059570 0.508301 0.113281 0.182617
0 0.556641 0.455566 0.024414 0.086914
0 0.572998 0.461426 0.044434 0.104492
0 0.593750 0.469238 0.050781 0.127930
0 0.617432 0.465332 0.041504 0.157227
0 0.647217 0.486816 0.091309 0.223633
0 0.768066 0.512207 0.227539 0.340820