1 0.510010 0.413086 0.003418 0.019531
1 0.512695 0.415527 0.007812 0.024414
1 0.610596 0.404785 0.009277 0.024414
1 0.714600 0.426270 0.018066 0.096680
1 0.770752 0.446289 0.036621 0.156250
1 0.981201 0.428711 0.027832 0.054688
1 0.422119 0.414062 0.006348 0.015625
0 0.550781 0.426758 0.008789 0.033203
0 0.562988 0.424805 0.024414 0.042969
0 0.567871 0.436035 0.014648 0.049805
0 0.588867 0.436035 0.041016 0.069336
0 0.594238 0.447754 0.030273 0.065430
0 0.626709 0.445312 0.058105 0.085938
0 0.488525 0.431152 0.024902 0.040039
0 0.458740 0.439453 0.006348 0.027344
0 0.430664 0.428711 0.017578 0.046875
0 0.417236 0.450195 0.020996 0.064453
0 0.391602 0.449219 0.042969 0.085938
0 0.365723 0.463379 0.064453 0.092773