1 0.283203 0.445801 0.013672 0.090820
1 0.294678 0.451172 0.019043 0.107422
1 0.181152 0.431641 0.020508 0.080078
0 0.495850 0.432617 0.010254 0.027344
0 0.508789 0.430664 0.019531 0.035156
0 0.412598 0.447754 0.017578 0.051758
0 0.403809 0.450684 0.017578 0.055664
0 0.392090 0.452148 0.019531 0.066406
0 0.377441 0.454590 0.039062 0.069336
0 0.370605 0.460938 0.024414 0.072266
0 0.337646 0.465332 0.062012 0.086914
0 0.444336 0.451172 0.040039 0.066406
0 0.217285 0.486816 0.056641 0.112305
0 0.103760 0.466797 0.171387 0.138672
0 0.021484 0.467285 0.037109 0.124023
0 0.022461 0.573242 0.039062 0.298828
0 0.604004 0.437988 0.047852 0.100586
0 0.606445 0.456543 0.029297 0.100586
0 0.616455 0.467773 0.028809 0.126953