1 0.628662 0.438477 0.010254 0.041016
1 0.619385 0.437500 0.010254 0.042969
1 0.560303 0.440918 0.010254 0.051758
1 0.509277 0.450195 0.010742 0.058594
1 0.468506 0.452637 0.010254 0.065430
1 0.423096 0.452148 0.011230 0.070312
1 0.403076 0.462891 0.012207 0.056641
1 0.247314 0.461426 0.009277 0.061523
1 0.267334 0.462891 0.010254 0.082031
1 0.262451 0.468262 0.019043 0.120117
1 0.231445 0.465332 0.024414 0.094727
1 0.810791 0.437500 0.009277 0.052734
1 0.798584 0.435547 0.007324 0.070312
1 0.694092 0.450195 0.019043 0.080078
1 0.711182 0.448730 0.014160 0.084961
1 0.726318 0.449219 0.017090 0.105469
1 0.744141 0.444824 0.013672 0.110352
1 0.763428 0.460449 0.007324 0.086914
1 0.754150 0.445312 0.019043 0.138672
1 0.788330 0.453613 0.034668 0.147461
1 0.822998 0.445312 0.020996 0.144531
1 0.910645 0.421387 0.021484 0.104492
1 0.913330 0.462891 0.032715 0.144531
1 0.921143 0.489746 0.036621 0.108398
1 0.939453 0.503906 0.020508 0.082031
1 0.889160 0.449707 0.041992 0.237305
1 0.960449 0.445312 0.069336 0.259766
1 0.738037 0.461426 0.022949 0.108398
1 0.668945 0.441406 0.008789 0.042969