1 0.043701 0.445312 0.010254 0.054688
1 0.105713 0.442871 0.006348 0.045898
1 0.112549 0.443848 0.004395 0.043945
1 0.207275 0.500488 0.020020 0.067383
1 0.263184 0.406250 0.010742 0.074219
1 0.150879 0.449707 0.009766 0.063477
1 0.137451 0.461426 0.025879 0.143555
1 0.325684 0.420898 0.010742 0.035156
1 0.557129 0.438965 0.015625 0.081055
0 0.091553 0.437988 0.037598 0.028320
0 0.292236 0.434570 0.020020 0.015625
0 0.410889 0.435547 0.017090 0.033203
0 0.398438 0.441406 0.011719 0.050781
0 0.379150 0.445312 0.039551 0.070312
0 0.465088 0.403320 0.025879 0.019531
0 0.501709 0.458984 0.033691 0.080078
0 0.457520 0.469238 0.077148 0.120117
0 0.680664 0.486328 0.125977 0.216797
0 0.793213 0.512695 0.187012 0.312500
0 0.897217 0.588379 0.200684 0.567383