1 0.067627 0.413574 0.008301 0.075195
1 0.093018 0.416992 0.013184 0.078125
1 0.164551 0.407715 0.010742 0.057617
1 0.150146 0.416504 0.014160 0.065430
1 0.363281 0.428711 0.007812 0.042969
0 0.146729 0.417969 0.029785 0.029297
0 0.268799 0.429688 0.025879 0.039062
0 0.189453 0.418457 0.004883 0.026367
0 0.358643 0.432129 0.042480 0.034180
0 0.530762 0.442383 0.018555 0.021484
0 0.609131 0.450684 0.026855 0.041992
0 0.642334 0.454102 0.023926 0.039062
0 0.989746 0.468262 0.015625 0.014648
0 0.926514 0.455566 0.030762 0.032227
0 0.761230 0.455566 0.036133 0.026367
0 0.675781 0.457031 0.008789 0.011719
0 0.706299 0.475586 0.063965 0.095703