1 0.630371 0.418945 0.002930 0.017578
1 0.633789 0.418945 0.005859 0.023438
1 0.376465 0.411621 0.006836 0.024414
1 0.371338 0.410645 0.006348 0.022461
1 0.182129 0.423340 0.004883 0.026367
1 0.165527 0.421387 0.007812 0.038086
1 0.160645 0.429199 0.007812 0.038086
1 0.110352 0.436035 0.011719 0.045898
0 0.521240 0.421875 0.047363 0.033203
0 0.572754 0.432129 0.045898 0.034180
0 0.743408 0.417480 0.036621 0.022461
0 0.706299 0.431641 0.068848 0.041016
0 0.453857 0.411621 0.029785 0.014648
0 0.466797 0.422363 0.034180 0.030273
0 0.379883 0.431152 0.019531 0.018555
0 0.415039 0.440430 0.023438 0.052734
0 0.472900 0.438477 0.031738 0.054688
0 0.434814 0.447266 0.044434 0.064453
0 0.311035 0.434082 0.033203 0.040039
0 0.349365 0.449219 0.057129 0.095703
0 0.247070 0.467285 0.066406 0.100586