1 0.293457 0.452637 0.012695 0.098633
1 0.279785 0.452148 0.019531 0.097656
1 0.098633 0.461426 0.016602 0.088867
1 0.084229 0.458008 0.020020 0.099609
1 0.188232 0.455078 0.017090 0.093750
1 0.175049 0.473633 0.020020 0.119141
1 0.462402 0.444336 0.010742 0.091797
1 0.441650 0.440918 0.016113 0.092773
1 0.426270 0.453613 0.012695 0.081055
1 0.382324 0.450684 0.016602 0.112305
1 0.396729 0.449219 0.015137 0.113281
1 0.416016 0.454590 0.027344 0.114258
1 0.499512 0.443848 0.019531 0.090820
1 0.536377 0.443359 0.031738 0.115234
1 0.810059 0.368652 0.012695 0.018555
1 0.856689 0.370605 0.015137 0.014648
1 0.970459 0.395508 0.013184 0.064453
1 0.904785 0.395508 0.014648 0.044922
0 0.860596 0.463379 0.134277 0.176758