1 0.546631 0.423828 0.013184 0.062500
1 0.504395 0.430664 0.010742 0.064453
1 0.492920 0.430176 0.012207 0.063477
0 0.837402 0.442871 0.017578 0.034180
0 0.823975 0.442383 0.019043 0.037109
0 0.777344 0.427734 0.025391 0.019531
0 0.752930 0.431152 0.016602 0.014648
0 0.793213 0.443359 0.028809 0.035156
0 0.725830 0.435547 0.038574 0.050781
0 0.760742 0.443848 0.040039 0.038086
0 0.696533 0.428711 0.018066 0.015625
0 0.647949 0.438965 0.024414 0.041992
0 0.709961 0.442383 0.032227 0.042969
0 0.667969 0.439941 0.056641 0.049805
0 0.617188 0.440918 0.041016 0.047852
0 0.072021 0.705078 0.138184 0.441406