1 0.045898 0.434570 0.037109 0.134766
1 0.157471 0.391113 0.016113 0.051758
1 0.328613 0.425293 0.010742 0.073242
1 0.306152 0.413086 0.004883 0.039062
1 0.313232 0.435059 0.016113 0.098633
1 0.338867 0.442871 0.021484 0.129883
1 0.373535 0.419434 0.010742 0.065430
1 0.385254 0.419922 0.017578 0.072266
1 0.414795 0.421875 0.009277 0.062500
1 0.421387 0.418945 0.011719 0.066406
1 0.695068 0.436523 0.026855 0.128906
1 0.446777 0.424805 0.008789 0.056641
1 0.463379 0.422852 0.008789 0.058594
1 0.473389 0.431152 0.013184 0.086914
1 0.496094 0.426270 0.009766 0.055664
1 0.511719 0.427734 0.012695 0.050781
1 0.484131 0.420898 0.010254 0.064453
1 0.477295 0.438477 0.013184 0.087891
1 0.456543 0.437500 0.017578 0.091797