1 0.745361 0.404785 0.007324 0.016602
1 0.732422 0.438965 0.007812 0.077148
1 0.738770 0.439453 0.014648 0.087891
1 0.754150 0.451172 0.020996 0.115234
1 0.798096 0.434570 0.014160 0.121094
1 0.783203 0.440430 0.028320 0.132812
1 0.778809 0.440430 0.026367 0.142578
1 0.719238 0.452637 0.024414 0.120117
1 0.812012 0.461914 0.030273 0.167969
1 0.875244 0.457520 0.034668 0.204102
1 0.914795 0.452637 0.038574 0.206055
1 0.979492 0.509277 0.036133 0.377930
1 0.507080 0.419434 0.004395 0.016602
1 0.502686 0.437012 0.008301 0.059570
1 0.492920 0.435547 0.013184 0.066406
1 0.426758 0.433594 0.015625 0.089844
1 0.412842 0.420898 0.011230 0.048828
1 0.362793 0.437988 0.017578 0.120117
1 0.401855 0.443359 0.026367 0.091797
1 0.307861 0.403809 0.012207 0.034180
1 0.322266 0.412109 0.020508 0.074219
1 0.173340 0.397949 0.021484 0.051758
1 0.175537 0.423340 0.020020 0.055664
1 0.230713 0.445801 0.027832 0.163086
1 0.086426 0.398438 0.027344 0.093750
1 0.144287 0.453125 0.036621 0.208984
0 0.657959 0.432617 0.018066 0.029297
0 0.612305 0.422852 0.004883 0.009766
0 0.586670 0.418457 0.007324 0.002930
0 0.583252 0.426758 0.012207 0.013672
0 0.574463 0.439453 0.011230 0.039062
0 0.565430 0.437500 0.017578 0.046875
0 0.598389 0.439453 0.028809 0.048828
0 0.560059 0.442383 0.013672 0.044922
0 0.544189 0.439941 0.026855 0.057617
0 0.531738 0.443359 0.033203 0.052734
0 0.630859 0.447754 0.043945 0.073242