0 0.413330 0.399902 0.024902 0.026367
0 0.420898 0.426270 0.017578 0.055664
0 0.409668 0.429688 0.023438 0.064453
0 0.402832 0.436523 0.018555 0.076172
0 0.353271 0.429688 0.091309 0.171875
0 0.353271 0.463379 0.048340 0.157227
0 0.328613 0.478027 0.074219 0.194336
0 0.237305 0.509277 0.197266 0.297852
0 0.111328 0.625977 0.216797 0.576172
0 0.490479 0.426758 0.017090 0.056641
0 0.512695 0.432129 0.045898 0.090820
0 0.512207 0.440430 0.021484 0.091797
0 0.532227 0.447266 0.045898 0.117188
0 0.595215 0.458496 0.122070 0.211914
0 0.759277 0.581543 0.251953 0.426758
0 0.900391 0.634766 0.194336 0.720703