1 0.041992 0.418457 0.008789 0.032227
1 0.051270 0.441895 0.014648 0.069336
1 0.033203 0.442383 0.015625 0.089844
1 0.061279 0.441406 0.009277 0.074219
1 0.104492 0.439941 0.019531 0.065430
1 0.084473 0.435547 0.012695 0.076172
1 0.120605 0.443359 0.018555 0.082031
1 0.178223 0.442383 0.014648 0.068359
1 0.305176 0.432129 0.007812 0.038086
1 0.795166 0.423828 0.040527 0.134766
0 0.318604 0.429688 0.015137 0.027344
0 0.342529 0.435059 0.008301 0.028320
0 0.450684 0.420898 0.008789 0.007812
0 0.420898 0.432129 0.059570 0.053711
0 0.527344 0.409180 0.006836 0.009766
0 0.552002 0.440918 0.052246 0.084961
0 0.491211 0.458496 0.090820 0.153320
0 0.823242 0.413574 0.043945 0.067383