1 0.604492 0.425781 0.005859 0.044922
1 0.408936 0.409668 0.004395 0.010742
1 0.428955 0.448242 0.020020 0.103516
1 0.438477 0.451172 0.016602 0.099609
1 0.433838 0.472168 0.006348 0.059570
1 0.418945 0.464355 0.012695 0.079102
1 0.428223 0.467285 0.010742 0.071289
0 0.513184 0.434082 0.010742 0.016602
0 0.494629 0.437988 0.017578 0.028320
0 0.530273 0.423340 0.025391 0.059570
0 0.536133 0.440430 0.027344 0.044922
0 0.632080 0.429199 0.012207 0.040039
0 0.719238 0.427246 0.009766 0.016602
0 0.911621 0.475586 0.171875 0.357422
0 0.459717 0.432129 0.020996 0.040039
0 0.403320 0.447754 0.106445 0.069336
0 0.117188 0.520508 0.205078 0.232422