1 0.420166 0.437500 0.006348 0.035156
1 0.412354 0.437500 0.008301 0.050781
1 0.436768 0.434570 0.009277 0.050781
1 0.445557 0.435059 0.007324 0.049805
1 0.476074 0.411621 0.005859 0.012695
1 0.462158 0.423340 0.006348 0.028320
1 0.466797 0.417969 0.007812 0.013672
1 0.453857 0.435059 0.010254 0.053711
1 0.428223 0.440430 0.012695 0.054688
1 0.532227 0.438965 0.012695 0.081055
1 0.613281 0.436523 0.013672 0.078125
1 0.771484 0.426758 0.019531 0.111328
1 0.668213 0.436035 0.010254 0.075195
1 0.659180 0.437012 0.014648 0.077148
1 0.690674 0.432129 0.020020 0.094727
1 0.705566 0.436523 0.016602 0.101562
1 0.739990 0.424316 0.017090 0.116211
1 0.722656 0.434082 0.027344 0.100586
1 0.232910 0.442871 0.010742 0.043945
1 0.130127 0.457031 0.012207 0.080078
1 0.284180 0.442871 0.008789 0.047852
0 0.581787 0.450684 0.062988 0.088867
0 0.465332 0.449707 0.022461 0.065430
0 0.496094 0.455566 0.061523 0.092773
0 0.279297 0.445801 0.024414 0.036133
0 0.298096 0.445801 0.027832 0.036133
0 0.318604 0.446777 0.032715 0.036133
0 0.335205 0.446777 0.019043 0.038086
0 0.338379 0.448730 0.013672 0.040039
0 0.395752 0.442871 0.035645 0.051758
0 0.360596 0.444336 0.043457 0.058594
0 0.252686 0.446289 0.031738 0.035156
0 0.057861 0.445801 0.026855 0.016602
0 0.924072 0.571777 0.146973 0.598633