1 0.657959 0.415527 0.008301 0.075195
1 0.667236 0.424316 0.025879 0.102539
0 0.342773 0.444824 0.002930 0.008789
0 0.345947 0.444336 0.004395 0.011719
0 0.357910 0.444336 0.000977 0.007812
0 0.349854 0.445312 0.007324 0.013672
0 0.354736 0.442383 0.006348 0.013672
0 0.362549 0.445801 0.007324 0.010742
0 0.265381 0.454590 0.009277 0.040039
0 0.280273 0.456543 0.032227 0.055664
0 0.245850 0.459473 0.036621 0.061523
0 0.224121 0.458984 0.024414 0.042969
0 0.095459 0.484863 0.049316 0.092773
0 0.031250 0.485840 0.056641 0.124023
0 0.177490 0.494629 0.139160 0.159180
0 0.387939 0.444336 0.014160 0.033203
0 0.388184 0.450195 0.007812 0.025391
0 0.392822 0.450684 0.007324 0.030273
0 0.397217 0.449707 0.010254 0.032227
0 0.405518 0.448730 0.014160 0.041992
0 0.408203 0.450195 0.007812 0.037109
0 0.422852 0.446289 0.027344 0.052734
0 0.428223 0.450684 0.018555 0.043945
0 0.451660 0.437988 0.007812 0.018555
0 0.454834 0.452637 0.011230 0.055664
0 0.479492 0.440430 0.050781 0.085938
0 0.504883 0.450195 0.046875 0.085938