0 0.219482 0.443359 0.058105 0.062500
0 0.427002 0.426270 0.013184 0.022461
0 0.419434 0.426270 0.008789 0.022461
0 0.450684 0.425781 0.003906 0.015625
0 0.453613 0.425781 0.005859 0.021484
0 0.443359 0.425781 0.012695 0.021484
0 0.459229 0.424805 0.009277 0.029297
0 0.466553 0.424316 0.012207 0.032227
0 0.483643 0.417480 0.024902 0.043945
0 0.499512 0.420898 0.031250 0.046875
0 0.406006 0.424316 0.020996 0.041992
0 0.384766 0.431152 0.039062 0.061523
0 0.337158 0.448242 0.070801 0.101562
0 0.534912 0.441895 0.061035 0.096680
0 0.961426 0.401855 0.072266 0.104492
0 0.799072 0.418457 0.119629 0.180664
0 0.866699 0.443848 0.146484 0.186523
0 0.127197 0.516113 0.182129 0.223633