0 0.208008 0.472656 0.023438 0.027344
0 0.398682 0.460449 0.012207 0.059570
0 0.374023 0.462402 0.053711 0.092773
0 0.418701 0.453613 0.025879 0.034180
0 0.263916 0.474609 0.044434 0.060547
0 0.433594 0.464355 0.017578 0.075195
0 0.459717 0.467285 0.058105 0.090820
0 0.512207 0.456543 0.039062 0.057617
0 0.692871 0.431641 0.052734 0.041016
0 0.772461 0.426758 0.065430 0.042969
0 0.824463 0.415039 0.042480 0.064453
0 0.968018 0.362305 0.032715 0.041016
0 0.843994 0.415039 0.032715 0.068359
0 0.859131 0.413574 0.027832 0.067383
0 0.889404 0.390625 0.050293 0.037109
0 0.928711 0.408691 0.137695 0.081055