1 0.281738 0.463867 0.010742 0.046875
1 0.626465 0.445312 0.012695 0.041016
1 0.616943 0.447754 0.010254 0.045898
1 0.635742 0.442383 0.007812 0.056641
1 0.646240 0.448730 0.007324 0.071289
1 0.657715 0.458496 0.012695 0.065430
1 0.857666 0.443359 0.029785 0.132812
0 0.473145 0.462402 0.012695 0.036133
0 0.578369 0.454102 0.018066 0.029297
0 0.531494 0.449707 0.009277 0.018555
0 0.519531 0.453125 0.017578 0.031250
0 0.496582 0.465820 0.040039 0.062500
0 0.553711 0.461914 0.037109 0.054688
0 0.752441 0.433105 0.180664 0.344727
0 0.923584 0.619629 0.147949 0.500977