1 0.452637 0.422852 0.004883 0.017578
1 0.649414 0.429688 0.011719 0.046875
0 0.223145 0.441406 0.061523 0.089844
0 0.138672 0.448242 0.094727 0.115234
0 0.052246 0.509277 0.098633 0.256836
0 0.362061 0.430176 0.014160 0.034180
0 0.348633 0.430176 0.017578 0.040039
0 0.329102 0.436035 0.035156 0.053711
0 0.381836 0.437012 0.033203 0.045898
0 0.412354 0.430664 0.018066 0.033203
0 0.501465 0.428223 0.015625 0.026367
0 0.521240 0.410645 0.010254 0.012695
0 0.511963 0.449707 0.020996 0.065430
0 0.594238 0.439453 0.020508 0.041016
0 0.550781 0.474609 0.087891 0.146484
0 0.621338 0.455078 0.059082 0.089844