0 0.414551 0.454102 0.023438 0.052734
0 0.406250 0.455566 0.015625 0.055664
0 0.394775 0.456055 0.022949 0.064453
0 0.381348 0.458984 0.028320 0.068359
0 0.374512 0.463867 0.023438 0.074219
0 0.342773 0.464844 0.057617 0.093750
0 0.102539 0.523926 0.165039 0.208008
0 0.020508 0.561035 0.035156 0.223633
0 0.691406 0.432129 0.027344 0.016602
0 0.724854 0.432129 0.036621 0.028320
0 0.741211 0.437500 0.004883 0.019531
0 0.821289 0.427734 0.030273 0.031250
0 0.843262 0.438477 0.073242 0.044922
0 0.888672 0.437012 0.104492 0.051758
0 0.912842 0.438965 0.108887 0.051758
0 0.953125 0.438965 0.088867 0.055664
0 0.973877 0.450684 0.047363 0.032227
0 0.528809 0.455078 0.073242 0.140625