0 0.469238 0.447266 0.034180 0.013672
0 0.459961 0.465820 0.030273 0.037109
0 0.448730 0.469727 0.028320 0.035156
0 0.433105 0.475098 0.021484 0.047852
0 0.417969 0.474609 0.030273 0.058594
0 0.400391 0.478027 0.044922 0.067383
0 0.371094 0.490234 0.051758 0.083984
0 0.354248 0.492676 0.034668 0.086914
0 0.293945 0.494141 0.101562 0.132812
0 0.248535 0.503418 0.094727 0.133789
0 0.112305 0.517090 0.218750 0.213867
0 0.503418 0.471680 0.022461 0.041016
0 0.568604 0.432617 0.030762 0.042969
0 0.578613 0.450684 0.028320 0.024414
0 0.580078 0.473633 0.026367 0.062500
0 0.619873 0.490723 0.050293 0.110352
0 0.644531 0.500000 0.032227 0.156250
0 0.541016 0.480957 0.058594 0.098633
0 0.707275 0.515137 0.142090 0.235352
0 0.906982 0.571777 0.181152 0.659180