1 0.225586 0.448242 0.005859 0.013672
1 0.240967 0.447266 0.006348 0.021484
1 0.467285 0.451172 0.008789 0.041016
1 0.479980 0.450195 0.006836 0.041016
1 0.491699 0.452148 0.007812 0.042969
1 0.807617 0.440918 0.019531 0.071289
0 0.429932 0.449219 0.016113 0.019531
0 0.310547 0.460938 0.024414 0.037109
0 0.171875 0.457520 0.025391 0.016602
0 0.208740 0.456055 0.017090 0.005859
0 0.224854 0.467773 0.020996 0.025391
0 0.168701 0.474121 0.023926 0.026367
0 0.251709 0.483887 0.041504 0.059570
0 0.122803 0.514160 0.085449 0.100586
0 0.195801 0.513184 0.083984 0.114258
0 0.030273 0.557129 0.054688 0.176758