0 0.501709 0.426270 0.010254 0.028320
0 0.523193 0.445801 0.028809 0.053711
0 0.541016 0.441895 0.006836 0.034180
0 0.546631 0.440918 0.011230 0.043945
0 0.554443 0.440918 0.015137 0.049805
0 0.567139 0.441406 0.024902 0.056641
0 0.585693 0.447754 0.030762 0.065430
0 0.602539 0.451660 0.024414 0.081055
0 0.635498 0.450195 0.065918 0.101562
0 0.201416 0.434082 0.040527 0.028320
0 0.197998 0.437012 0.039551 0.030273
0 0.175293 0.429199 0.020508 0.028320
0 0.172119 0.435547 0.014160 0.035156
0 0.424316 0.432617 0.008789 0.021484
0 0.351807 0.451660 0.041504 0.067383
0 0.374512 0.427734 0.009766 0.019531
0 0.393799 0.455566 0.052246 0.083008
0 0.464844 0.484863 0.105469 0.168945
0 0.091797 0.639160 0.177734 0.573242