1 0.337158 0.420898 0.008301 0.052734
1 0.330322 0.402832 0.007324 0.020508
1 0.324219 0.404297 0.009766 0.023438
1 0.319580 0.407227 0.008301 0.029297
1 0.310791 0.399414 0.005371 0.015625
1 0.301758 0.408203 0.013672 0.027344
1 0.311768 0.424316 0.016113 0.061523
1 0.200195 0.424805 0.019531 0.101562
1 0.598389 0.402344 0.003418 0.046875
1 0.601807 0.406250 0.010254 0.054688
1 0.618652 0.410645 0.013672 0.067383
1 0.669434 0.416992 0.015625 0.093750
1 0.658691 0.415039 0.012695 0.128906
1 0.776855 0.536621 0.033203 0.038086
1 0.835449 0.419922 0.017578 0.195312
1 0.721436 0.431152 0.017090 0.204102
0 0.447266 0.400879 0.008789 0.012695
0 0.074219 0.582520 0.142578 0.549805
0 0.518066 0.401855 0.013672 0.026367
0 0.634521 0.417969 0.018066 0.066406