1 0.223389 0.391113 0.007324 0.028320
1 0.235352 0.395996 0.009766 0.028320
1 0.697510 0.413086 0.016113 0.058594
0 0.603760 0.404297 0.009277 0.009766
0 0.569336 0.402832 0.018555 0.018555
0 0.542969 0.399902 0.037109 0.024414
0 0.505127 0.402344 0.041504 0.021484
0 0.347900 0.396973 0.009277 0.014648
0 0.360352 0.408203 0.025391 0.037109
0 0.316650 0.397949 0.021973 0.022461
0 0.215820 0.424805 0.026367 0.070312
0 0.158203 0.394531 0.035156 0.031250
0 0.047119 0.440430 0.042480 0.091797
0 0.333984 0.416992 0.034180 0.050781
0 0.302002 0.421875 0.037598 0.054688
0 0.257324 0.426758 0.062500 0.078125
0 0.184570 0.435547 0.066406 0.087891
0 0.097900 0.437500 0.107910 0.123047
0 0.448730 0.407227 0.033203 0.025391
0 0.694092 0.398438 0.036621 0.052734
0 0.947510 0.426270 0.100098 0.090820
0 0.623535 0.416504 0.039062 0.067383