1 0.341797 0.427246 0.011719 0.041992
1 0.277100 0.445801 0.018066 0.088867
1 0.561768 0.430176 0.006348 0.061523
1 0.659912 0.425781 0.018066 0.068359
0 0.496338 0.424805 0.006348 0.017578
0 0.491943 0.432129 0.008301 0.030273
0 0.480957 0.438965 0.025391 0.049805
0 0.432373 0.436523 0.018066 0.042969
0 0.430908 0.447266 0.008301 0.025391
0 0.454346 0.444824 0.043457 0.067383
0 0.421387 0.440430 0.015625 0.052734
0 0.414795 0.441895 0.014160 0.055664
0 0.408936 0.448730 0.012207 0.053711
0 0.388184 0.447754 0.014648 0.065430
0 0.362549 0.449219 0.055176 0.076172
0 0.149658 0.462891 0.072754 0.082031
0 0.130371 0.464844 0.028320 0.054688
0 0.069824 0.521973 0.133789 0.276367
0 0.586914 0.432617 0.041016 0.076172
0 0.584229 0.440430 0.023926 0.066406
0 0.605225 0.442871 0.052246 0.073242
0 0.763184 0.476074 0.164062 0.262695
0 0.893311 0.513184 0.208496 0.448242