1 0.270020 0.445312 0.015625 0.068359
1 0.287354 0.431641 0.014160 0.064453
1 0.298828 0.417969 0.010742 0.041016
1 0.650391 0.408203 0.009766 0.019531
1 0.669434 0.411133 0.013672 0.025391
0 0.352051 0.457520 0.132812 0.086914
0 0.626221 0.453613 0.038574 0.084961
0 0.640137 0.468750 0.058594 0.103516
0 0.698975 0.504883 0.110840 0.189453
0 0.861572 0.521973 0.271973 0.434570
0 0.966797 0.712891 0.061523 0.439453
0 0.561523 0.425781 0.040039 0.033203
0 0.573242 0.462402 0.023438 0.081055
0 0.539795 0.472656 0.077637 0.119141