1 0.479736 0.427734 0.004395 0.027344
1 0.475830 0.427734 0.005371 0.027344
0 0.530273 0.434082 0.008789 0.018555
0 0.540039 0.435547 0.012695 0.025391
0 0.553467 0.420410 0.012207 0.006836
0 0.552002 0.436035 0.016113 0.032227
0 0.516113 0.428711 0.026367 0.019531
0 0.501953 0.439941 0.012695 0.030273
0 0.488525 0.439941 0.020020 0.036133
0 0.557373 0.438477 0.014160 0.031250
0 0.564941 0.444824 0.013672 0.047852
0 0.580811 0.447266 0.029785 0.058594
0 0.621582 0.486816 0.041016 0.149414
0 0.701416 0.482422 0.148926 0.238281
0 0.903809 0.620117 0.187500 0.562500
0 0.454346 0.446777 0.055176 0.040039
0 0.334473 0.426270 0.047852 0.041992
0 0.226562 0.481445 0.094727 0.097656
0 0.295654 0.490234 0.098145 0.128906