1 0.483154 0.433105 0.015137 0.086914
0 0.463135 0.429199 0.007324 0.028320
0 0.470215 0.428711 0.011719 0.033203
0 0.474854 0.431641 0.004395 0.029297
0 0.486328 0.431641 0.021484 0.033203
0 0.500732 0.431641 0.011230 0.042969
0 0.514648 0.430664 0.021484 0.048828
0 0.515869 0.432617 0.016113 0.048828
0 0.524414 0.432129 0.020508 0.053711
0 0.531494 0.446289 0.004395 0.042969
0 0.564453 0.439453 0.043945 0.089844
0 0.563965 0.451660 0.029297 0.098633
0 0.580566 0.458008 0.033203 0.119141
0 0.622559 0.459961 0.069336 0.160156
0 0.426025 0.457520 0.023926 0.108398
0 0.410889 0.464355 0.033691 0.131836
0 0.363037 0.467285 0.085449 0.182617
0 0.328857 0.503906 0.104980 0.236328
0 0.230713 0.563477 0.164551 0.402344
0 0.731934 0.500977 0.210938 0.304688
0 0.082275 0.545898 0.158691 0.820312