1 0.643799 0.416992 0.006348 0.027344
1 0.650879 0.419434 0.006836 0.032227
1 0.656250 0.417480 0.007812 0.028320
1 0.666504 0.417480 0.009766 0.047852
1 0.677002 0.418945 0.009277 0.054688
1 0.686279 0.417480 0.015137 0.055664
0 0.302002 0.437988 0.025879 0.040039
0 0.501709 0.422852 0.010254 0.019531
0 0.474854 0.425293 0.010254 0.020508
0 0.471191 0.428223 0.010742 0.018555
0 0.458496 0.427246 0.006836 0.016602
0 0.452881 0.428711 0.008301 0.021484
0 0.600342 0.418457 0.007324 0.010742
0 0.334229 0.429199 0.042480 0.059570
0 0.259033 0.443359 0.030762 0.048828
0 0.229980 0.444336 0.042969 0.056641
0 0.177490 0.438477 0.065918 0.076172
0 0.060303 0.458008 0.060059 0.078125
0 0.585449 0.425293 0.015625 0.024414