0 0.523682 0.462402 0.016113 0.030273
0 0.541016 0.466309 0.024414 0.053711
0 0.548584 0.472656 0.017090 0.054688
0 0.556396 0.479492 0.020996 0.070312
0 0.563477 0.486816 0.017578 0.090820
0 0.593750 0.491211 0.067383 0.132812
0 0.593506 0.517090 0.055176 0.151367
0 0.631104 0.526367 0.067871 0.212891
0 0.730957 0.555664 0.215820 0.310547
0 0.969238 0.871094 0.056641 0.248047
0 0.465332 0.474609 0.014648 0.058594
0 0.449707 0.487793 0.022461 0.084961
0 0.441162 0.492676 0.031738 0.104492
0 0.419434 0.503418 0.054688 0.127930
0 0.377930 0.528809 0.075195 0.231445
0 0.255615 0.551758 0.244629 0.378906
0 0.114746 0.675781 0.223633 0.638672