1 0.482910 0.439941 0.005859 0.045898
1 0.654785 0.436035 0.009766 0.063477
1 0.604736 0.409668 0.004395 0.010742
1 0.608643 0.449707 0.013184 0.075195
0 0.064697 0.476562 0.104004 0.099609
0 0.431396 0.443359 0.013184 0.023438
0 0.419189 0.444824 0.019043 0.024414
0 0.392578 0.445312 0.023438 0.035156
0 0.372559 0.449219 0.016602 0.031250
0 0.364746 0.450684 0.014648 0.032227
0 0.351562 0.452148 0.021484 0.046875
0 0.333008 0.451660 0.028320 0.049805
0 0.276855 0.459473 0.030273 0.049805
0 0.304443 0.457520 0.043457 0.057617
0 0.231201 0.461914 0.047363 0.066406
0 0.503174 0.426758 0.014160 0.023438
0 0.501221 0.442871 0.011230 0.024414
0 0.517090 0.417969 0.013672 0.007812
0 0.519775 0.448242 0.031738 0.054688
0 0.970459 0.439941 0.042480 0.061523
0 0.974609 0.469238 0.045898 0.075195
0 0.989746 0.476074 0.015625 0.065430
0 0.843506 0.446777 0.072754 0.071289
0 0.623047 0.430176 0.029297 0.051758
0 0.008301 0.741211 0.010742 0.330078