1 0.448242 0.432617 0.004883 0.035156
0 0.252441 0.447754 0.014648 0.022461
0 0.225586 0.448730 0.010742 0.024414
0 0.236816 0.448242 0.021484 0.027344
0 0.211914 0.448730 0.018555 0.028320
0 0.454346 0.427734 0.010254 0.017578
0 0.433838 0.431641 0.013184 0.025391
0 0.281738 0.448730 0.039062 0.057617
0 0.414795 0.433594 0.022949 0.044922
0 0.596436 0.428223 0.023926 0.030273
0 0.619873 0.425293 0.050293 0.034180
0 0.729736 0.416992 0.054199 0.039062
0 0.764160 0.417969 0.030273 0.052734
0 0.790039 0.413086 0.033203 0.058594
0 0.796875 0.412109 0.018555 0.050781
0 0.821289 0.394043 0.041992 0.028320
0 0.843994 0.413086 0.103027 0.068359
0 0.945557 0.406738 0.104004 0.100586