1 0.387451 0.433105 0.009277 0.032227
1 0.319092 0.448730 0.014160 0.051758
1 0.363037 0.446289 0.008301 0.056641
1 0.467773 0.440430 0.004883 0.027344
1 0.587158 0.456543 0.017090 0.104492
1 0.658936 0.465332 0.025879 0.075195
1 0.750732 0.425293 0.016113 0.041992
0 0.379150 0.452148 0.030762 0.048828
0 0.043457 0.517090 0.081055 0.297852
0 0.236328 0.409180 0.043945 0.019531
0 0.328125 0.434082 0.018555 0.024414
0 0.493652 0.436035 0.004883 0.010742
0 0.562988 0.441406 0.032227 0.033203
0 0.520264 0.477539 0.074707 0.121094
0 0.707520 0.468750 0.082031 0.121094