0 0.292725 0.432617 0.010254 0.021484
0 0.310547 0.439453 0.021484 0.033203
0 0.331543 0.438965 0.025391 0.038086
0 0.351318 0.439941 0.018066 0.038086
0 0.367676 0.437012 0.026367 0.043945
0 0.376709 0.439941 0.018066 0.043945
0 0.403320 0.432129 0.040039 0.061523
0 0.422852 0.437988 0.042969 0.055664
0 0.492188 0.445801 0.045898 0.065430
0 0.533447 0.445312 0.050293 0.085938
0 0.557861 0.452637 0.051270 0.086914
0 0.602539 0.451660 0.075195 0.110352
0 0.668701 0.469727 0.097168 0.160156
0 0.746826 0.487305 0.125488 0.220703
0 0.877197 0.509766 0.240723 0.371094
0 0.206299 0.443359 0.017090 0.044922
0 0.279541 0.458984 0.040527 0.095703
0 0.240479 0.479492 0.091309 0.125000