1 0.743652 0.404297 0.005859 0.009766
0 0.219238 0.436523 0.017578 0.042969
0 0.200684 0.437988 0.032227 0.045898
0 0.158447 0.427734 0.053223 0.070312
0 0.131104 0.431641 0.042480 0.037109
0 0.093262 0.470215 0.180664 0.202148
0 0.483887 0.426270 0.008789 0.012695
0 0.584229 0.434570 0.018066 0.033203
0 0.600098 0.437988 0.024414 0.041992
0 0.615967 0.442383 0.020996 0.050781
0 0.635254 0.445801 0.032227 0.061523
0 0.658936 0.452148 0.042480 0.068359
0 0.837646 0.488770 0.086426 0.149414
0 0.679199 0.437988 0.022461 0.047852
0 0.741455 0.520996 0.179199 0.231445
0 0.510254 0.461914 0.063477 0.099609