1 0.516846 0.427734 0.013184 0.060547
1 0.684082 0.425781 0.009766 0.058594
1 0.673828 0.433105 0.011719 0.043945
1 0.661621 0.426270 0.012695 0.059570
1 0.815918 0.442871 0.043945 0.178711
0 0.306885 0.459473 0.040527 0.104492
0 0.253418 0.468750 0.095703 0.130859
0 0.083496 0.499512 0.161133 0.209961
0 0.016846 0.571289 0.027832 0.173828
0 0.569336 0.428711 0.010742 0.042969
0 0.585693 0.432617 0.035645 0.070312
0 0.592041 0.437012 0.028809 0.065430
0 0.606934 0.444336 0.050781 0.078125
0 0.835693 0.434570 0.090332 0.126953