1 0.263672 0.431641 0.004883 0.015625
1 0.212891 0.451172 0.009766 0.056641
1 0.066162 0.454102 0.013184 0.070312
1 0.021240 0.453613 0.010254 0.069336
1 0.948975 0.414062 0.028809 0.144531
1 0.846680 0.386230 0.037109 0.100586
1 0.609863 0.441895 0.045898 0.147461
0 0.545898 0.417969 0.023438 0.013672
0 0.254639 0.439453 0.019043 0.015625
0 0.399658 0.425293 0.034668 0.057617
0 0.450684 0.390137 0.069336 0.028320
0 0.676514 0.413086 0.032715 0.021484
0 0.775635 0.404785 0.039551 0.022461
0 0.917480 0.419434 0.048828 0.053711
0 0.637451 0.437988 0.096191 0.083008
0 0.522217 0.454590 0.028809 0.098633
0 0.281738 0.443359 0.009766 0.035156
0 0.321533 0.457520 0.083496 0.125977
0 0.462402 0.507812 0.143555 0.232422