1 0.106201 0.465332 0.025879 0.127930
1 0.180908 0.451172 0.014160 0.044922
0 0.073486 0.452148 0.003418 0.033203
0 0.124023 0.448242 0.010742 0.041016
0 0.155518 0.448242 0.022949 0.035156
0 0.237305 0.446777 0.009766 0.028320
0 0.281250 0.448730 0.011719 0.022461
0 0.388428 0.456543 0.008301 0.010742
0 0.376953 0.456055 0.015625 0.011719
0 0.359619 0.453125 0.013184 0.015625
0 0.802002 0.458984 0.066895 0.109375
0 0.402832 0.456543 0.008789 0.012695
0 0.418945 0.457031 0.027344 0.076172
0 0.464111 0.477051 0.096191 0.157227