1 0.178711 0.443359 0.017578 0.126953
1 0.159912 0.439453 0.025879 0.130859
1 0.135498 0.442871 0.027832 0.147461
1 0.037842 0.484375 0.069824 0.320312
1 0.587158 0.452637 0.016113 0.092773
1 0.617676 0.453125 0.011719 0.087891
1 0.607910 0.456543 0.017578 0.086914
1 0.630859 0.456055 0.014648 0.085938
1 0.801514 0.371582 0.011230 0.022461
1 0.820312 0.493652 0.054688 0.278320
1 0.864258 0.466309 0.058594 0.333008
1 0.189209 0.459961 0.030762 0.167969
0 0.444824 0.440918 0.011719 0.024414
0 0.449219 0.442871 0.012695 0.024414
0 0.463135 0.445801 0.020996 0.032227
0 0.511230 0.429199 0.048828 0.055664
0 0.416260 0.443359 0.035645 0.031250
0 0.370605 0.434570 0.008789 0.087891
0 0.503174 0.453613 0.020020 0.045898
0 0.506836 0.456543 0.010742 0.045898
0 0.511963 0.456543 0.015137 0.053711
0 0.533691 0.453125 0.041016 0.074219
0 0.344482 0.430176 0.048340 0.112305
0 0.330078 0.449707 0.041992 0.086914