0 0.564941 0.450195 0.048828 0.068359
0 0.266846 0.433105 0.017090 0.022461
0 0.045654 0.421875 0.012207 0.021484
0 0.066895 0.423828 0.016602 0.017578
0 0.128662 0.429199 0.015137 0.022461
0 0.145508 0.429688 0.023438 0.033203
0 0.189941 0.432617 0.016602 0.019531
0 0.297119 0.434570 0.021973 0.025391
0 0.340576 0.436035 0.020020 0.026367
0 0.443848 0.437500 0.018555 0.037109
0 0.468506 0.448730 0.031738 0.077148
0 0.700684 0.471191 0.100586 0.141602
0 0.509521 0.461426 0.078613 0.124023
0 0.361328 0.432129 0.026367 0.040039
0 0.420166 0.434570 0.032715 0.050781