1 0.318359 0.435059 0.015625 0.051758
1 0.294678 0.445801 0.023926 0.063477
1 0.540283 0.441895 0.020996 0.102539
1 0.679688 0.421387 0.013672 0.100586
0 0.450684 0.428223 0.022461 0.020508
0 0.451416 0.442871 0.019043 0.036133
0 0.446045 0.445801 0.021973 0.036133
0 0.476562 0.444336 0.028320 0.041016
0 0.401123 0.452637 0.026855 0.067383
0 0.373535 0.455566 0.049805 0.077148
0 0.530518 0.435059 0.009277 0.018555
0 0.522217 0.431641 0.010254 0.011719
0 0.520508 0.438965 0.014648 0.022461
0 0.549072 0.437500 0.004395 0.027344
0 0.560059 0.438477 0.023438 0.052734
0 0.563721 0.443359 0.013184 0.054688
0 0.572998 0.442383 0.016113 0.072266
0 0.595459 0.442383 0.045410 0.091797
0 0.603027 0.453125 0.031250 0.089844
0 0.642090 0.454590 0.075195 0.108398
0 0.762695 0.501953 0.137695 0.232422
0 0.886230 0.533691 0.222656 0.411133