1 0.434082 0.409668 0.003906 0.024414
1 0.429932 0.408691 0.007324 0.030273
1 0.422119 0.402344 0.004395 0.017578
1 0.293701 0.423828 0.010254 0.089844
1 0.530273 0.421875 0.011719 0.048828
1 0.610840 0.418457 0.008789 0.049805
1 0.583252 0.429199 0.015137 0.047852
1 0.555176 0.420898 0.007812 0.060547
1 0.550537 0.422852 0.008301 0.056641
0 0.464355 0.393066 0.010742 0.018555
0 0.477539 0.389648 0.017578 0.025391
0 0.459473 0.404785 0.012695 0.016602
0 0.485107 0.412598 0.007324 0.028320
0 0.477295 0.413574 0.018066 0.032227
0 0.452881 0.411133 0.013184 0.025391
0 0.444824 0.415527 0.020508 0.030273
0 0.469727 0.420898 0.024414 0.037109
0 0.406494 0.418945 0.033691 0.054688
0 0.330811 0.419922 0.073730 0.113281
0 0.032227 0.494141 0.058594 0.224609
0 0.537109 0.409180 0.008789 0.019531
0 0.509521 0.423828 0.027832 0.044922
0 0.874023 0.512695 0.247070 0.353516