1 0.337402 0.424316 0.003906 0.012695
1 0.317139 0.425781 0.008301 0.015625
1 0.218994 0.434570 0.005371 0.017578
1 0.213623 0.435547 0.004395 0.017578
1 0.203369 0.433594 0.009277 0.023438
1 0.195068 0.432129 0.008301 0.030273
1 0.161865 0.433594 0.005371 0.033203
1 0.155273 0.430176 0.007812 0.030273
1 0.165771 0.432617 0.008301 0.035156
1 0.065674 0.428223 0.007324 0.040039
1 0.073730 0.425293 0.010742 0.041992
1 0.059570 0.425293 0.004883 0.049805
1 0.052246 0.426270 0.007812 0.047852
0 0.673096 0.475098 0.029785 0.018555
0 0.742432 0.473633 0.042480 0.027344
0 0.574707 0.461426 0.027344 0.038086
0 0.614746 0.456543 0.063477 0.077148
0 0.532715 0.461914 0.033203 0.044922
0 0.887207 0.641113 0.220703 0.670898