1 0.569580 0.424316 0.017090 0.071289
1 0.558838 0.418945 0.011230 0.052734
1 0.365234 0.435059 0.006836 0.028320
1 0.421875 0.432617 0.019531 0.048828
1 0.445068 0.468750 0.016113 0.152344
1 0.455322 0.468750 0.020020 0.156250
0 0.195312 0.462891 0.050781 0.062500
0 0.229736 0.461426 0.038574 0.053711
0 0.262207 0.462891 0.060547 0.052734
0 0.307129 0.461914 0.030273 0.054688
0 0.370850 0.443848 0.037598 0.024414
0 0.342041 0.466797 0.059082 0.068359
0 0.379150 0.467773 0.026855 0.064453
0 0.392822 0.466309 0.020020 0.069336
0 0.405273 0.456543 0.022461 0.075195
0 0.467529 0.459961 0.119629 0.097656
0 0.464600 0.474121 0.114746 0.083008
0 0.455078 0.480957 0.079102 0.114258