1 0.656738 0.419922 0.009766 0.068359
1 0.746338 0.430176 0.012207 0.100586
1 0.430176 0.417480 0.005859 0.028320
1 0.365967 0.425293 0.009277 0.045898
1 0.357910 0.426758 0.007812 0.042969
1 0.352295 0.424805 0.007324 0.041016
0 0.182861 0.443848 0.007324 0.034180
0 0.463379 0.426758 0.021484 0.029297
0 0.521973 0.417969 0.019531 0.019531
0 0.714111 0.426758 0.048340 0.074219
0 0.738281 0.437500 0.028320 0.078125
0 0.392822 0.431641 0.028809 0.039062
0 0.293457 0.436523 0.051758 0.054688
0 0.614990 0.442871 0.053223 0.081055
0 0.550049 0.416016 0.010254 0.021484
0 0.560547 0.415039 0.019531 0.023438