1 0.614014 0.431152 0.009277 0.053711
1 0.390625 0.429199 0.002930 0.024414
1 0.388428 0.432129 0.003418 0.014648
1 0.503906 0.435547 0.007812 0.041016
1 0.280518 0.409668 0.012207 0.018555
1 0.243408 0.409668 0.013184 0.022461
1 0.383057 0.451660 0.018066 0.102539
0 0.613525 0.438477 0.020996 0.042969
0 0.575195 0.434082 0.058594 0.108398
0 0.827393 0.452148 0.115723 0.125000
0 0.883789 0.460938 0.042969 0.140625
0 0.509277 0.429199 0.004883 0.008789
0 0.447510 0.440430 0.015137 0.031250
0 0.444336 0.443359 0.007812 0.031250
0 0.442139 0.444824 0.008301 0.034180
0 0.417969 0.430664 0.041992 0.072266
0 0.408936 0.448730 0.025879 0.043945
0 0.380859 0.457520 0.016602 0.057617
0 0.350830 0.449707 0.047363 0.090820
0 0.330078 0.458496 0.048828 0.081055
0 0.283203 0.475586 0.077148 0.113281
0 0.022461 0.437988 0.039062 0.014648
0 0.018799 0.472656 0.031738 0.060547
0 0.137451 0.562012 0.269043 0.383789