1 0.593262 0.409180 0.013672 0.072266
1 0.586426 0.409668 0.018555 0.071289
1 0.654053 0.401367 0.013184 0.070312
1 0.718750 0.402832 0.025391 0.108398
1 0.821533 0.419922 0.047363 0.177734
1 0.921631 0.422852 0.052246 0.261719
1 0.009277 0.437500 0.012695 0.128906
1 0.093018 0.435059 0.013184 0.094727
1 0.103027 0.430176 0.017578 0.100586
1 0.154541 0.440430 0.030762 0.171875
1 0.237793 0.440918 0.045898 0.172852
1 0.191162 0.429688 0.041504 0.197266
1 0.308594 0.351562 0.015625 0.017578
1 0.281494 0.422852 0.017090 0.130859
1 0.462891 0.402344 0.010742 0.078125
1 0.397949 0.411133 0.020508 0.105469
1 0.396729 0.410156 0.020020 0.113281