1 0.479492 0.426270 0.005859 0.028320
1 0.487793 0.424805 0.003906 0.017578
1 0.313965 0.400391 0.009766 0.017578
1 0.531006 0.425293 0.006348 0.032227
0 0.514404 0.409668 0.007324 0.008789
0 0.512451 0.419434 0.013184 0.016602
0 0.458008 0.425293 0.020508 0.038086
0 0.438721 0.430176 0.013184 0.028320
0 0.431152 0.429688 0.009766 0.029297
0 0.425049 0.430176 0.009277 0.036133
0 0.417480 0.430176 0.014648 0.041992
0 0.410156 0.431152 0.014648 0.045898
0 0.393799 0.435547 0.030762 0.060547
0 0.392334 0.439941 0.025879 0.061523
0 0.375732 0.440430 0.024902 0.070312
0 0.357178 0.445801 0.035645 0.077148
0 0.319092 0.450684 0.062012 0.086914
0 0.268066 0.468262 0.061523 0.112305
0 0.185303 0.476074 0.139160 0.159180
0 0.538086 0.423828 0.010742 0.029297
0 0.545898 0.421875 0.017578 0.025391
0 0.546143 0.426758 0.007324 0.029297
0 0.551758 0.428711 0.012695 0.033203
0 0.557373 0.432617 0.015137 0.033203
0 0.565674 0.435547 0.012207 0.037109
0 0.569824 0.437988 0.009766 0.041992
0 0.576660 0.433594 0.013672 0.050781
0 0.586914 0.437500 0.030273 0.060547
0 0.603516 0.443359 0.027344 0.068359
0 0.615234 0.447266 0.028320 0.074219
0 0.647217 0.461426 0.077637 0.104492
0 0.877197 0.533691 0.239746 0.266602