1 0.510986 0.428223 0.008301 0.067383
1 0.529785 0.400391 0.009766 0.035156
1 0.525391 0.412109 0.009766 0.029297
1 0.650146 0.435547 0.009277 0.062500
1 0.705078 0.549805 0.001953 0.011719
1 0.894287 0.439453 0.038574 0.195312
1 0.941162 0.442383 0.050293 0.189453
1 0.985596 0.440918 0.023926 0.243164
1 0.144531 0.403320 0.011719 0.019531
1 0.112061 0.431641 0.018066 0.083984
1 0.047607 0.427246 0.013184 0.084961
1 0.061035 0.429688 0.013672 0.091797
0 0.358643 0.422852 0.007324 0.009766
0 0.365723 0.422363 0.008789 0.016602
0 0.350342 0.421875 0.003418 0.021484
0 0.418701 0.420898 0.021973 0.039062
0 0.393311 0.438477 0.042480 0.062500
0 0.437744 0.442871 0.022949 0.077148
0 0.470947 0.460449 0.073730 0.124023
0 0.552734 0.456543 0.071289 0.102539
0 0.333984 0.421387 0.007812 0.012695
0 0.305908 0.434570 0.033691 0.052734
0 0.266846 0.439941 0.050293 0.071289
0 0.089600 0.424805 0.070801 0.050781
0 0.045654 0.426758 0.018066 0.052734
0 0.146484 0.450684 0.057617 0.077148
0 0.196045 0.452637 0.066895 0.092773
0 0.021729 0.468750 0.037598 0.365234