1 0.513916 0.451172 0.011230 0.046875
1 0.502197 0.451660 0.012207 0.049805
0 0.463867 0.459473 0.023438 0.061523
0 0.437256 0.463379 0.053223 0.092773
0 0.429443 0.482910 0.057129 0.112305
0 0.395264 0.508301 0.058105 0.182617
0 0.354248 0.526855 0.094238 0.239258
0 0.235107 0.581055 0.273926 0.384766
0 0.120605 0.684570 0.235352 0.621094
0 0.508789 0.438965 0.006836 0.020508
0 0.558105 0.470215 0.030273 0.079102
0 0.572754 0.480469 0.024414 0.103516
0 0.636719 0.504883 0.084961 0.156250
0 0.780518 0.564453 0.269043 0.384766