1 0.073242 0.438965 0.018555 0.081055
1 0.666748 0.418945 0.012207 0.091797
1 0.774902 0.460938 0.061523 0.359375
1 0.739258 0.409180 0.035156 0.248047
1 0.705322 0.494629 0.100098 0.551758
1 0.919434 0.464355 0.055664 0.362305
1 0.979004 0.476074 0.037109 0.346680
1 0.812012 0.481934 0.085938 0.463867
1 0.952148 0.480469 0.086914 0.394531
1 0.554932 0.475098 0.073730 0.336914
1 0.492188 0.496582 0.065430 0.387695
1 0.402832 0.500488 0.102539 0.338867
0 0.105469 0.433105 0.021484 0.022461
0 0.131836 0.429199 0.010742 0.008789
0 0.450928 0.423340 0.020996 0.041992
0 0.445557 0.429688 0.013184 0.037109
0 0.436035 0.430664 0.017578 0.041016
0 0.425049 0.432617 0.030762 0.042969
0 0.468506 0.430664 0.019043 0.044922
0 0.533203 0.431152 0.009766 0.047852
0 0.519775 0.432129 0.029785 0.059570