0 0.106445 0.424316 0.058594 0.065430
0 0.062500 0.442383 0.074219 0.132812
0 0.329590 0.418945 0.040039 0.039062
0 0.217041 0.410645 0.091309 0.071289
0 0.499023 0.424805 0.011719 0.027344
0 0.488770 0.412598 0.022461 0.049805
0 0.481934 0.415527 0.008789 0.022461
0 0.478271 0.437012 0.016113 0.028320
0 0.435791 0.426758 0.069824 0.058594
0 0.432861 0.428711 0.065918 0.054688
0 0.688965 0.448730 0.129883 0.083008
0 0.985840 0.391602 0.023438 0.027344
0 0.953369 0.405762 0.020996 0.010742
0 0.937012 0.411621 0.021484 0.030273
0 0.942871 0.451660 0.109375 0.096680
0 0.572510 0.435547 0.062988 0.074219