1 0.475342 0.423828 0.002441 0.011719
1 0.482666 0.434570 0.015137 0.064453
1 0.619629 0.408203 0.013672 0.019531
1 0.597412 0.410156 0.006348 0.011719
0 0.522705 0.426270 0.005371 0.014648
0 0.491699 0.428223 0.008789 0.020508
0 0.498779 0.432617 0.009277 0.023438
0 0.510742 0.434570 0.024414 0.041016
0 0.446777 0.431641 0.006836 0.021484
0 0.457520 0.436523 0.019531 0.035156
0 0.427490 0.437988 0.020996 0.040039
0 0.535156 0.434570 0.010742 0.037109
0 0.535889 0.437500 0.008301 0.035156
0 0.551270 0.440918 0.014648 0.047852
0 0.571289 0.441895 0.041016 0.067383
0 0.614990 0.465332 0.029785 0.112305
0 0.665039 0.472168 0.105469 0.170898
0 0.416016 0.439941 0.010742 0.043945
0 0.407959 0.420410 0.005371 0.014648
0 0.304199 0.459473 0.042969 0.096680
0 0.374512 0.471680 0.089844 0.130859
0 0.267578 0.462891 0.052734 0.113281
0 0.209961 0.470215 0.090820 0.143555
0 0.124268 0.495117 0.131348 0.175781
0 0.836670 0.558594 0.241699 0.330078
0 0.926514 0.639160 0.142090 0.499023
0 0.039795 0.509766 0.073730 0.251953