0 0.483154 0.416504 0.009277 0.010742
0 0.496338 0.422852 0.007324 0.013672
0 0.502441 0.427246 0.008789 0.004883
0 0.406982 0.413574 0.013184 0.014648
0 0.419922 0.413574 0.016602 0.008789
0 0.396973 0.413086 0.006836 0.011719
0 0.376709 0.407715 0.016113 0.016602
0 0.685303 0.437988 0.007324 0.008789
0 0.701416 0.441406 0.006348 0.009766
0 0.703857 0.442383 0.002441 0.007812
0 0.575928 0.435547 0.028809 0.041016
0 0.602051 0.443359 0.026367 0.048828
0 0.507568 0.417480 0.016113 0.018555
0 0.528320 0.453613 0.059570 0.083008
0 0.649658 0.479492 0.101074 0.138672
0 0.847656 0.465820 0.299805 0.603516