1 0.081299 0.429688 0.011230 0.076172
1 0.203125 0.431152 0.008789 0.057617
1 0.258301 0.427246 0.008789 0.055664
1 0.266602 0.424316 0.008789 0.061523
1 0.311279 0.406250 0.007324 0.021484
1 0.467041 0.403809 0.004395 0.006836
1 0.524414 0.407227 0.002930 0.021484
1 0.528076 0.406738 0.003418 0.020508
1 0.647217 0.399414 0.012207 0.044922
1 0.637451 0.407227 0.011230 0.054688
1 0.687744 0.380371 0.006348 0.034180
1 0.694824 0.425293 0.016602 0.139648
1 0.703125 0.430664 0.022461 0.136719
1 0.665039 0.421387 0.024414 0.137695
1 0.677979 0.423828 0.020996 0.138672
1 0.758789 0.404785 0.014648 0.100586
0 0.040039 0.474121 0.074219 0.229492
0 0.511963 0.414062 0.021973 0.027344
0 0.494385 0.416504 0.010254 0.026367
0 0.463623 0.417969 0.013184 0.027344
0 0.480713 0.418457 0.025879 0.034180
0 0.454346 0.418457 0.016113 0.028320
0 0.446045 0.419922 0.010254 0.029297
0 0.402832 0.419434 0.013672 0.032227
0 0.391602 0.423828 0.024414 0.039062
0 0.375732 0.425781 0.021973 0.041016
0 0.352539 0.423828 0.035156 0.054688
0 0.320557 0.433105 0.042480 0.049805
0 0.424316 0.420898 0.039062 0.054688
0 0.151367 0.455078 0.099609 0.111328