1 0.560059 0.418945 0.015625 0.054688
1 0.563965 0.414551 0.006836 0.057617
1 0.577393 0.410156 0.006348 0.056641
1 0.582031 0.412109 0.005859 0.056641
1 0.587402 0.412109 0.007812 0.052734
1 0.603027 0.414062 0.010742 0.054688
1 0.237549 0.433105 0.021973 0.094727
0 0.507568 0.408203 0.012207 0.015625
0 0.536133 0.439453 0.050781 0.089844
0 0.389648 0.419434 0.011719 0.028320
0 0.351074 0.398926 0.066406 0.096680
0 0.448730 0.463867 0.135742 0.205078
0 0.822266 0.421875 0.001953 0.060547
0 0.846924 0.428711 0.003418 0.072266
0 0.920166 0.402344 0.012207 0.021484
0 0.956055 0.433105 0.083008 0.094727
0 0.959229 0.447266 0.076660 0.097656
0 0.604980 0.468750 0.005859 0.103516
0 0.680176 0.457031 0.147461 0.287109
0 0.076660 0.472656 0.147461 0.179688