1 0.630859 0.402344 0.008789 0.011719
1 0.672363 0.419434 0.010742 0.047852
1 0.701172 0.430176 0.008789 0.051758
1 0.710938 0.427246 0.011719 0.057617
1 0.721191 0.432617 0.011719 0.054688
1 0.734619 0.419434 0.008301 0.036133
1 0.740479 0.440430 0.015137 0.087891
1 0.989014 0.353516 0.017090 0.035156
1 0.965332 0.367188 0.007812 0.009766
1 0.490234 0.428711 0.005859 0.056641
1 0.467041 0.426758 0.007324 0.070312
0 0.516846 0.420898 0.004395 0.009766
0 0.524902 0.424805 0.006836 0.015625
0 0.536133 0.424805 0.017578 0.031250
0 0.820801 0.470215 0.129883 0.194336
0 0.917236 0.497070 0.160645 0.253906
0 0.507812 0.427246 0.017578 0.032227
0 0.450928 0.430664 0.007324 0.025391
0 0.427246 0.433594 0.021484 0.035156
0 0.383301 0.438965 0.082031 0.174805
0 0.210693 0.445801 0.121582 0.198242
0 0.321533 0.483398 0.139160 0.199219
0 0.101318 0.597168 0.196777 0.655273