1 0.355469 0.399902 0.007812 0.018555
1 0.254395 0.412109 0.015625 0.056641
1 0.541016 0.471680 0.061523 0.277344
1 0.074707 0.415527 0.011719 0.065430
1 0.036377 0.435059 0.031738 0.110352
1 0.342529 0.413086 0.009277 0.048828
1 0.320068 0.471191 0.089355 0.290039
1 0.947021 0.383789 0.019043 0.083984
1 0.909424 0.396484 0.019043 0.117188
1 0.924072 0.394531 0.030762 0.119141
0 0.564453 0.405762 0.011719 0.026367
0 0.584229 0.407715 0.016113 0.026367
0 0.614746 0.418945 0.031250 0.050781
0 0.507812 0.432129 0.039062 0.067383
0 0.651123 0.433594 0.038574 0.076172
0 0.708252 0.439941 0.095215 0.139648
0 0.794922 0.452148 0.206055 0.158203
0 0.450439 0.433594 0.024902 0.062500
0 0.431641 0.436035 0.024414 0.069336
0 0.414795 0.443359 0.029785 0.082031
0 0.376465 0.446289 0.074219 0.097656