1 0.219727 0.444824 0.020508 0.120117
1 0.203125 0.440918 0.021484 0.127930
0 0.553467 0.411133 0.013184 0.019531
0 0.542725 0.418457 0.013184 0.030273
0 0.561035 0.433105 0.024414 0.047852
0 0.521729 0.433105 0.040527 0.067383
0 0.576660 0.438477 0.023438 0.064453
0 0.604248 0.441895 0.058105 0.086914
0 0.429688 0.418457 0.011719 0.020508
0 0.464844 0.399414 0.021484 0.015625
0 0.490479 0.428711 0.016113 0.044922
0 0.477051 0.431152 0.025391 0.047852
0 0.450439 0.443359 0.045410 0.076172
0 0.375732 0.459961 0.114746 0.175781
0 0.732910 0.552246 0.241211 0.264648