1 0.208984 0.446777 0.011719 0.047852
1 0.544189 0.437500 0.008301 0.031250
1 0.786377 0.423828 0.020020 0.087891
1 0.888916 0.460449 0.028809 0.139648
1 0.860352 0.450195 0.033203 0.173828
0 0.377686 0.443359 0.012207 0.019531
0 0.315674 0.446777 0.019043 0.030273
0 0.304443 0.448242 0.012207 0.031250
0 0.295898 0.448242 0.015625 0.029297
0 0.279053 0.449219 0.027832 0.033203
0 0.173584 0.457520 0.042480 0.049805
0 0.137695 0.453125 0.035156 0.066406
0 0.059814 0.454102 0.028809 0.046875
0 0.025635 0.459961 0.045410 0.044922
0 0.073975 0.462891 0.052246 0.064453
0 0.559814 0.440430 0.007324 0.031250
0 0.581787 0.444336 0.013184 0.039062
0 0.947510 0.449707 0.100098 0.139648