0 0.566406 0.416504 0.014648 0.018555
0 0.545410 0.416016 0.014648 0.021484
0 0.413330 0.461426 0.051270 0.118164
0 0.347168 0.490723 0.125000 0.204102
0 0.154785 0.536621 0.303711 0.364258
0 0.603271 0.428711 0.017090 0.048828
0 0.613037 0.433594 0.015137 0.062500
0 0.622070 0.432617 0.021484 0.074219
0 0.631348 0.436523 0.018555 0.087891
0 0.658203 0.433105 0.053711 0.100586
0 0.660400 0.458984 0.050293 0.119141
0 0.751465 0.449219 0.155273 0.253906
0 0.791748 0.503418 0.122559 0.239258
0 0.888916 0.550293 0.217285 0.364258