1 0.500977 0.439941 0.025391 0.122070
1 0.521973 0.440430 0.022461 0.126953
1 0.533447 0.434082 0.028809 0.141602
1 0.694580 0.423828 0.008301 0.042969
1 0.671143 0.439453 0.020996 0.085938
1 0.648193 0.439941 0.014160 0.086914
1 0.630859 0.459961 0.003906 0.013672
1 0.622803 0.434570 0.014160 0.097656
1 0.635742 0.433594 0.019531 0.121094
1 0.809570 0.395508 0.007812 0.021484
1 0.818359 0.396973 0.008789 0.016602
1 0.925293 0.433594 0.013672 0.107422
1 0.947021 0.429688 0.043457 0.169922
1 0.871582 0.536133 0.143555 0.667969
1 0.734619 0.524414 0.106934 0.509766
1 0.583252 0.548828 0.170410 0.593750
1 0.410889 0.475586 0.060059 0.291016
1 0.127930 0.337891 0.012695 0.023438
1 0.129395 0.356445 0.032227 0.046875
1 0.361572 0.542480 0.149902 0.557617
1 0.182373 0.541504 0.089355 0.518555
1 0.068848 0.528320 0.131836 0.804688
0 0.443359 0.400391 0.015625 0.013672
0 0.463623 0.450195 0.043457 0.091797
0 0.506836 0.431152 0.038086 0.071289
0 0.659180 0.433105 0.059570 0.083008
0 0.439209 0.453125 0.034668 0.146484
0 0.410400 0.482910 0.088379 0.215820
0 0.066162 0.454590 0.126465 0.182617
0 0.171143 0.537109 0.304199 0.373047