1 0.503662 0.425293 0.012207 0.045898
1 0.471191 0.403320 0.010742 0.021484
1 0.517822 0.435059 0.019043 0.073242
1 0.094971 0.438965 0.016113 0.079102
1 0.108887 0.434082 0.018555 0.081055
1 0.671387 0.384766 0.017578 0.035156
1 0.690674 0.452637 0.047363 0.204102
1 0.557617 0.425781 0.007812 0.066406
1 0.567627 0.432129 0.016113 0.079102
0 0.444824 0.406250 0.016602 0.009766
0 0.439697 0.428711 0.017090 0.037109
0 0.476562 0.403809 0.024414 0.038086
0 0.418701 0.435059 0.029785 0.049805
0 0.228027 0.542969 0.285156 0.357422
0 0.657959 0.462402 0.145020 0.120117