1 0.500732 0.427246 0.007324 0.034180
1 0.635742 0.435547 0.007812 0.093750
1 0.639648 0.436035 0.011719 0.088867
0 0.164551 0.446777 0.036133 0.057617
0 0.060059 0.458008 0.034180 0.064453
0 0.031250 0.460938 0.056641 0.078125
0 0.487061 0.426758 0.011230 0.017578
0 0.502930 0.426270 0.012695 0.014648
0 0.567383 0.429199 0.009766 0.032227
0 0.574219 0.430176 0.014648 0.036133
0 0.580811 0.430664 0.014160 0.033203
0 0.583984 0.430664 0.016602 0.037109
0 0.596924 0.435059 0.020020 0.051758
0 0.608887 0.440430 0.016602 0.054688
0 0.617920 0.440918 0.022949 0.061523
0 0.626465 0.440918 0.017578 0.065430
0 0.681152 0.443359 0.044922 0.103516
0 0.723145 0.447754 0.075195 0.112305