1 0.223633 0.420410 0.007812 0.014648
1 0.089600 0.416016 0.010254 0.025391
1 0.100830 0.416016 0.013184 0.027344
1 0.007812 0.410645 0.009766 0.022461
1 0.790039 0.384766 0.006836 0.009766
0 0.294922 0.462402 0.034180 0.088867
0 0.256104 0.467285 0.064941 0.102539
0 0.203125 0.475098 0.073242 0.114258
0 0.140381 0.487305 0.086426 0.140625
0 0.066406 0.506348 0.126953 0.178711
0 0.440186 0.422363 0.020020 0.036133
0 0.459717 0.426758 0.015137 0.033203
0 0.448486 0.434082 0.026855 0.038086
0 0.489502 0.426758 0.023926 0.046875
0 0.565430 0.430176 0.009766 0.038086
0 0.544678 0.442383 0.044434 0.076172
0 0.721436 0.454102 0.056152 0.119141
0 0.758301 0.462402 0.076172 0.145508
0 0.832764 0.465820 0.137207 0.189453
0 0.920654 0.489746 0.153809 0.252930
0 0.984131 0.579590 0.026855 0.178711