1 0.770020 0.429688 0.012695 0.029297
1 0.781006 0.424805 0.014160 0.044922
1 0.799561 0.427734 0.010254 0.041016
1 0.806641 0.429199 0.006836 0.036133
1 0.813721 0.427734 0.010254 0.039062
1 0.984375 0.442383 0.026367 0.160156
1 0.642090 0.430664 0.002930 0.021484
1 0.649658 0.430176 0.003418 0.022461
0 0.421143 0.436035 0.008301 0.010742
0 0.445312 0.442383 0.025391 0.029297
0 0.668945 0.435059 0.027344 0.028320
0 0.572266 0.452148 0.019531 0.058594
0 0.543701 0.442871 0.043457 0.084961
0 0.531982 0.458008 0.062988 0.095703
0 0.611816 0.459961 0.058594 0.089844
0 0.706543 0.460938 0.068359 0.101562
0 0.061279 0.460449 0.083496 0.049805
0 0.353516 0.464355 0.120117 0.190430