1 0.482178 0.468262 0.009277 0.055664
1 0.387695 0.477051 0.010742 0.057617
1 0.374512 0.478027 0.010742 0.053711
1 0.228516 0.433105 0.016602 0.061523
1 0.261230 0.464355 0.015625 0.108398
1 0.275146 0.458984 0.016113 0.119141
1 0.706299 0.480957 0.024902 0.209961
1 0.689697 0.481934 0.042480 0.215820
1 0.740723 0.417480 0.030273 0.133789
1 0.852051 0.485840 0.057617 0.424805
1 0.894043 0.557617 0.052734 0.275391
1 0.804688 0.517578 0.067383 0.425781
1 0.769043 0.520508 0.071289 0.441406
1 0.303711 0.500488 0.092773 0.350586
1 0.404785 0.488770 0.007812 0.032227
0 0.405518 0.488770 0.020020 0.036133
0 0.448730 0.475098 0.069336 0.110352
0 0.246338 0.469238 0.020996 0.077148
0 0.327393 0.484375 0.087402 0.144531
0 0.130615 0.523926 0.221191 0.288086
0 0.036865 0.602539 0.067871 0.359375