1 0.577148 0.410645 0.015625 0.043945
1 0.608887 0.411621 0.010742 0.053711
1 0.662842 0.400879 0.017090 0.047852
1 0.505859 0.431641 0.025391 0.126953
0 0.450928 0.410156 0.012207 0.037109
0 0.423828 0.406738 0.024414 0.040039
0 0.521240 0.409668 0.012207 0.045898
0 0.524414 0.415039 0.013672 0.044922
0 0.549316 0.426270 0.053711 0.094727
0 0.239990 0.366699 0.059082 0.045898
0 0.221436 0.397949 0.021973 0.034180
0 0.292725 0.420410 0.056152 0.110352
0 0.278076 0.432129 0.063965 0.110352
0 0.383545 0.405762 0.062988 0.043945
0 0.702393 0.458008 0.109863 0.148438
0 0.870850 0.526855 0.253418 0.405273
0 0.145996 0.451172 0.156250 0.175781