1 0.741211 0.426758 0.009766 0.041016
1 0.876465 0.383301 0.009766 0.018555
1 0.888916 0.385254 0.008301 0.018555
1 0.447266 0.443359 0.017578 0.083984
1 0.466309 0.443359 0.017578 0.082031
1 0.427490 0.450684 0.020996 0.106445
1 0.409180 0.447266 0.020508 0.113281
1 0.394775 0.449219 0.020996 0.115234
0 0.648682 0.431152 0.008301 0.014648
0 0.657715 0.427734 0.011719 0.019531
0 0.600342 0.432129 0.020020 0.020508
0 0.584717 0.439453 0.018066 0.027344
0 0.558594 0.440430 0.019531 0.029297
0 0.630127 0.428223 0.020020 0.020508
0 0.635498 0.437500 0.024902 0.027344
0 0.663086 0.434082 0.011719 0.026367
0 0.666992 0.437500 0.006836 0.027344
0 0.673828 0.433594 0.008789 0.039062
0 0.695312 0.435059 0.047852 0.083008
0 0.614746 0.435059 0.014648 0.024414
0 0.827393 0.410645 0.079590 0.153320
0 0.860840 0.448730 0.056641 0.116211
0 0.879639 0.451660 0.038574 0.120117
0 0.935059 0.451172 0.115234 0.146484