0 0.924316 0.408203 0.024414 0.035156
0 0.971680 0.404297 0.011719 0.023438
0 0.951904 0.411621 0.027832 0.045898
0 0.960205 0.417969 0.034668 0.037109
0 0.902344 0.414551 0.020508 0.038086
0 0.620850 0.433105 0.006348 0.040039
0 0.653320 0.428223 0.061523 0.094727
0 0.812988 0.421387 0.031250 0.041992
0 0.878418 0.418457 0.041016 0.053711
0 0.842529 0.429199 0.050293 0.057617
0 0.777344 0.444824 0.043945 0.073242
0 0.730713 0.452637 0.072754 0.120117
0 0.072021 0.455566 0.138184 0.211914
0 0.426514 0.433594 0.060059 0.087891
0 0.490967 0.452148 0.106934 0.132812
0 0.325439 0.498047 0.207520 0.269531