1 0.288330 0.409180 0.005371 0.005859
1 0.375488 0.417480 0.005859 0.008789
1 0.399170 0.401367 0.013184 0.048828
1 0.965820 0.460449 0.042969 0.223633
1 0.675293 0.440918 0.009766 0.069336
1 0.683838 0.441895 0.015137 0.069336
1 0.599609 0.422363 0.004883 0.040039
0 0.517334 0.417480 0.008301 0.012695
0 0.565186 0.428711 0.035645 0.027344
0 0.430420 0.423828 0.007324 0.007812
0 0.283447 0.418457 0.049316 0.020508
0 0.234863 0.417480 0.043945 0.028320
0 0.169922 0.414062 0.026367 0.044922
0 0.636475 0.455566 0.062012 0.090820
0 0.013184 0.433594 0.020508 0.062500