1 0.555664 0.427734 0.008789 0.042969
1 0.564209 0.426270 0.009277 0.045898
1 0.575684 0.432129 0.012695 0.055664
1 0.586182 0.432617 0.012207 0.060547
1 0.455811 0.415039 0.004395 0.019531
1 0.446533 0.416992 0.008301 0.019531
1 0.437256 0.421387 0.003418 0.022461
1 0.429688 0.423340 0.008789 0.041992
1 0.371826 0.428711 0.009277 0.068359
1 0.377930 0.430176 0.008789 0.071289
1 0.385986 0.424805 0.013184 0.078125
1 0.350342 0.435547 0.011230 0.082031
1 0.330811 0.428711 0.009277 0.083984
1 0.339844 0.443848 0.016602 0.106445
1 0.321045 0.423828 0.012207 0.082031
1 0.639893 0.437988 0.014160 0.084961
1 0.877686 0.458496 0.017090 0.165039
1 0.915039 0.453125 0.011719 0.156250
1 0.926270 0.451172 0.027344 0.160156
1 0.903564 0.455566 0.033691 0.174805
1 0.955078 0.458984 0.036133 0.177734
1 0.987305 0.467773 0.020508 0.197266
1 0.862305 0.458496 0.037109 0.196289
1 0.817627 0.457520 0.036621 0.190430
0 0.547607 0.417969 0.005371 0.005859
0 0.553467 0.429688 0.015137 0.021484
0 0.445801 0.459961 0.041992 0.068359
0 0.508545 0.466309 0.089355 0.157227
0 0.193359 0.534180 0.270508 0.345703