1 0.427490 0.436035 0.025879 0.114258
1 0.404785 0.437500 0.020508 0.113281
1 0.490967 0.438965 0.021973 0.100586
1 0.570557 0.441895 0.029785 0.122070
1 0.537354 0.445801 0.029785 0.116211
1 0.685791 0.406738 0.013184 0.026367
1 0.363770 0.478516 0.049805 0.195312
1 0.365723 0.486328 0.055664 0.199219
1 0.478027 0.470703 0.049805 0.193359
1 0.647461 0.465332 0.046875 0.206055
1 0.657715 0.464355 0.064453 0.209961
1 0.748535 0.440430 0.038086 0.271484
1 0.476807 0.479492 0.042480 0.205078
0 0.501221 0.414062 0.015137 0.017578
0 0.448242 0.440918 0.024414 0.081055
0 0.698730 0.453125 0.141602 0.109375
0 0.203613 0.549316 0.166992 0.325195