1 0.299072 0.406738 0.015137 0.069336
1 0.329346 0.382324 0.006348 0.110352
1 0.515137 0.420410 0.016602 0.088867
1 0.502441 0.417969 0.014648 0.087891
1 0.487793 0.415039 0.018555 0.091797
0 0.166748 0.406250 0.016113 0.031250
0 0.177734 0.412109 0.025391 0.035156
0 0.009277 0.439941 0.012695 0.063477
0 0.145752 0.436523 0.047363 0.062500
0 0.662598 0.377441 0.015625 0.010742
0 0.742676 0.377930 0.042969 0.046875
0 0.761963 0.389160 0.004395 0.020508
0 0.610840 0.383789 0.014648 0.013672
0 0.636475 0.393555 0.045410 0.042969
0 0.686035 0.382812 0.065430 0.056641
0 0.701660 0.405762 0.067383 0.067383
0 0.596191 0.449707 0.095703 0.122070
0 0.102051 0.444336 0.062500 0.080078