1 0.717041 0.440430 0.013184 0.060547
1 0.699463 0.443848 0.016113 0.059570
1 0.904297 0.445312 0.039062 0.185547
0 0.302490 0.438965 0.015137 0.014648
0 0.287598 0.445801 0.019531 0.024414
0 0.237793 0.449219 0.018555 0.033203
0 0.250732 0.456055 0.010254 0.039062
0 0.263916 0.456055 0.028809 0.042969
0 0.198730 0.447754 0.030273 0.041992
0 0.219482 0.458496 0.028809 0.040039
0 0.173096 0.449219 0.030762 0.044922
0 0.501953 0.463379 0.017578 0.032227
0 0.530518 0.448730 0.044434 0.077148
0 0.368164 0.470703 0.123047 0.218750