1 0.557373 0.423828 0.008301 0.037109
1 0.569824 0.425293 0.005859 0.045898
1 0.575684 0.433105 0.006836 0.051758
1 0.562500 0.434082 0.011719 0.073242
1 0.586182 0.419434 0.010254 0.036133
1 0.593506 0.412109 0.006348 0.021484
1 0.602783 0.405273 0.011230 0.017578
1 0.282471 0.414062 0.011230 0.019531
0 0.458984 0.426270 0.008789 0.018555
0 0.470459 0.425781 0.014160 0.021484
0 0.437012 0.428711 0.015625 0.031250
0 0.434570 0.432129 0.013672 0.034180
0 0.423340 0.437988 0.020508 0.059570
0 0.388184 0.427246 0.059570 0.131836
0 0.507080 0.439453 0.070801 0.062500
0 0.308838 0.463379 0.050293 0.084961
0 0.293213 0.469238 0.037598 0.094727
0 0.245850 0.474609 0.080566 0.126953
0 0.598633 0.460449 0.043945 0.096680
0 0.620850 0.463379 0.027832 0.127930
0 0.670166 0.460449 0.102051 0.178711
0 0.716064 0.494141 0.119629 0.187500
0 0.834229 0.525391 0.187988 0.279297
0 0.927490 0.576172 0.140137 0.402344
0 0.182129 0.502930 0.077148 0.173828
0 0.078125 0.506836 0.150391 0.328125