1 0.272217 0.380859 0.013184 0.035156
1 0.494873 0.390625 0.004395 0.035156
1 0.501953 0.392578 0.012695 0.046875
1 0.482178 0.386230 0.020996 0.057617
1 0.494385 0.443359 0.016113 0.105469
1 0.330078 0.432129 0.019531 0.110352
1 0.600342 0.396973 0.020996 0.051758
1 0.572510 0.437012 0.009277 0.129883
1 0.576660 0.434570 0.029297 0.134766
1 0.516113 0.434082 0.018555 0.118164
1 0.532959 0.429688 0.015137 0.134766
1 0.544678 0.439941 0.020020 0.116211
1 0.206299 0.422852 0.018066 0.105469
1 0.182617 0.424805 0.014648 0.109375
1 0.168701 0.411621 0.016113 0.077148
1 0.148193 0.391113 0.027832 0.055664
1 0.098877 0.394531 0.017090 0.056641
1 0.458740 0.409180 0.023926 0.130859
1 0.423340 0.378418 0.013672 0.049805
1 0.434326 0.463379 0.041504 0.245117
1 0.392090 0.347656 0.014648 0.039062
1 0.377930 0.325195 0.008789 0.011719
1 0.353027 0.447266 0.026367 0.246094
1 0.389648 0.449219 0.006836 0.169922
1 0.409180 0.466797 0.040039 0.253906
1 0.377441 0.449219 0.047852 0.250000
1 0.301270 0.431641 0.040039 0.292969
0 0.124268 0.402344 0.030762 0.041016
0 0.748047 0.454590 0.055664 0.084961
0 0.697510 0.455566 0.058105 0.141602
0 0.644287 0.494141 0.136230 0.218750
0 0.897217 0.532227 0.200684 0.433594