1 0.315674 0.447754 0.032715 0.137695
1 0.602051 0.418457 0.016602 0.020508
0 0.274658 0.439453 0.008301 0.013672
0 0.106689 0.459961 0.018066 0.005859
0 0.006592 0.469727 0.007324 0.019531
0 0.535400 0.439453 0.013184 0.023438
0 0.523193 0.438965 0.017090 0.028320
0 0.505615 0.441406 0.014160 0.029297
0 0.499756 0.444336 0.020020 0.029297
0 0.553955 0.449219 0.007324 0.046875
0 0.563721 0.451172 0.023926 0.058594
0 0.568359 0.454590 0.021484 0.059570
0 0.574951 0.461426 0.016113 0.077148
0 0.593750 0.444336 0.047852 0.125000
0 0.598877 0.472656 0.037598 0.095703
0 0.625000 0.483398 0.048828 0.140625
0 0.684570 0.493652 0.125977 0.180664
0 0.859619 0.565918 0.275879 0.411133
0 0.945312 0.712402 0.104492 0.489258