1 0.361816 0.401367 0.009766 0.011719
0 0.703613 0.419434 0.011719 0.030273
0 0.715820 0.427246 0.025391 0.045898
0 0.820801 0.442383 0.025391 0.054688
0 0.787109 0.441406 0.050781 0.070312
0 0.474121 0.426758 0.011719 0.035156
0 0.422607 0.392090 0.041504 0.028320
0 0.454102 0.430176 0.040039 0.057617
0 0.383057 0.433594 0.020020 0.060547
0 0.327881 0.434570 0.029785 0.058594
0 0.353760 0.439941 0.057129 0.067383
0 0.411377 0.433105 0.056152 0.079102
0 0.285889 0.433105 0.031738 0.063477
0 0.244873 0.440918 0.023926 0.077148
0 0.931396 0.476562 0.111816 0.115234
0 0.739258 0.432617 0.036133 0.060547