1 0.552734 0.446289 0.013672 0.076172
0 0.527588 0.415527 0.009277 0.018555
0 0.543701 0.432129 0.008301 0.032227
0 0.492432 0.421387 0.037598 0.084961
0 0.556641 0.418457 0.001953 0.004883
0 0.568848 0.438477 0.023438 0.066406
0 0.498047 0.439941 0.009766 0.047852
0 0.570312 0.451172 0.014648 0.060547
0 0.482666 0.430664 0.027832 0.095703
0 0.462158 0.455078 0.052246 0.097656
0 0.450684 0.466309 0.039062 0.100586
0 0.604980 0.450684 0.063477 0.125977
0 0.594727 0.469238 0.014648 0.100586
0 0.620605 0.468262 0.064453 0.145508
0 0.680664 0.487793 0.111328 0.202148
0 0.404785 0.475586 0.085938 0.148438
0 0.743652 0.524902 0.181641 0.249023
0 0.317139 0.512695 0.146973 0.226562
0 0.138916 0.586426 0.271973 0.477539
0 0.941650 0.657715 0.111816 0.499023