1 0.661133 0.446777 0.023438 0.075195
0 0.311523 0.421875 0.026367 0.056641
0 0.827881 0.421875 0.068848 0.025391
0 0.765381 0.439453 0.040527 0.031250
0 0.791260 0.462402 0.073730 0.061523
0 0.918213 0.433105 0.158691 0.137695
0 0.974121 0.470703 0.046875 0.076172
0 0.363770 0.444336 0.011719 0.044922
0 0.475830 0.457520 0.033691 0.071289
0 0.454834 0.468750 0.047363 0.091797
0 0.400391 0.483398 0.089844 0.154297
0 0.624023 0.461426 0.025391 0.073242
0 0.570557 0.500488 0.113770 0.184570
0 0.206055 0.553223 0.318359 0.354492