1 0.240479 0.441406 0.017090 0.058594
1 0.227295 0.441895 0.013184 0.053711
1 0.027344 0.424805 0.018555 0.042969
0 0.390625 0.435547 0.014648 0.019531
0 0.342041 0.444824 0.014160 0.032227
0 0.354004 0.446289 0.019531 0.037109
0 0.295410 0.442871 0.024414 0.036133
0 0.320557 0.435059 0.029785 0.059570
0 0.203369 0.443359 0.048340 0.058594
0 0.156982 0.450684 0.064941 0.065430
0 0.069824 0.445312 0.093750 0.085938
0 0.017578 0.453125 0.029297 0.080078
0 0.453125 0.457520 0.052734 0.120117
0 0.586670 0.467773 0.026855 0.087891
0 0.724609 0.491211 0.078125 0.146484
0 0.870605 0.461426 0.229492 0.288086
0 0.551758 0.475098 0.060547 0.129883
0 0.491455 0.494629 0.115723 0.174805