1 0.542725 0.427734 0.005371 0.042969
1 0.647461 0.435547 0.019531 0.070312
1 0.176758 0.390625 0.034180 0.085938
0 0.509766 0.439453 0.004883 0.023438
0 0.537109 0.438965 0.014648 0.036133
0 0.505127 0.437988 0.012207 0.034180
0 0.522217 0.439941 0.022949 0.040039
0 0.486084 0.413086 0.020020 0.005859
0 0.489746 0.440918 0.025391 0.051758
0 0.487061 0.442383 0.019043 0.050781
0 0.480957 0.444336 0.016602 0.058594
0 0.612305 0.448242 0.089844 0.093750
0 0.470459 0.452148 0.024902 0.078125
0 0.440918 0.454590 0.050781 0.108398
0 0.425781 0.462402 0.073242 0.122070
0 0.859863 0.395020 0.027344 0.016602
0 0.881592 0.393066 0.028809 0.024414
0 0.937988 0.439941 0.119141 0.124023
0 0.757080 0.516113 0.188965 0.307617
0 0.282471 0.503418 0.209473 0.327148
0 0.111084 0.593262 0.216309 0.803711