1 0.461914 0.458496 0.012695 0.127930
1 0.468750 0.460938 0.019531 0.123047
1 0.482178 0.465820 0.024902 0.105469
1 0.505371 0.456055 0.025391 0.150391
1 0.569580 0.446777 0.021973 0.124023
1 0.553223 0.455078 0.023438 0.128906
1 0.597412 0.453613 0.020020 0.133789
1 0.588623 0.457031 0.020020 0.130859
1 0.713379 0.446289 0.013672 0.164062
1 0.648682 0.456055 0.022949 0.121094
1 0.917969 0.439453 0.018555 0.072266
1 0.759033 0.421875 0.022949 0.109375
1 0.229004 0.466309 0.029297 0.137695
0 0.249756 0.457520 0.019043 0.057617
0 0.250000 0.472168 0.015625 0.032227
0 0.318848 0.465332 0.013672 0.061523
0 0.284912 0.464355 0.059082 0.104492
0 0.378662 0.464844 0.037598 0.072266
0 0.397949 0.465820 0.036133 0.087891
0 0.458008 0.467285 0.019531 0.073242
0 0.522949 0.437988 0.024414 0.096680
0 0.594971 0.403320 0.044434 0.083984