1 0.246338 0.420898 0.007324 0.021484
1 0.214600 0.419434 0.003418 0.004883
1 0.237061 0.435547 0.009277 0.044922
1 0.224365 0.419922 0.007324 0.017578
1 0.677002 0.396484 0.004395 0.013672
0 0.385986 0.429688 0.011230 0.039062
0 0.351074 0.435547 0.014648 0.048828
0 0.274170 0.458496 0.084473 0.108398
0 0.461426 0.418945 0.007812 0.021484
0 0.472168 0.421387 0.018555 0.034180
0 0.489502 0.422852 0.015137 0.027344
0 0.579346 0.427246 0.021973 0.040039
0 0.612549 0.439453 0.035645 0.076172
0 0.716309 0.387207 0.045898 0.034180
0 0.772217 0.421875 0.020996 0.042969
0 0.802979 0.441895 0.064941 0.104492
0 0.846924 0.431152 0.052246 0.073242
0 0.751465 0.453613 0.042969 0.102539
0 0.637939 0.456543 0.062988 0.102539
0 0.698730 0.475586 0.106445 0.152344
0 0.533936 0.471191 0.101074 0.174805
0 0.892090 0.579102 0.210938 0.429688