1 0.611572 0.419922 0.009277 0.021484
1 0.648193 0.413086 0.006348 0.007812
1 0.214355 0.413574 0.014648 0.049805
1 0.011230 0.387207 0.016602 0.040039
1 0.725098 0.404297 0.010742 0.017578
1 0.738037 0.407227 0.009277 0.011719
0 0.499512 0.406250 0.013672 0.033203
0 0.537842 0.425781 0.013184 0.031250
0 0.521240 0.430176 0.024902 0.045898
0 0.556152 0.437500 0.018555 0.046875
0 0.562256 0.442871 0.016113 0.055664
0 0.384277 0.433594 0.012695 0.033203
0 0.348389 0.427246 0.071777 0.125977
0 0.410889 0.456543 0.058105 0.096680
0 0.616699 0.434570 0.013672 0.037109
0 0.626465 0.445801 0.027344 0.063477
0 0.644043 0.450195 0.043945 0.066406
0 0.587158 0.453125 0.054199 0.085938
0 0.667236 0.454590 0.032715 0.081055
0 0.696777 0.459961 0.053711 0.099609
0 0.730713 0.467773 0.063965 0.117188
0 0.771240 0.479492 0.087402 0.136719
0 0.815186 0.493652 0.104004 0.155273
0 0.901611 0.508789 0.149902 0.197266
0 0.157227 0.476562 0.122070 0.185547
0 0.283691 0.493164 0.150391 0.218750
0 0.055664 0.518555 0.105469 0.228516