1 0.871826 0.372070 0.033691 0.054688
1 0.911133 0.360352 0.040039 0.089844
0 0.613770 0.414062 0.013672 0.019531
0 0.578369 0.395020 0.015137 0.016602
0 0.578369 0.408203 0.011230 0.021484
0 0.572021 0.416016 0.019043 0.035156
0 0.594727 0.416992 0.027344 0.041016
0 0.634033 0.411621 0.018066 0.022461
0 0.664795 0.407227 0.011230 0.041016
0 0.667969 0.408691 0.010742 0.043945
0 0.684326 0.421875 0.036621 0.076172
0 0.561768 0.418457 0.016113 0.040039
0 0.542480 0.417480 0.033203 0.045898
0 0.519775 0.429688 0.034668 0.064453
0 0.495605 0.436035 0.031250 0.065430
0 0.466797 0.451172 0.045898 0.083984
0 0.680420 0.430176 0.023926 0.067383
0 0.685791 0.448242 0.021973 0.101562
0 0.692383 0.446289 0.021484 0.105469
0 0.718750 0.440918 0.061523 0.127930
0 0.718750 0.471191 0.060547 0.184570
0 0.789307 0.481445 0.130371 0.250000
0 0.871582 0.568848 0.251953 0.340820
0 0.439209 0.459473 0.043457 0.096680
0 0.407227 0.468262 0.062500 0.110352
0 0.337891 0.480957 0.121094 0.139648