1 0.183350 0.404297 0.023926 0.033203
1 0.167725 0.408691 0.003418 0.036133
1 0.077148 0.383301 0.062500 0.147461
0 0.489502 0.396484 0.008301 0.015625
0 0.480713 0.397461 0.013184 0.011719
0 0.473633 0.397949 0.005859 0.006836
0 0.473877 0.413574 0.011230 0.026367
0 0.464111 0.402344 0.014160 0.021484
0 0.462891 0.413086 0.010742 0.031250
0 0.454590 0.415527 0.015625 0.040039
0 0.436279 0.412598 0.032715 0.055664
0 0.431152 0.418945 0.019531 0.044922
0 0.416748 0.425781 0.033691 0.056641
0 0.500488 0.426758 0.032227 0.091797
0 0.382812 0.432129 0.045898 0.077148
0 0.533203 0.421875 0.060547 0.123047
0 0.608398 0.420410 0.147461 0.129883
0 0.333008 0.445312 0.075195 0.107422
0 0.931641 0.555176 0.131836 0.491211