1 0.650146 0.380371 0.007324 0.008789
1 0.665527 0.375000 0.007812 0.017578
1 0.241455 0.386230 0.015137 0.028320
1 0.222168 0.384766 0.020508 0.037109
1 0.032715 0.399902 0.025391 0.084961
1 0.775146 0.375000 0.015137 0.056641
1 0.814697 0.356934 0.027832 0.061523
1 0.844238 0.375488 0.032227 0.100586
1 0.004395 0.378906 0.002930 0.019531
1 0.021973 0.474609 0.038086 0.263672
0 0.450439 0.414551 0.011230 0.038086
0 0.442383 0.415527 0.018555 0.040039
0 0.434326 0.419434 0.013184 0.051758
0 0.427002 0.419434 0.017090 0.053711
0 0.412109 0.401855 0.015625 0.040039
0 0.505371 0.443359 0.046875 0.107422
0 0.648682 0.412598 0.035645 0.063477
0 0.269043 0.425781 0.067383 0.068359
0 0.226807 0.470215 0.112793 0.139648
0 0.706055 0.427246 0.112305 0.176758
0 0.353027 0.482422 0.152344 0.207031
0 0.582031 0.468750 0.143555 0.214844