1 0.375732 0.363770 0.017090 0.032227
1 0.359619 0.359863 0.017090 0.040039
1 0.313477 0.439453 0.051758 0.187500
1 0.354492 0.441406 0.044922 0.187500
1 0.306885 0.453125 0.046387 0.207031
1 0.248291 0.390625 0.020020 0.052734
1 0.230225 0.349121 0.017090 0.036133
1 0.276123 0.449707 0.046387 0.227539
1 0.720947 0.403320 0.046387 0.111328
1 0.851318 0.453125 0.079590 0.253906
0 0.541992 0.381348 0.024414 0.024414
0 0.520752 0.400879 0.038574 0.061523
0 0.496094 0.412598 0.043945 0.073242
0 0.467773 0.422852 0.041992 0.083984
0 0.420410 0.427734 0.066406 0.107422
0 0.627197 0.534668 0.232910 0.313477
0 0.139893 0.488281 0.273926 0.414062