0 0.625732 0.440430 0.042480 0.037109
0 0.514893 0.439453 0.008301 0.031250
0 0.534668 0.445312 0.037109 0.052734
0 0.491455 0.434570 0.045410 0.076172
0 0.494629 0.444336 0.037109 0.078125
0 0.380615 0.409668 0.045410 0.055664
0 0.407471 0.429688 0.020020 0.044922
0 0.417236 0.438965 0.015137 0.061523
0 0.284424 0.424805 0.033691 0.044922
0 0.299316 0.427246 0.028320 0.043945
0 0.266357 0.427246 0.024902 0.049805
0 0.190674 0.404297 0.033691 0.019531
0 0.135254 0.398926 0.056641 0.038086
0 0.210449 0.427246 0.037109 0.053711
0 0.241455 0.429688 0.065918 0.052734
0 0.041504 0.381836 0.056641 0.050781
0 0.091309 0.424805 0.069336 0.076172
0 0.160400 0.428223 0.074707 0.061523
0 0.351074 0.440918 0.101562 0.088867
0 0.038330 0.424316 0.044434 0.083008
0 0.029785 0.430664 0.034180 0.085938
0 0.450195 0.459473 0.077148 0.114258