1 0.532959 0.431641 0.008301 0.039062
0 0.592773 0.435059 0.010742 0.020508
0 0.588379 0.436523 0.009766 0.023438
0 0.583740 0.434082 0.007324 0.022461
0 0.575928 0.435059 0.016113 0.026367
0 0.568115 0.436035 0.008301 0.028320
0 0.557861 0.437500 0.018066 0.031250
0 0.657715 0.405762 0.013672 0.022461
0 0.619141 0.449219 0.010742 0.062500
0 0.639160 0.451660 0.041016 0.102539
0 0.641846 0.472168 0.036621 0.114258
0 0.642334 0.475098 0.034668 0.114258
0 0.660400 0.481934 0.046387 0.141602
0 0.685547 0.494141 0.050781 0.169922
0 0.549316 0.438477 0.006836 0.025391
0 0.545654 0.439453 0.007324 0.027344
0 0.540039 0.436035 0.008789 0.028320
0 0.526855 0.437500 0.014648 0.037109
0 0.517822 0.437500 0.014160 0.037109
0 0.511719 0.439941 0.010742 0.038086
0 0.494629 0.441406 0.033203 0.042969
0 0.455078 0.447754 0.025391 0.055664
0 0.440674 0.447266 0.018066 0.056641
0 0.418213 0.443359 0.037598 0.072266
0 0.409424 0.451660 0.032715 0.075195
0 0.389893 0.452637 0.026855 0.083008
0 0.341797 0.444336 0.075195 0.123047
0 0.301270 0.464355 0.075195 0.114258
0 0.256592 0.477539 0.066895 0.119141
0 0.183350 0.480957 0.109863 0.170898
0 0.077881 0.504883 0.149902 0.216797
0 0.728027 0.508789 0.098633 0.234375
0 0.861084 0.541992 0.272949 0.425781