1 0.550293 0.436523 0.010742 0.062500
1 0.564697 0.451660 0.030762 0.172852
1 0.288086 0.395996 0.014648 0.022461
0 0.537354 0.413574 0.001465 0.004883
0 0.504883 0.425781 0.023438 0.046875
0 0.505859 0.432617 0.023438 0.048828
0 0.540527 0.431641 0.015625 0.046875
0 0.517822 0.446777 0.034668 0.059570
0 0.446777 0.456055 0.027344 0.085938
0 0.433105 0.460449 0.034180 0.096680
0 0.416504 0.469238 0.043945 0.112305
0 0.603516 0.404297 0.052734 0.042969
0 0.605957 0.454102 0.061523 0.119141
0 0.620117 0.473145 0.092773 0.131836
0 0.364746 0.446777 0.100586 0.182617
0 0.336670 0.502930 0.113770 0.210938
0 0.253174 0.539062 0.162598 0.292969
0 0.132080 0.625488 0.258301 0.502930