1 0.121338 0.398438 0.015137 0.046875
1 0.516602 0.431641 0.010742 0.060547
1 0.528076 0.437012 0.014160 0.071289
1 0.539795 0.434570 0.011230 0.068359
1 0.506836 0.431641 0.009766 0.072266
1 0.499268 0.436035 0.012207 0.075195
1 0.488525 0.433594 0.011230 0.078125
1 0.456543 0.391602 0.007812 0.019531
1 0.462158 0.433594 0.010254 0.082031
1 0.476074 0.432617 0.024414 0.087891
1 0.450439 0.440918 0.017090 0.114258
1 0.552734 0.438477 0.021484 0.113281
1 0.432373 0.446777 0.034668 0.129883
1 0.389893 0.438965 0.015137 0.122070
1 0.397949 0.442871 0.019531 0.122070
1 0.413574 0.485840 0.008789 0.038086
1 0.414062 0.441895 0.033203 0.137695
1 0.342285 0.448242 0.029297 0.125000
1 0.376953 0.433594 0.011719 0.111328
1 0.806641 0.467285 0.029297 0.180664
1 0.776367 0.465820 0.041016 0.193359
1 0.218262 0.430664 0.028320 0.150391
1 0.935303 0.400391 0.011230 0.054688
1 0.919434 0.440918 0.025391 0.127930
1 0.945068 0.479004 0.046387 0.190430
1 0.554443 0.461426 0.020996 0.086914
0 0.309326 0.425293 0.010254 0.051758
0 0.664307 0.446289 0.079590 0.058594
0 0.952393 0.441406 0.090332 0.048828
0 0.819580 0.444824 0.056152 0.059570
0 0.058350 0.395508 0.105957 0.093750
0 0.074219 0.466797 0.141602 0.152344