1 0.487061 0.465332 0.009277 0.065430
1 0.973389 0.376465 0.048340 0.114258
1 0.984619 0.422852 0.025879 0.148438
1 0.192627 0.468750 0.031738 0.185547
1 0.168945 0.466797 0.034180 0.199219
1 0.148682 0.475098 0.047363 0.206055
1 0.061768 0.495117 0.072754 0.371094
1 0.013428 0.532227 0.020996 0.292969
0 0.514893 0.475098 0.039551 0.073242
0 0.628418 0.481934 0.090820 0.161133
0 0.719971 0.515625 0.144043 0.222656
0 0.856689 0.568848 0.281738 0.336914
0 0.968994 0.758789 0.057129 0.355469
0 0.302002 0.482422 0.180176 0.171875