1 0.235107 0.440918 0.007324 0.028320
1 0.227783 0.438477 0.009277 0.035156
1 0.704834 0.397461 0.009277 0.007812
1 0.888672 0.430664 0.012695 0.091797
1 0.938965 0.394531 0.008789 0.019531
0 0.446777 0.418457 0.005859 0.010742
0 0.175293 0.470703 0.047852 0.056641
0 0.051758 0.475098 0.028320 0.077148
0 0.108398 0.469727 0.092773 0.103516
0 0.025146 0.475098 0.044434 0.139648
0 0.583984 0.416992 0.011719 0.021484
0 0.539551 0.420410 0.012695 0.022461
0 0.549561 0.431152 0.014160 0.028320
0 0.580566 0.424316 0.010742 0.018555
0 0.575439 0.426270 0.015137 0.016602
0 0.551025 0.452148 0.015137 0.041016
0 0.561035 0.456055 0.020508 0.048828
0 0.573486 0.463379 0.040527 0.059570
0 0.515869 0.463379 0.056152 0.092773
0 0.468506 0.455078 0.033691 0.044922
0 0.414795 0.468750 0.063965 0.111328
0 0.330078 0.497559 0.152344 0.221680
0 0.801270 0.445801 0.057617 0.081055
0 0.849365 0.448730 0.087402 0.079102
0 0.966553 0.457520 0.062012 0.092773
0 0.720459 0.497559 0.134277 0.196289