1 0.775391 0.430176 0.017578 0.098633
1 0.801758 0.431641 0.011719 0.095703
1 0.790283 0.431152 0.020020 0.100586
1 0.184570 0.437500 0.014648 0.076172
1 0.126465 0.437012 0.016602 0.086914
1 0.112549 0.438965 0.013184 0.084961
0 0.644287 0.455078 0.033691 0.087891
0 0.694824 0.478516 0.109375 0.164062
0 0.599854 0.434082 0.027832 0.047852
0 0.586914 0.425781 0.013672 0.041016
0 0.483154 0.418945 0.007324 0.015625
0 0.443359 0.435059 0.023438 0.040039
0 0.465088 0.435059 0.034668 0.051758
0 0.418457 0.435547 0.031250 0.046875
0 0.386963 0.436035 0.043457 0.053711
0 0.338867 0.432617 0.055664 0.070312
0 0.533691 0.497070 0.135742 0.216797