0 0.451904 0.416016 0.030762 0.029297
0 0.222900 0.470215 0.147949 0.163086
0 0.457520 0.434570 0.021484 0.031250
0 0.417236 0.442871 0.064941 0.118164
0 0.386230 0.471191 0.108398 0.153320
0 0.485352 0.416016 0.009766 0.013672
0 0.488281 0.421875 0.004883 0.013672
0 0.483154 0.422363 0.010254 0.016602
0 0.499023 0.421875 0.011719 0.017578
0 0.624268 0.432617 0.041504 0.025391
0 0.516602 0.448730 0.037109 0.065430
0 0.666504 0.432617 0.085938 0.039062
0 0.689697 0.440918 0.059082 0.038086
0 0.695801 0.443848 0.060547 0.045898
0 0.795654 0.437012 0.177246 0.088867
0 0.814697 0.451172 0.101074 0.080078
0 0.902588 0.466797 0.189941 0.126953