1 0.599854 0.396484 0.005371 0.066406
1 0.296387 0.400391 0.011719 0.042969
1 0.282227 0.392090 0.010742 0.014648
1 0.500488 0.350098 0.003906 0.012695
1 0.491455 0.368164 0.001465 0.019531
1 0.503418 0.430664 0.009766 0.150391
1 0.521240 0.481934 0.021973 0.065430
1 0.481934 0.432617 0.020508 0.152344
1 0.629395 0.408203 0.013672 0.091797
1 0.777344 0.408691 0.020508 0.108398
1 0.806152 0.416504 0.029297 0.104492
1 0.940186 0.433594 0.021973 0.095703
1 0.931396 0.432129 0.024902 0.075195
1 0.959961 0.436523 0.025391 0.089844
1 0.165283 0.437988 0.019043 0.125977
1 0.154785 0.437012 0.015625 0.114258
1 0.142090 0.424316 0.020508 0.153320
1 0.121094 0.432129 0.007812 0.133789
1 0.099854 0.423340 0.043457 0.190430
1 0.672363 0.433594 0.015625 0.142578
0 0.451416 0.406738 0.011230 0.038086
0 0.455566 0.415039 0.009766 0.039062
0 0.467773 0.406250 0.024414 0.064453
0 0.467773 0.418945 0.012695 0.050781
0 0.473877 0.420898 0.011230 0.066406
0 0.056885 0.393555 0.012207 0.039062
0 0.432861 0.435059 0.041504 0.090820
0 0.324951 0.421875 0.057129 0.109375
0 0.244385 0.452637 0.117676 0.141602
0 0.377930 0.455078 0.111328 0.166016