1 0.442383 0.440430 0.012695 0.048828
0 0.512939 0.426758 0.005371 0.015625
0 0.520508 0.425293 0.009766 0.018555
0 0.526367 0.429688 0.016602 0.025391
0 0.545898 0.429688 0.017578 0.029297
0 0.560547 0.436523 0.016602 0.052734
0 0.566406 0.437500 0.013672 0.050781
0 0.576416 0.441895 0.022949 0.071289
0 0.602539 0.443359 0.049805 0.101562
0 0.607422 0.458984 0.031250 0.119141
0 0.639648 0.457520 0.064453 0.153320
0 0.649902 0.478027 0.043945 0.190430
0 0.711670 0.486816 0.127441 0.278320
0 0.849365 0.534180 0.270996 0.419922
0 0.940674 0.611816 0.113770 0.561523
0 0.380859 0.447754 0.012695 0.041992
0 0.368164 0.448730 0.023438 0.047852
0 0.357178 0.451172 0.027832 0.046875
0 0.329102 0.451660 0.038086 0.063477
0 0.306885 0.459473 0.038574 0.057617
0 0.278320 0.466797 0.046875 0.062500
0 0.228516 0.469238 0.055664 0.090820
0 0.197266 0.476074 0.045898 0.092773
0 0.124023 0.473145 0.111328 0.145508
0 0.050049 0.508789 0.094238 0.138672