1 0.017822 0.409668 0.020020 0.034180
1 0.239502 0.430664 0.010254 0.058594
1 0.169678 0.443359 0.020020 0.097656
1 0.604492 0.425293 0.014648 0.084961
1 0.413574 0.500000 0.053711 0.345703
1 0.792969 0.374023 0.011719 0.056641
1 0.808594 0.415527 0.022461 0.153320
0 0.176025 0.410156 0.005371 0.013672
0 0.136475 0.424316 0.021973 0.004883
0 0.098389 0.429199 0.025879 0.004883
0 0.043213 0.426758 0.030762 0.007812
0 0.466064 0.426758 0.010254 0.031250
0 0.480957 0.427246 0.023438 0.040039
0 0.503174 0.426270 0.027832 0.047852
0 0.510010 0.431641 0.019043 0.039062
0 0.524170 0.430176 0.017090 0.043945
0 0.532959 0.432617 0.015137 0.050781
0 0.545654 0.431152 0.026855 0.059570
0 0.555176 0.433105 0.017578 0.057617