1 0.456787 0.428711 0.005371 0.035156
1 0.389893 0.438477 0.014160 0.058594
0 0.576904 0.427246 0.021973 0.040039
0 0.581543 0.434082 0.024414 0.038086
0 0.555664 0.431641 0.025391 0.046875
0 0.538330 0.424316 0.011230 0.034180
0 0.537109 0.429199 0.010742 0.032227
0 0.525146 0.416504 0.015137 0.020508
0 0.523682 0.433105 0.018066 0.032227
0 0.594482 0.410645 0.000488 0.004883
0 0.618896 0.419434 0.019043 0.014648
0 0.627197 0.424316 0.009277 0.024414
0 0.605225 0.443359 0.038574 0.052734
0 0.442139 0.447266 0.069824 0.023438
0 0.661133 0.464844 0.084961 0.126953
0 0.153809 0.566895 0.301758 0.403320