1 0.258301 0.382812 0.012695 0.058594
1 0.525146 0.368652 0.004395 0.012695
1 0.053467 0.426270 0.021973 0.149414
1 0.040527 0.425781 0.036133 0.162109
0 0.377197 0.348145 0.004395 0.012695
0 0.354004 0.376465 0.016602 0.030273
0 0.382080 0.366699 0.015137 0.024414
0 0.350098 0.388672 0.014648 0.039062
0 0.339355 0.393066 0.019531 0.049805
0 0.324219 0.402832 0.016602 0.073242
0 0.308838 0.405273 0.030762 0.078125
0 0.283203 0.415039 0.061523 0.097656
0 0.374268 0.397461 0.035645 0.052734
0 0.423340 0.358887 0.007812 0.026367
0 0.420410 0.392090 0.009766 0.053711
0 0.449219 0.372559 0.056641 0.127930
0 0.455566 0.412598 0.040039 0.071289
0 0.472168 0.423828 0.052734 0.093750
0 0.501465 0.441895 0.055664 0.104492
0 0.512695 0.472168 0.013672 0.084961
0 0.684326 0.405762 0.040527 0.045898
0 0.595215 0.472656 0.177734 0.306641
0 0.329590 0.399902 0.014648 0.065430