1 0.319824 0.411621 0.013672 0.018555
0 0.493896 0.419434 0.009277 0.014648
0 0.500000 0.419922 0.008789 0.013672
0 0.504883 0.421875 0.007812 0.019531
0 0.514404 0.427246 0.017090 0.036133
0 0.519531 0.432129 0.019531 0.028320
0 0.477783 0.440430 0.034668 0.060547
0 0.542725 0.433105 0.025879 0.045898
0 0.401611 0.450684 0.039551 0.065430
0 0.442139 0.459473 0.059082 0.092773
0 0.373047 0.465820 0.038086 0.087891
0 0.354736 0.471680 0.031738 0.101562
0 0.555176 0.446289 0.022461 0.078125
0 0.580322 0.446289 0.054199 0.103516
0 0.590820 0.456055 0.047852 0.111328
0 0.613281 0.457031 0.054688 0.130859
0 0.616455 0.468262 0.045410 0.145508
0 0.686279 0.475586 0.142090 0.207031
0 0.335938 0.479004 0.044922 0.120117
0 0.277832 0.478027 0.099609 0.178711
0 0.213379 0.510254 0.113281 0.204102
0 0.094971 0.552246 0.184082 0.333008
0 0.944336 0.690430 0.106445 0.466797