1 0.338135 0.404785 0.006348 0.006836
0 0.559082 0.434082 0.010742 0.028320
0 0.538086 0.420410 0.010742 0.010742
0 0.545410 0.434570 0.019531 0.029297
0 0.595215 0.435059 0.009766 0.030273
0 0.604004 0.431641 0.013672 0.046875
0 0.564453 0.438477 0.013672 0.037109
0 0.532959 0.436035 0.011230 0.024414
0 0.528320 0.437012 0.006836 0.024414
0 0.519043 0.438965 0.014648 0.038086
0 0.568604 0.443359 0.007324 0.041016
0 0.607666 0.439941 0.008301 0.034180
0 0.511475 0.442871 0.008301 0.036133
0 0.434082 0.440430 0.033203 0.062500
0 0.623535 0.443848 0.012695 0.041992
0 0.649658 0.425781 0.041504 0.074219
0 0.477783 0.441895 0.068848 0.116211
0 0.657959 0.447266 0.022949 0.064453
0 0.679688 0.446777 0.033203 0.094727
0 0.699219 0.450684 0.038086 0.104492
0 0.411621 0.459473 0.024414 0.075195
0 0.395264 0.462891 0.032715 0.087891
0 0.375244 0.467285 0.036621 0.098633
0 0.339600 0.469727 0.059082 0.125000
0 0.268555 0.488281 0.117188 0.156250
0 0.582275 0.443359 0.031738 0.046875