0 0.536621 0.407227 0.004883 0.005859
0 0.545166 0.395508 0.014160 0.029297
0 0.547119 0.401367 0.013184 0.031250
0 0.520264 0.397461 0.007324 0.019531
0 0.500000 0.414551 0.015625 0.055664
0 0.489258 0.417480 0.022461 0.084961
0 0.557617 0.410156 0.014648 0.046875
0 0.567383 0.410156 0.019531 0.052734
0 0.484375 0.425781 0.011719 0.080078
0 0.424316 0.417480 0.071289 0.092773
0 0.386963 0.481445 0.100098 0.179688
0 0.259766 0.487793 0.224609 0.249023
0 0.066895 0.726562 0.127930 0.537109
0 0.574463 0.431641 0.013184 0.074219
0 0.607666 0.415039 0.059082 0.130859
0 0.613037 0.432617 0.042480 0.113281
0 0.618164 0.451660 0.031250 0.141602
0 0.692871 0.435547 0.143555 0.234375