1 0.628906 0.391113 0.009766 0.049805
1 0.655029 0.397949 0.006348 0.045898
1 0.668701 0.414062 0.020996 0.037109
1 0.754150 0.421387 0.023926 0.108398
1 0.979248 0.417969 0.017090 0.103516
1 0.811768 0.435059 0.018066 0.102539
1 0.835205 0.437012 0.022949 0.135742
1 0.682617 0.434082 0.019531 0.124023
1 0.700195 0.431152 0.027344 0.135742
1 0.725586 0.434570 0.034180 0.136719
1 0.241455 0.396973 0.010254 0.040039
1 0.257080 0.389648 0.008301 0.039062
1 0.284180 0.445312 0.022461 0.144531
1 0.266602 0.450195 0.024414 0.162109
1 0.288818 0.443359 0.013184 0.142578
1 0.129883 0.455078 0.024414 0.199219
1 0.148193 0.465820 0.021973 0.183594
1 0.161133 0.473633 0.025391 0.207031
1 0.102295 0.487305 0.035645 0.236328
1 0.012695 0.402344 0.019531 0.033203
1 0.060303 0.480957 0.021973 0.194336
1 0.028076 0.499023 0.020020 0.216797
1 0.297852 0.446777 0.022461 0.165039
1 0.277344 0.480957 0.027344 0.096680
0 0.607178 0.376953 0.010254 0.007812
0 0.622559 0.382812 0.021484 0.035156
0 0.576904 0.394531 0.037598 0.044922
0 0.575195 0.412109 0.038086 0.056641
0 0.515625 0.396484 0.031250 0.031250
0 0.544678 0.429199 0.042480 0.079102
0 0.526123 0.456055 0.076660 0.113281
0 0.905273 0.456055 0.154297 0.144531
0 0.377930 0.477051 0.127930 0.172852