1 0.304199 0.420410 0.009766 0.012695
1 0.639404 0.399414 0.013184 0.019531
1 0.858643 0.415527 0.002441 0.034180
1 0.838379 0.425293 0.013672 0.051758
0 0.523438 0.422363 0.031250 0.049805
0 0.473633 0.439453 0.027344 0.050781
0 0.551025 0.442383 0.021973 0.064453
0 0.559082 0.445312 0.030273 0.070312
0 0.568359 0.453613 0.021484 0.084961
0 0.364502 0.439453 0.024902 0.035156
0 0.381592 0.445312 0.029785 0.041016
0 0.344238 0.445312 0.019531 0.050781
0 0.329346 0.448730 0.022949 0.051758
0 0.316650 0.452148 0.017090 0.052734
0 0.304932 0.453125 0.029785 0.056641
0 0.287354 0.457031 0.034668 0.062500
0 0.246582 0.460938 0.040039 0.076172
0 0.595703 0.450684 0.066406 0.118164
0 0.605713 0.472656 0.075684 0.136719
0 0.509766 0.458496 0.062500 0.102539
0 0.642090 0.492188 0.060547 0.199219
0 0.742920 0.525391 0.220215 0.335938
0 0.212402 0.463867 0.059570 0.085938
0 0.145508 0.478027 0.069336 0.104492
0 0.091553 0.483887 0.069824 0.116211
0 0.039551 0.494629 0.073242 0.145508
0 0.914307 0.534180 0.166504 0.679688