1 0.496094 0.412598 0.006836 0.026367
1 0.566162 0.417480 0.007324 0.030273
1 0.401855 0.415527 0.009766 0.061523
1 0.410889 0.412109 0.011230 0.070312
1 0.422363 0.416992 0.010742 0.072266
1 0.385986 0.423340 0.011230 0.081055
1 0.591553 0.416992 0.007324 0.037109
1 0.335938 0.418457 0.013672 0.045898
1 0.361084 0.427734 0.013184 0.076172
1 0.374512 0.420898 0.015625 0.087891
1 0.330566 0.429688 0.018555 0.072266
1 0.266602 0.407715 0.018555 0.086914
1 0.252441 0.413086 0.017578 0.080078
1 0.062744 0.406738 0.008301 0.102539
1 0.958496 0.451660 0.018555 0.137695
1 0.985596 0.466309 0.019043 0.149414
1 0.722412 0.375000 0.006348 0.017578
1 0.888916 0.446777 0.053223 0.231445
1 0.936035 0.448242 0.046875 0.228516
1 0.186279 0.374512 0.009277 0.028320
1 0.175781 0.372559 0.019531 0.036133
0 0.511230 0.413574 0.010742 0.022461
0 0.498291 0.411621 0.006348 0.028320
0 0.543457 0.403809 0.006836 0.004883
0 0.549805 0.414062 0.011719 0.023438
0 0.557617 0.415039 0.013672 0.023438
0 0.621826 0.419434 0.026855 0.063477
0 0.530518 0.433105 0.037598 0.061523
0 0.185303 0.477051 0.158691 0.180664
0 0.762207 0.463379 0.123047 0.211914