1 0.442139 0.461914 0.024902 0.113281
1 0.391602 0.477539 0.021484 0.080078
1 0.403076 0.461914 0.020020 0.103516
1 0.414551 0.481934 0.016602 0.077148
1 0.252197 0.472168 0.020996 0.112305
0 0.245361 0.428711 0.002441 0.007812
0 0.236328 0.432617 0.007812 0.015625
0 0.220215 0.437500 0.006836 0.027344
0 0.263916 0.436523 0.012207 0.015625
0 0.170654 0.444824 0.005371 0.032227
0 0.167725 0.451660 0.009277 0.036133
0 0.150879 0.457031 0.033203 0.054688
0 0.295898 0.439941 0.032227 0.024414
0 0.195801 0.437012 0.048828 0.124023
0 0.059082 0.457520 0.029297 0.043945
0 0.084229 0.472168 0.071777 0.071289
0 0.662598 0.433594 0.029297 0.056641
0 0.868896 0.607422 0.257324 0.687500