1 0.231689 0.134766 0.012207 0.025391
1 0.245117 0.140137 0.014648 0.024414
1 0.766602 0.421875 0.012695 0.019531
1 0.777100 0.420898 0.007324 0.019531
1 0.891357 0.391113 0.010254 0.018555
1 0.926025 0.394043 0.020020 0.026367
1 0.979004 0.391602 0.010742 0.035156
1 0.880615 0.399414 0.015137 0.029297
0 0.586670 0.425293 0.027832 0.055664
0 0.591309 0.428711 0.019531 0.050781
0 0.489746 0.415527 0.037109 0.075195
0 0.541016 0.416504 0.031250 0.051758
0 0.602051 0.432129 0.020508 0.067383
0 0.617432 0.431641 0.032715 0.087891
0 0.637207 0.437988 0.051758 0.098633
0 0.671631 0.450684 0.085449 0.122070
0 0.552246 0.432129 0.049805 0.079102
0 0.481201 0.432129 0.025879 0.083008
0 0.461426 0.435547 0.034180 0.099609
0 0.432129 0.443848 0.064453 0.120117
0 0.397217 0.445801 0.033691 0.145508
0 0.317139 0.465820 0.161621 0.224609
0 0.097656 0.542969 0.189453 0.412109