1 0.014404 0.469238 0.022949 0.168945
1 0.042480 0.464844 0.039062 0.193359
1 0.218262 0.464844 0.030273 0.167969
1 0.155029 0.495117 0.046387 0.279297
1 0.103271 0.474609 0.084473 0.355469
1 0.255615 0.495117 0.035645 0.144531
1 0.286865 0.456055 0.025879 0.056641
1 0.331055 0.457520 0.032227 0.071289
1 0.518799 0.464844 0.037598 0.212891
1 0.551025 0.446289 0.038574 0.185547
1 0.832520 0.512207 0.063477 0.295898
1 0.740234 0.501953 0.092773 0.328125
1 0.674072 0.519043 0.060059 0.389648
0 0.789551 0.478027 0.038086 0.114258
0 0.946777 0.470215 0.035156 0.071289
0 0.866211 0.476562 0.151367 0.128906
0 0.973633 0.478516 0.047852 0.085938
0 0.646729 0.521973 0.219238 0.196289