1 0.152832 0.420410 0.013672 0.018555
1 0.709473 0.470215 0.022461 0.208008
1 0.728027 0.470703 0.038086 0.250000
1 0.677979 0.460938 0.055176 0.246094
1 0.557861 0.439941 0.010254 0.055664
1 0.548828 0.437012 0.013672 0.061523
0 0.475098 0.428711 0.012695 0.015625
0 0.446289 0.439941 0.029297 0.043945
0 0.530518 0.428223 0.018066 0.032227
0 0.499268 0.426758 0.022949 0.050781
0 0.708740 0.443848 0.100098 0.231445
0 0.409424 0.437012 0.012207 0.032227
0 0.396973 0.436523 0.017578 0.037109
0 0.390625 0.439941 0.024414 0.040039
0 0.372803 0.438965 0.026855 0.045898
0 0.370850 0.442871 0.017090 0.045898
0 0.358154 0.443359 0.028809 0.058594
0 0.336670 0.444824 0.045410 0.059570
0 0.332520 0.449219 0.037109 0.058594
0 0.326172 0.458496 0.024414 0.057617
0 0.248535 0.429688 0.134766 0.148438
0 0.213623 0.458984 0.107910 0.111328
0 0.202637 0.475098 0.075195 0.096680
0 0.173584 0.481934 0.096191 0.106445
0 0.146240 0.489258 0.053223 0.121094
0 0.068359 0.485352 0.130859 0.171875
0 0.008301 0.519531 0.010742 0.074219