1 0.269531 0.398438 0.003906 0.007812
1 0.252930 0.414551 0.004883 0.032227
1 0.246338 0.408203 0.008301 0.019531
1 0.486572 0.423340 0.011230 0.038086
1 0.543213 0.396973 0.008301 0.012695
0 0.295654 0.406738 0.009277 0.012695
0 0.298584 0.407715 0.005371 0.010742
0 0.298096 0.422363 0.006348 0.020508
0 0.320312 0.410156 0.041016 0.031250
0 0.311035 0.423340 0.020508 0.038086
0 0.274658 0.408203 0.015137 0.019531
0 0.261475 0.418457 0.018066 0.030273
0 0.237061 0.426270 0.027832 0.051758
0 0.237549 0.433105 0.017090 0.047852
0 0.230469 0.437012 0.011719 0.055664
0 0.218262 0.437500 0.022461 0.060547
0 0.203613 0.442871 0.039062 0.069336
0 0.411377 0.414062 0.010254 0.015625
0 0.331787 0.440430 0.041504 0.080078
0 0.419922 0.431152 0.018555 0.057617
0 0.438477 0.434570 0.041992 0.072266
0 0.459961 0.444336 0.051758 0.068359
0 0.378174 0.458496 0.079590 0.129883
0 0.184082 0.448730 0.055664 0.079102
0 0.519287 0.452637 0.051270 0.100586
0 0.552979 0.452637 0.051270 0.125977
0 0.615479 0.439453 0.100098 0.195312
0 0.729492 0.403320 0.187500 0.166016
0 0.726318 0.492676 0.189941 0.309570
0 0.863037 0.598145 0.269043 0.499023