1 0.380371 0.433594 0.021484 0.085938
1 0.580078 0.402832 0.010742 0.047852
1 0.337402 0.399414 0.011719 0.031250
1 0.633301 0.436035 0.013672 0.086914
1 0.620117 0.429199 0.016602 0.108398
1 0.645508 0.426270 0.022461 0.120117
1 0.665527 0.432129 0.017578 0.120117
1 0.722168 0.434570 0.026367 0.203125
1 0.739746 0.443848 0.042969 0.227539
1 0.864990 0.437012 0.034668 0.237305
1 0.829590 0.448730 0.041016 0.239258
1 0.210938 0.393555 0.014648 0.023438
1 0.035889 0.488281 0.044434 0.322266
1 0.439697 0.437988 0.018066 0.112305
0 0.492920 0.423828 0.021973 0.054688
0 0.431396 0.443359 0.097168 0.082031
0 0.355469 0.462402 0.026367 0.096680
0 0.538086 0.464844 0.098633 0.169922
0 0.168945 0.487793 0.050781 0.127930
0 0.255615 0.534180 0.223145 0.302734
0 0.020264 0.597656 0.034668 0.238281