1 0.568359 0.421387 0.007812 0.036133
1 0.477051 0.427734 0.005859 0.042969
1 0.457031 0.416504 0.008789 0.045898
1 0.449707 0.425293 0.006836 0.043945
1 0.425293 0.420898 0.009766 0.046875
1 0.620850 0.436035 0.011230 0.061523
1 0.630127 0.435059 0.009277 0.067383
1 0.639160 0.434570 0.010742 0.060547
1 0.647705 0.432617 0.008301 0.064453
1 0.694580 0.395996 0.010254 0.014648
0 0.485596 0.432129 0.013184 0.034180
0 0.400879 0.447266 0.023438 0.056641
0 0.387695 0.444336 0.018555 0.064453
0 0.375244 0.448730 0.026855 0.077148
0 0.353516 0.452637 0.044922 0.086914
0 0.329346 0.460449 0.042480 0.096680
0 0.289551 0.464355 0.064453 0.118164
0 0.244141 0.474609 0.062500 0.148438
0 0.141602 0.501465 0.160156 0.206055
0 0.036621 0.500488 0.067383 0.235352
0 0.701172 0.483887 0.099609 0.165039
0 0.827148 0.516602 0.210938 0.322266
0 0.909424 0.638184 0.176270 0.532227
0 0.503906 0.439453 0.031250 0.066406
0 0.513672 0.447754 0.010742 0.067383
0 0.539062 0.446289 0.052734 0.093750