1 0.143555 0.461426 0.022461 0.088867
1 0.159912 0.454590 0.024902 0.114258
1 0.097656 0.452637 0.006836 0.106445
1 0.118652 0.459473 0.022461 0.116211
1 0.479492 0.420898 0.017578 0.060547
1 0.614014 0.399414 0.009277 0.033203
1 0.629395 0.423340 0.011719 0.067383
1 0.774658 0.425293 0.028809 0.100586
1 0.461426 0.443848 0.014648 0.104492
1 0.455811 0.445312 0.021973 0.105469
1 0.249268 0.449707 0.027832 0.106445
1 0.325195 0.457031 0.022461 0.099609
1 0.341553 0.449707 0.020020 0.112305
1 0.376465 0.452637 0.021484 0.086914
1 0.411133 0.453613 0.035156 0.180664
1 0.399658 0.453613 0.051270 0.188477
0 0.471436 0.427246 0.007324 0.022461
0 0.471680 0.443848 0.007812 0.051758
0 0.423340 0.439941 0.021484 0.040039
0 0.285400 0.443359 0.027832 0.042969
0 0.367676 0.448730 0.040039 0.079102
0 0.550781 0.486816 0.159180 0.288086