1 0.559326 0.388672 0.007324 0.015625
1 0.572998 0.405273 0.011230 0.042969
1 0.354492 0.395996 0.006836 0.022461
1 0.172607 0.388672 0.022949 0.068359
1 0.182861 0.441895 0.034668 0.161133
1 0.219727 0.440430 0.037109 0.148438
1 0.109375 0.432617 0.030273 0.130859
1 0.134521 0.444336 0.048340 0.167969
1 0.324463 0.437012 0.034668 0.114258
1 0.871582 0.385254 0.024414 0.170898
1 0.939209 0.379395 0.021973 0.176758
1 0.833496 0.213867 0.018555 0.064453
1 0.977539 0.375488 0.040039 0.254883
1 0.022949 0.453613 0.035156 0.116211
1 0.055908 0.441406 0.035645 0.160156
1 0.389648 0.527344 0.142578 0.500000
0 0.533691 0.399902 0.019531 0.040039
0 0.521484 0.396973 0.037109 0.040039
0 0.479736 0.437988 0.158691 0.161133