1 0.492432 0.445801 0.023926 0.120117
1 0.480225 0.443359 0.025879 0.134766
1 0.655273 0.427734 0.023438 0.123047
1 0.564941 0.439453 0.024414 0.126953
1 0.768555 0.413574 0.007812 0.040039
1 0.787109 0.432617 0.033203 0.132812
1 0.802246 0.429199 0.018555 0.141602
1 0.882324 0.434082 0.014648 0.104492
1 0.067871 0.341309 0.024414 0.036133
1 0.448730 0.398438 0.007812 0.041016
1 0.469482 0.474609 0.052246 0.294922
1 0.525391 0.484863 0.075195 0.291992
1 0.619873 0.443359 0.064941 0.363281
1 0.617676 0.475098 0.048828 0.327148
1 0.684326 0.442871 0.068848 0.393555
1 0.713135 0.516113 0.102051 0.465820
1 0.745117 0.511719 0.137695 0.542969
1 0.838379 0.519531 0.081055 0.466797
1 0.156006 0.519043 0.099121 0.692383
0 0.545654 0.430664 0.014160 0.050781
0 0.656250 0.432129 0.054688 0.083008
0 0.392090 0.481445 0.119141 0.214844
0 0.067383 0.427246 0.085938 0.141602
0 0.181641 0.535156 0.353516 0.369141