1 0.011963 0.440430 0.013184 0.050781
1 0.051758 0.442871 0.010742 0.053711
1 0.061768 0.443848 0.011230 0.049805
1 0.340088 0.460938 0.010254 0.052734
1 0.350586 0.449707 0.011719 0.083008
1 0.360596 0.447754 0.019043 0.090820
1 0.427734 0.458984 0.012695 0.060547
1 0.473633 0.441895 0.015625 0.014648
1 0.559082 0.464355 0.019531 0.084961
1 0.575928 0.466797 0.015137 0.078125
1 0.517090 0.459961 0.015625 0.093750
1 0.506592 0.473633 0.015137 0.070312
1 0.529541 0.478516 0.013184 0.041016
1 0.791016 0.474609 0.027344 0.142578
1 0.890625 0.486328 0.026367 0.205078
1 0.935791 0.473145 0.027832 0.235352
1 0.099854 0.438477 0.010254 0.052734
1 0.111572 0.437988 0.013184 0.057617
1 0.148926 0.441895 0.010742 0.051758
1 0.162109 0.441406 0.013672 0.054688
1 0.241455 0.451172 0.008301 0.042969
1 0.234375 0.454590 0.011719 0.051758
1 0.209961 0.440918 0.021484 0.073242
1 0.191406 0.439941 0.010742 0.071289
0 0.090576 0.447754 0.031738 0.034180
0 0.059814 0.450195 0.043457 0.039062
0 0.288818 0.457520 0.097168 0.083008