1 0.056152 0.468262 0.024414 0.083008
1 0.889648 0.423340 0.018555 0.102539
1 0.908691 0.420410 0.017578 0.084961
0 0.489502 0.409668 0.021973 0.020508
0 0.423340 0.417480 0.016602 0.032227
0 0.434814 0.426270 0.016113 0.026367
0 0.383789 0.410645 0.020508 0.020508
0 0.411377 0.436035 0.020020 0.032227
0 0.368408 0.441895 0.033691 0.059570
0 0.233643 0.456055 0.012207 0.056641
0 0.245850 0.458496 0.026855 0.069336
0 0.319580 0.448730 0.014160 0.047852
0 0.171387 0.457031 0.031250 0.050781
0 0.544678 0.409180 0.020020 0.039062
0 0.574463 0.425293 0.020020 0.030273
0 0.772217 0.513672 0.241699 0.367188
0 0.919189 0.659668 0.156738 0.670898
0 0.281982 0.453125 0.068848 0.085938
0 0.338379 0.453613 0.037109 0.053711