1 0.185547 0.429199 0.008789 0.022461
1 0.159912 0.428223 0.014160 0.026367
1 0.062256 0.423828 0.012207 0.029297
0 0.350342 0.438965 0.010254 0.024414
0 0.336670 0.439453 0.026855 0.025391
0 0.259033 0.449219 0.020020 0.037109
0 0.243652 0.448730 0.020508 0.040039
0 0.217773 0.451660 0.027344 0.047852
0 0.205322 0.458008 0.025879 0.044922
0 0.151123 0.435059 0.017090 0.014648
0 0.045898 0.438477 0.030273 0.019531
0 0.020752 0.439453 0.035645 0.023438
0 0.102539 0.432129 0.091797 0.032227
0 0.563232 0.422363 0.010254 0.028320
0 0.552490 0.428223 0.020020 0.026367
0 0.633545 0.421387 0.020996 0.018555
0 0.645264 0.430176 0.017090 0.034180
0 0.656006 0.434570 0.021973 0.044922
0 0.666748 0.437500 0.022949 0.046875
0 0.685791 0.437500 0.034668 0.052734
0 0.697510 0.440430 0.035645 0.054688
0 0.729248 0.445312 0.053223 0.062500