1 0.255371 0.450684 0.018555 0.086914
1 0.270752 0.433594 0.016113 0.046875
1 0.287109 0.435059 0.014648 0.041992
0 0.416992 0.451172 0.009766 0.042969
0 0.406494 0.449219 0.018066 0.050781
0 0.383301 0.451660 0.035156 0.067383
0 0.363037 0.457031 0.045410 0.062500
0 0.495361 0.435547 0.011230 0.015625
0 0.513916 0.435059 0.007324 0.014648
0 0.480957 0.434082 0.008789 0.028320
0 0.479248 0.439453 0.006348 0.019531
0 0.473877 0.439453 0.007324 0.019531
0 0.472168 0.441406 0.008789 0.019531
0 0.455566 0.443359 0.006836 0.031250
0 0.447021 0.442871 0.014160 0.032227
0 0.446777 0.443359 0.007812 0.023438
0 0.440918 0.447266 0.012695 0.033203
0 0.433594 0.444824 0.010742 0.036133