1 0.458984 0.361816 0.003906 0.010742
1 0.471436 0.355957 0.005371 0.006836
1 0.437744 0.370605 0.007324 0.012695
1 0.449707 0.388184 0.007812 0.010742
1 0.442871 0.388184 0.005859 0.010742
1 0.436279 0.420898 0.019043 0.076172
1 0.405762 0.402832 0.004883 0.028320
1 0.419434 0.425781 0.014648 0.070312
1 0.401611 0.424316 0.020020 0.073242
1 0.413818 0.424805 0.021973 0.074219
0 0.510498 0.324707 0.005371 0.022461
0 0.525635 0.307129 0.006348 0.010742
0 0.535645 0.339355 0.008789 0.016602
0 0.692871 0.423828 0.061523 0.080078
0 0.541504 0.370117 0.013672 0.021484
0 0.490967 0.359863 0.018066 0.014648
0 0.477539 0.368164 0.011719 0.025391
0 0.474609 0.370605 0.010742 0.024414
0 0.477051 0.373047 0.003906 0.023438
0 0.472168 0.372559 0.012695 0.022461
0 0.470215 0.375977 0.010742 0.021484
0 0.463867 0.379883 0.014648 0.027344
0 0.458984 0.382324 0.013672 0.024414
0 0.458008 0.386230 0.012695 0.028320
0 0.549316 0.340332 0.008789 0.016602
0 0.576904 0.368164 0.015137 0.023438
0 0.910645 0.472168 0.139648 0.157227
0 0.455566 0.385742 0.005859 0.023438
0 0.405518 0.407227 0.029785 0.052734
0 0.451416 0.422852 0.064941 0.060547
0 0.059326 0.485840 0.112793 0.178711
0 0.308838 0.439453 0.049316 0.080078
0 0.241699 0.437988 0.090820 0.122070
0 0.567383 0.441406 0.066406 0.099609