0 0.560547 0.418457 0.009766 0.016602
0 0.558350 0.424316 0.007324 0.014648
0 0.555664 0.432129 0.010742 0.016602
0 0.539551 0.436523 0.015625 0.017578
0 0.462402 0.451172 0.027344 0.050781
0 0.449463 0.454590 0.031738 0.051758
0 0.422852 0.459473 0.031250 0.071289
0 0.581055 0.420410 0.003906 0.012695
0 0.396240 0.460449 0.041504 0.081055
0 0.377686 0.469238 0.062988 0.086914
0 0.584473 0.425293 0.009766 0.020508
0 0.320068 0.481445 0.054199 0.113281
0 0.257324 0.491211 0.107422 0.144531
0 0.588623 0.431641 0.007324 0.015625
0 0.040283 0.527832 0.074707 0.235352
0 0.611328 0.434570 0.006836 0.013672
0 0.592285 0.433105 0.007812 0.014648
0 0.597412 0.434082 0.005371 0.016602
0 0.603760 0.435059 0.012207 0.016602
0 0.622559 0.436523 0.011719 0.013672
0 0.642822 0.432617 0.022949 0.029297
0 0.673828 0.429199 0.037109 0.032227
0 0.656738 0.440918 0.024414 0.041992
0 0.720215 0.446289 0.042969 0.103516
0 0.721191 0.462402 0.040039 0.124023
0 0.761963 0.461914 0.076660 0.171875
0 0.833496 0.470215 0.131836 0.227539
0 0.898438 0.521484 0.164062 0.263672
0 0.957520 0.533691 0.080078 0.336914