1 0.453613 0.424316 0.016602 0.077148
1 0.518066 0.456543 0.046875 0.159180
0 0.461914 0.405762 0.004883 0.002930
0 0.466797 0.423340 0.009766 0.032227
0 0.466553 0.429688 0.007324 0.033203
0 0.463135 0.427246 0.009277 0.040039
0 0.433594 0.425293 0.035156 0.069336
0 0.439941 0.436035 0.014648 0.051758
0 0.404541 0.411133 0.017090 0.019531
0 0.418457 0.437012 0.048828 0.059570
0 0.381592 0.425781 0.025879 0.048828
0 0.363525 0.433105 0.017090 0.045898
0 0.344971 0.433594 0.031738 0.056641
0 0.327148 0.438965 0.019531 0.055664
0 0.301514 0.432129 0.038574 0.077148
0 0.286621 0.439453 0.041016 0.070312
0 0.197754 0.464355 0.188477 0.180664
0 0.035645 0.440918 0.022461 0.014648
0 0.150879 0.525391 0.235352 0.228516
0 0.093018 0.562500 0.180176 0.283203
0 0.906738 0.477539 0.181641 0.242188
0 0.924805 0.466797 0.083008 0.230469
0 0.946289 0.525879 0.102539 0.483398