1 0.810059 0.389648 0.008789 0.042969
1 0.870361 0.387207 0.018066 0.075195
1 0.741455 0.381836 0.013184 0.046875
1 0.785156 0.396484 0.012695 0.058594
1 0.770508 0.466797 0.051758 0.212891
1 0.911377 0.412109 0.039551 0.205078
0 0.472168 0.402832 0.022461 0.010742
0 0.389893 0.401855 0.150879 0.120117
0 0.422363 0.433105 0.073242 0.129883
0 0.404785 0.456543 0.084961 0.131836
0 0.133057 0.568848 0.260254 0.448242
0 0.052979 0.695312 0.100098 0.513672
0 0.565918 0.411621 0.028320 0.051758
0 0.596680 0.421875 0.042969 0.103516
0 0.596924 0.444824 0.034668 0.112305
0 0.646240 0.439941 0.093262 0.174805
0 0.691406 0.469238 0.133789 0.198242