0 0.548584 0.418457 0.018066 0.012695
0 0.540283 0.404785 0.016113 0.008789
0 0.528564 0.435547 0.020020 0.035156
0 0.529053 0.438965 0.012207 0.034180
0 0.538330 0.443848 0.021973 0.043945
0 0.539062 0.451660 0.014648 0.047852
0 0.557617 0.459473 0.037109 0.071289
0 0.468994 0.446777 0.008301 0.041992
0 0.457764 0.448242 0.025879 0.052734
0 0.433838 0.456055 0.034668 0.070312
0 0.429688 0.462891 0.030273 0.072266
0 0.408203 0.475586 0.057617 0.087891
0 0.350098 0.502930 0.075195 0.132812
0 0.268311 0.536133 0.120605 0.216797
0 0.143311 0.578125 0.197754 0.294922
0 0.035400 0.629395 0.064941 0.420898
0 0.595947 0.472656 0.062012 0.117188
0 0.608643 0.485840 0.060059 0.127930
0 0.619141 0.493652 0.038086 0.135742
0 0.663086 0.510742 0.097656 0.203125
0 0.782227 0.561523 0.246094 0.330078