1 0.075684 0.444824 0.014648 0.088867
1 0.088135 0.443359 0.020020 0.087891
1 0.060059 0.455566 0.025391 0.108398
1 0.034668 0.453125 0.028320 0.107422
1 0.368408 0.456055 0.026855 0.156250
1 0.384766 0.451172 0.027344 0.185547
1 0.417725 0.428711 0.015137 0.128906
1 0.426270 0.422363 0.018555 0.147461
1 0.433838 0.427734 0.023926 0.140625
1 0.453125 0.423828 0.039062 0.150391
1 0.579834 0.411133 0.063965 0.220703
1 0.615234 0.456055 0.028320 0.287109
1 0.581787 0.522461 0.063965 0.361328
1 0.634766 0.519043 0.065430 0.405273
0 0.175049 0.436035 0.024902 0.051758
0 0.153320 0.438965 0.037109 0.069336
0 0.123291 0.449707 0.063965 0.086914
0 0.005371 0.677734 0.004883 0.197266
0 0.211670 0.421875 0.029785 0.050781