1 0.036865 0.426270 0.019043 0.100586
1 0.069092 0.425781 0.010254 0.095703
1 0.059326 0.427734 0.013184 0.099609
1 0.051270 0.425781 0.016602 0.095703
1 0.074219 0.430664 0.018555 0.095703
1 0.093750 0.424805 0.024414 0.093750
1 0.369141 0.379883 0.003906 0.021484
1 0.141602 0.394531 0.006836 0.025391
1 0.162598 0.396484 0.006836 0.027344
1 0.170410 0.396484 0.006836 0.027344
1 0.177490 0.398926 0.004395 0.026367
1 0.375000 0.380859 0.007812 0.021484
0 0.263672 0.399414 0.016602 0.027344
0 0.562256 0.402832 0.018066 0.028320
0 0.325928 0.411133 0.020020 0.044922
0 0.278809 0.414551 0.027344 0.045898
0 0.346924 0.410645 0.035645 0.057617
0 0.369385 0.421387 0.033691 0.059570
0 0.455566 0.401855 0.016602 0.022461
0 0.299316 0.416992 0.041016 0.050781
0 0.478760 0.392578 0.011230 0.007812
0 0.494141 0.398438 0.037109 0.035156
0 0.438232 0.414551 0.028809 0.047852
0 0.402588 0.432617 0.056152 0.089844