1 0.157471 0.437012 0.007324 0.022461
0 0.279541 0.432617 0.035645 0.066406
0 0.262939 0.448730 0.029785 0.055664
0 0.188721 0.443848 0.022949 0.043945
0 0.225098 0.436523 0.055664 0.095703
0 0.175537 0.455566 0.045410 0.059570
0 0.087402 0.458496 0.045898 0.063477
0 0.122559 0.460449 0.058594 0.065430
0 0.019775 0.436035 0.033691 0.125977
0 0.013916 0.468262 0.021973 0.090820
0 0.666748 0.432617 0.027832 0.037109
0 0.680664 0.435059 0.049805 0.036133
0 0.686035 0.436035 0.036133 0.034180
0 0.695312 0.435547 0.020508 0.035156
0 0.696777 0.447754 0.014648 0.020508
0 0.844727 0.480957 0.305664 0.952148