1 0.632812 0.404297 0.007812 0.048828
0 0.566650 0.406738 0.011230 0.018555
0 0.622559 0.406738 0.017578 0.024414
0 0.673584 0.416016 0.032715 0.041016
0 0.727783 0.413086 0.015137 0.039062
0 0.709717 0.415527 0.033691 0.049805
0 0.552002 0.416504 0.018066 0.038086
0 0.552979 0.422363 0.014160 0.045898
0 0.542236 0.424316 0.021973 0.049805
0 0.535156 0.429199 0.023438 0.053711
0 0.517822 0.430664 0.022949 0.062500
0 0.498535 0.433105 0.028320 0.071289
0 0.433838 0.449707 0.054199 0.094727
0 0.389893 0.454102 0.067871 0.107422
0 0.328857 0.462891 0.073730 0.126953
0 0.243896 0.466797 0.122559 0.171875
0 0.110840 0.472168 0.160156 0.247070
0 0.026123 0.483887 0.046387 0.291992
0 0.791260 0.487305 0.079590 0.169922
0 0.884521 0.523438 0.196777 0.255859
0 0.978027 0.695801 0.039062 0.309570