1 0.575439 0.443848 0.005371 0.038086
0 0.545166 0.450684 0.007324 0.016602
0 0.551758 0.449707 0.005859 0.014648
0 0.540039 0.451660 0.008789 0.014648
0 0.511475 0.454102 0.010254 0.009766
0 0.501709 0.449707 0.009277 0.020508
0 0.492432 0.450684 0.013184 0.022461
0 0.468506 0.452148 0.007324 0.021484
0 0.478271 0.450684 0.016113 0.028320
0 0.432861 0.454590 0.007324 0.030273
0 0.420410 0.441406 0.001953 0.005859
0 0.406250 0.453125 0.018555 0.042969
0 0.398682 0.455566 0.016113 0.038086
0 0.324951 0.467773 0.058105 0.072266
0 0.447998 0.452637 0.017090 0.026367
0 0.608643 0.438965 0.038574 0.030273