1 0.376221 0.399902 0.005371 0.028320
1 0.368896 0.398926 0.004395 0.026367
1 0.728271 0.416504 0.018066 0.090820
0 0.534668 0.393066 0.005859 0.010742
0 0.550781 0.394531 0.005859 0.011719
0 0.543213 0.393555 0.014160 0.015625
0 0.556885 0.398438 0.009277 0.017578
0 0.568115 0.406738 0.020020 0.030273
0 0.538574 0.424316 0.038086 0.053711
0 0.513428 0.400391 0.011230 0.019531
0 0.497803 0.388184 0.008301 0.004883
0 0.484375 0.400879 0.015625 0.022461
0 0.500244 0.409180 0.022949 0.039062
0 0.386719 0.391113 0.033203 0.034180
0 0.296387 0.502930 0.142578 0.181641
0 0.428467 0.422363 0.036621 0.065430
0 0.662598 0.449219 0.080078 0.111328
0 0.079590 0.405273 0.033203 0.015625