0 0.440186 0.465820 0.027832 0.060547
0 0.420410 0.470703 0.040039 0.068359
0 0.377441 0.495605 0.063477 0.133789
0 0.326416 0.512695 0.082520 0.164062
0 0.229980 0.529785 0.163086 0.217773
0 0.534912 0.463867 0.011230 0.050781
0 0.546875 0.470703 0.024414 0.066406
0 0.562500 0.469238 0.026367 0.090820
0 0.573486 0.474609 0.037598 0.107422
0 0.592529 0.488770 0.044434 0.124023
0 0.601318 0.493164 0.035645 0.132812
0 0.655029 0.506348 0.118652 0.200195
0 0.798096 0.573242 0.243652 0.333984
0 0.901611 0.664551 0.191895 0.547852