1 0.386230 0.458984 0.010742 0.056641
1 0.375732 0.456055 0.015137 0.078125
1 0.355225 0.454102 0.016113 0.072266
1 0.367676 0.436523 0.003906 0.021484
1 0.104248 0.513184 0.062012 0.297852
1 0.156738 0.490723 0.073242 0.338867
1 0.238281 0.502441 0.084961 0.418945
1 0.428711 0.454102 0.004883 0.035156
1 0.421143 0.477539 0.017090 0.099609
0 0.418945 0.426270 0.009766 0.010742
0 0.408691 0.430664 0.005859 0.009766
0 0.394287 0.428711 0.012207 0.013672
0 0.320801 0.451172 0.012695 0.078125
0 0.037842 0.381836 0.026855 0.015625
0 0.478271 0.459473 0.081543 0.081055
0 0.487061 0.476562 0.104980 0.070312