0 0.581787 0.436035 0.018066 0.014648
0 0.230225 0.474609 0.103027 0.050781
0 0.318115 0.481445 0.019043 0.056641
0 0.293213 0.480469 0.050293 0.064453
0 0.282959 0.483887 0.032715 0.061523
0 0.555908 0.463867 0.011230 0.025391
0 0.544922 0.464355 0.011719 0.026367
0 0.531738 0.464844 0.020508 0.027344
0 0.507324 0.467285 0.013672 0.034180
0 0.491699 0.466309 0.024414 0.041992
0 0.447510 0.468750 0.020020 0.041016
0 0.465576 0.472168 0.038574 0.049805
0 0.435059 0.474121 0.018555 0.038086
0 0.410156 0.467773 0.037109 0.062500
0 0.395264 0.476074 0.042480 0.053711
0 0.570312 0.470215 0.026367 0.067383
0 0.572510 0.476562 0.020996 0.068359
0 0.579346 0.478027 0.017090 0.081055
0 0.692871 0.499023 0.090820 0.160156
0 0.757324 0.515137 0.109375 0.213867
0 0.877930 0.539062 0.239258 0.353516
0 0.606445 0.476562 0.056641 0.097656
0 0.071777 0.552734 0.137695 0.242188