1 0.640869 0.428223 0.004395 0.024414
1 0.620117 0.416016 0.009766 0.015625
1 0.440918 0.405762 0.003906 0.012695
1 0.462158 0.420898 0.003418 0.029297
1 0.441650 0.416016 0.009277 0.021484
1 0.144775 0.384277 0.020996 0.067383
0 0.498779 0.424316 0.013184 0.030273
0 0.499023 0.435547 0.011719 0.037109
0 0.482910 0.435547 0.037109 0.060547
0 0.589111 0.445801 0.012207 0.045898
0 0.603027 0.443848 0.024414 0.049805
0 0.600342 0.450684 0.015137 0.051758
0 0.618896 0.451660 0.038574 0.059570
0 0.644775 0.459473 0.020996 0.069336
0 0.651855 0.466797 0.018555 0.076172
0 0.699951 0.452148 0.089355 0.138672
0 0.729980 0.482910 0.076172 0.116211
0 0.775146 0.496582 0.069824 0.145508
0 0.862793 0.499023 0.167969 0.222656
0 0.370850 0.366211 0.075684 0.263672