1 0.692139 0.429199 0.007324 0.038086
1 0.945312 0.467773 0.019531 0.105469
0 0.616943 0.413574 0.007324 0.008789
0 0.615967 0.416016 0.006348 0.011719
0 0.624756 0.407715 0.006348 0.010742
0 0.652344 0.420898 0.019531 0.039062
0 0.625977 0.422363 0.013672 0.020508
0 0.662842 0.430664 0.008301 0.029297
0 0.677246 0.435059 0.024414 0.038086
0 0.706055 0.427246 0.024414 0.034180
0 0.717529 0.435547 0.019043 0.029297
0 0.731201 0.436035 0.015137 0.034180
0 0.736572 0.442383 0.008301 0.027344
0 0.750244 0.436523 0.023926 0.041016
0 0.747803 0.442871 0.014160 0.034180
0 0.774658 0.440918 0.050293 0.045898
0 0.475586 0.443848 0.090820 0.118164
0 0.455078 0.448730 0.066406 0.112305
0 0.375488 0.450684 0.120117 0.168945
0 0.343750 0.466797 0.115234 0.185547
0 0.248535 0.475586 0.146484 0.236328
0 0.107910 0.499512 0.209961 0.325195