1 0.807861 0.418457 0.001465 0.026367
1 0.717529 0.328613 0.002441 0.010742
1 0.724609 0.413086 0.021484 0.087891
1 0.741455 0.411133 0.015137 0.099609
1 0.499268 0.380371 0.006348 0.020508
1 0.497559 0.353516 0.002930 0.054688
1 0.471436 0.395996 0.010254 0.047852
1 0.359863 0.411133 0.008789 0.085938
1 0.021484 0.410156 0.014648 0.076172
1 0.229736 0.405762 0.019043 0.098633
1 0.152588 0.411621 0.020020 0.090820
1 0.050049 0.367188 0.007324 0.169922
1 0.246338 0.404297 0.011230 0.089844
1 0.247803 0.413086 0.008301 0.080078
1 0.282959 0.400391 0.007324 0.095703
1 0.278320 0.406738 0.016602 0.098633
1 0.271729 0.407715 0.017090 0.098633
1 0.289062 0.405762 0.015625 0.086914
1 0.288086 0.406250 0.012695 0.101562
1 0.300293 0.405762 0.015625 0.098633
1 0.315430 0.406250 0.015625 0.095703
1 0.315674 0.409180 0.014160 0.095703
1 0.366455 0.411133 0.008301 0.091797
1 0.372803 0.408203 0.012207 0.097656
0 0.649658 0.389648 0.010254 0.031250
0 0.502686 0.385254 0.026855 0.047852
0 0.490234 0.404785 0.035156 0.051758
0 0.631836 0.391602 0.015625 0.029297
0 0.622559 0.397461 0.025391 0.037109
0 0.533691 0.406738 0.043945 0.061523
0 0.603760 0.397461 0.024902 0.042969
0 0.581543 0.397461 0.033203 0.048828
0 0.548340 0.442383 0.068359 0.101562
0 0.012939 0.443359 0.020020 0.119141