1 0.324951 0.475098 0.018066 0.094727
1 0.341309 0.436523 0.009766 0.025391
1 0.292969 0.484863 0.023438 0.125977
1 0.268555 0.485840 0.030273 0.118164
1 0.077637 0.516113 0.028320 0.221680
1 0.106201 0.522949 0.046387 0.219727
1 0.054199 0.512695 0.052734 0.244141
1 0.149414 0.521973 0.046875 0.223633
1 0.655518 0.478027 0.024902 0.196289
1 0.660156 0.478027 0.025391 0.239258
1 0.685547 0.490234 0.058594 0.265625
1 0.727783 0.448730 0.026855 0.176758
1 0.749023 0.444824 0.035156 0.200195
1 0.769775 0.451172 0.022949 0.207031
1 0.789551 0.449219 0.041992 0.228516
1 0.564209 0.441406 0.007324 0.052734
1 0.575195 0.444824 0.008789 0.055664
1 0.570557 0.447266 0.010254 0.050781
0 0.480713 0.445312 0.029785 0.052734
0 0.437500 0.463867 0.019531 0.054688
0 0.426270 0.466309 0.015625 0.063477
0 0.405762 0.467773 0.040039 0.082031
0 0.362793 0.482910 0.074219 0.108398