1 0.423340 0.404785 0.014648 0.114258
1 0.991455 0.416016 0.012207 0.087891
1 0.968750 0.410156 0.016602 0.101562
1 0.945312 0.408691 0.016602 0.104492
1 0.831055 0.420410 0.005859 0.032227
1 0.570312 0.456543 0.089844 0.323242
1 0.447021 0.479980 0.109863 0.338867
0 0.057861 0.429199 0.109863 0.145508
0 0.959961 0.765625 0.075195 0.412109
0 0.924072 0.430176 0.010254 0.020508
0 0.912109 0.428711 0.011719 0.023438
0 0.897461 0.426758 0.020508 0.029297
0 0.855713 0.425293 0.031738 0.034180
0 0.805420 0.421875 0.036621 0.039062
0 0.695312 0.411621 0.062500 0.077148
0 0.625244 0.409180 0.043457 0.080078
0 0.526367 0.416504 0.081055 0.090820