1 0.653320 0.437500 0.011719 0.068359
0 0.602051 0.437500 0.019531 0.033203
0 0.190918 0.448730 0.026367 0.053711
0 0.226807 0.432617 0.052246 0.097656
0 0.363281 0.479980 0.290039 0.178711
0 0.141113 0.432129 0.059570 0.081055
0 0.885010 0.446777 0.022949 0.043945
0 0.157715 0.453125 0.051758 0.062500
0 0.849854 0.444824 0.052246 0.053711
0 0.093506 0.454102 0.053223 0.060547
0 0.042725 0.466309 0.079590 0.094727
0 0.932373 0.433105 0.061035 0.084961
0 0.623779 0.433594 0.034668 0.027344
0 0.635254 0.435059 0.021484 0.026367
0 0.664307 0.430664 0.042480 0.037109
0 0.676270 0.433594 0.041992 0.033203
0 0.686523 0.434082 0.033203 0.034180
0 0.710938 0.426270 0.051758 0.041992
0 0.707275 0.440430 0.036621 0.042969
0 0.720947 0.432129 0.029785 0.043945
0 0.726074 0.448730 0.022461 0.024414
0 0.769531 0.434570 0.083008 0.076172