1 0.737793 0.372559 0.038086 0.083008
0 0.556152 0.393066 0.018555 0.018555
0 0.615234 0.425781 0.025391 0.052734
0 0.665527 0.423828 0.030273 0.070312
0 0.645752 0.428711 0.045410 0.076172
0 0.532959 0.395508 0.037598 0.013672
0 0.525635 0.404785 0.022949 0.018555
0 0.519531 0.415039 0.028320 0.039062
0 0.518066 0.419434 0.014648 0.030273
0 0.475830 0.479004 0.109863 0.166992
0 0.557861 0.437500 0.052246 0.072266
0 0.838623 0.456543 0.317871 0.254883
0 0.395020 0.405762 0.034180 0.024414
0 0.395020 0.422852 0.053711 0.054688
0 0.354980 0.391602 0.027344 0.011719
0 0.378418 0.424805 0.042969 0.056641
0 0.371826 0.430176 0.027832 0.065430
0 0.357666 0.430176 0.020020 0.069336
0 0.330078 0.421875 0.056641 0.064453
0 0.326416 0.434570 0.051270 0.078125
0 0.278809 0.436523 0.069336 0.089844