1 0.798340 0.417969 0.010742 0.058594
1 0.046143 0.441406 0.020996 0.097656
0 0.089600 0.398926 0.023926 0.018555
0 0.099365 0.418945 0.028809 0.046875
0 0.518311 0.429688 0.010254 0.021484
0 0.529541 0.428223 0.016113 0.024414
0 0.531738 0.430664 0.005859 0.019531
0 0.540283 0.429688 0.016113 0.023438
0 0.588623 0.429688 0.110840 0.140625
0 0.458496 0.442871 0.019531 0.047852
0 0.457764 0.447754 0.016113 0.047852
0 0.436279 0.447754 0.038574 0.059570
0 0.051025 0.402832 0.079590 0.059570
0 0.033936 0.412598 0.062012 0.045898