1 0.558838 0.390137 0.007324 0.028320
1 0.552490 0.388672 0.008301 0.019531
1 0.587891 0.392090 0.003906 0.026367
1 0.301025 0.395996 0.009277 0.022461
1 0.540771 0.385742 0.004395 0.007812
1 0.545898 0.384277 0.006836 0.010742
1 0.536133 0.383789 0.004883 0.011719
1 0.843262 0.377930 0.015625 0.023438
1 0.474854 0.367676 0.005371 0.012695
1 0.497803 0.349121 0.002441 0.010742
1 0.488037 0.362793 0.003418 0.020508
1 0.569824 0.393555 0.008789 0.041016
0 0.559082 0.331055 0.009766 0.011719
0 0.548828 0.336914 0.007812 0.011719
0 0.527832 0.309570 0.004883 0.015625
0 0.539062 0.346680 0.008789 0.013672
0 0.550293 0.359375 0.009766 0.013672
0 0.485352 0.376953 0.013672 0.035156
0 0.449219 0.406738 0.010742 0.034180
0 0.434082 0.405273 0.023438 0.044922
0 0.417725 0.415527 0.020020 0.041992
0 0.409424 0.417480 0.010254 0.045898
0 0.385010 0.413574 0.041504 0.067383
0 0.309082 0.417969 0.039062 0.046875
0 0.350098 0.432129 0.024414 0.059570
0 0.320801 0.436523 0.053711 0.066406
0 0.239258 0.457031 0.057617 0.087891
0 0.106445 0.408691 0.062500 0.024414
0 0.179688 0.461426 0.086914 0.120117
0 0.033936 0.411133 0.062012 0.044922
0 0.100830 0.479492 0.111816 0.138672
0 0.534180 0.330566 0.008789 0.012695
0 0.030762 0.485840 0.055664 0.155273
0 0.542725 0.418457 0.038574 0.057617
0 0.571533 0.365723 0.013184 0.016602
0 0.481201 0.385254 0.011230 0.030273
0 0.476562 0.387695 0.011719 0.033203
0 0.470459 0.390137 0.017090 0.028320
0 0.497070 0.367188 0.006836 0.025391
0 0.499268 0.364258 0.009277 0.023438
0 0.501953 0.361328 0.007812 0.021484
0 0.503174 0.358398 0.009277 0.019531
0 0.495361 0.368652 0.007324 0.022461
0 0.493896 0.371094 0.007324 0.023438
0 0.489746 0.375488 0.012695 0.028320
0 0.516846 0.319336 0.012207 0.013672