1 0.592529 0.386230 0.005371 0.020508
1 0.536133 0.383789 0.002930 0.021484
1 0.531982 0.394043 0.009277 0.040039
1 0.607910 0.498047 0.093750 0.406250
1 0.748291 0.484375 0.103027 0.414062
1 0.540771 0.389648 0.006348 0.027344
0 0.549316 0.398438 0.004883 0.015625
0 0.546631 0.383789 0.008301 0.027344
0 0.561035 0.367676 0.027344 0.049805
0 0.561523 0.384277 0.021484 0.022461
0 0.552979 0.405273 0.005371 0.027344
0 0.583496 0.390625 0.014648 0.025391
0 0.566406 0.429199 0.054688 0.065430
0 0.645020 0.381836 0.027344 0.011719
0 0.666748 0.381836 0.069824 0.025391
0 0.660156 0.448730 0.057617 0.127930
0 0.704346 0.391113 0.050293 0.065430
0 0.697021 0.444336 0.062988 0.126953
0 0.699219 0.479004 0.067383 0.196289
0 0.863770 0.388672 0.267578 0.462891
0 0.928955 0.474121 0.137207 0.471680