1 0.367432 0.436035 0.019043 0.110352
1 0.408936 0.403320 0.005371 0.027344
1 0.839600 0.442871 0.019043 0.069336
1 0.861816 0.454590 0.015625 0.047852
1 0.339600 0.437012 0.019043 0.106445
1 0.400146 0.418945 0.013184 0.068359
1 0.341553 0.390625 0.016113 0.050781
1 0.251953 0.436035 0.013672 0.106445
1 0.946533 0.479004 0.012207 0.092773
0 0.761719 0.428711 0.023438 0.029297
0 0.531006 0.434570 0.013184 0.017578
0 0.506348 0.429199 0.035156 0.038086
0 0.786377 0.434570 0.042480 0.044922
0 0.919678 0.440918 0.009277 0.041992
0 0.452881 0.433105 0.087402 0.149414
0 0.570557 0.421875 0.025879 0.054688
0 0.561523 0.431152 0.030273 0.043945
0 0.598389 0.435059 0.037598 0.053711
0 0.511963 0.430176 0.028809 0.040039