1 0.445068 0.425293 0.022949 0.088867
1 0.403076 0.430176 0.005371 0.018555
1 0.425049 0.427734 0.004395 0.029297
1 0.428711 0.426758 0.004883 0.025391
1 0.432129 0.427734 0.004883 0.021484
0 0.066650 0.438477 0.017090 0.019531
0 0.496826 0.428223 0.017090 0.053711
0 0.526123 0.434570 0.053223 0.080078
0 0.478271 0.431152 0.016113 0.024414
0 0.458984 0.430176 0.015625 0.034180
0 0.440674 0.434570 0.006348 0.023438
0 0.089844 0.434570 0.013672 0.009766
0 0.081299 0.439941 0.030762 0.016602
0 0.203857 0.452148 0.030762 0.041016
0 0.124268 0.460938 0.039551 0.050781
0 0.081055 0.466309 0.051758 0.051758
0 0.311768 0.443848 0.005371 0.016602
0 0.315674 0.441895 0.004395 0.014648
0 0.323242 0.440430 0.012695 0.025391
0 0.355469 0.434082 0.028320 0.036133
0 0.385986 0.436523 0.009277 0.011719
0 0.380859 0.437012 0.008789 0.010742
0 0.373779 0.437988 0.006348 0.008789
0 0.302490 0.440430 0.015137 0.027344