1 0.540039 0.436035 0.012695 0.041992
1 0.604248 0.416504 0.004395 0.008789
1 0.650391 0.418457 0.010742 0.024414
0 0.441162 0.431641 0.008301 0.023438
0 0.432617 0.432617 0.014648 0.025391
0 0.415283 0.428711 0.022949 0.042969
0 0.412354 0.439941 0.008301 0.024414
0 0.406982 0.439941 0.006348 0.028320
0 0.402344 0.440430 0.006836 0.031250
0 0.389404 0.439453 0.021973 0.041016
0 0.378662 0.448730 0.029785 0.041992
0 0.352539 0.449707 0.018555 0.040039
0 0.337891 0.450684 0.019531 0.045898
0 0.315186 0.448242 0.029785 0.054688
0 0.313477 0.456055 0.026367 0.048828
0 0.532715 0.421875 0.008789 0.015625
0 0.565186 0.416992 0.010254 0.005859
0 0.561523 0.433594 0.015625 0.027344
0 0.570801 0.430176 0.002930 0.040039
0 0.582520 0.427246 0.022461 0.051758
0 0.589600 0.443848 0.014160 0.049805
0 0.600098 0.447754 0.026367 0.053711
0 0.605713 0.453613 0.012207 0.053711
0 0.624023 0.456543 0.042969 0.069336
0 0.672852 0.467285 0.074219 0.104492
0 0.901611 0.558594 0.191895 0.279297