1 0.990723 0.373047 0.013672 0.044922
1 0.939697 0.452148 0.043457 0.300781
1 0.813232 0.499023 0.076660 0.373047
1 0.886230 0.518555 0.104492 0.550781
1 0.815674 0.488770 0.070801 0.426758
1 0.858887 0.537598 0.143555 0.571289
1 0.618408 0.457520 0.047363 0.282227
1 0.683105 0.489258 0.088867 0.306641
1 0.629639 0.489746 0.081543 0.362305
1 0.566162 0.466797 0.058105 0.304688
1 0.601074 0.496094 0.070312 0.427734
1 0.665527 0.551270 0.119141 0.555664
1 0.734863 0.569824 0.099609 0.608398
1 0.487793 0.477539 0.020508 0.283203
1 0.522705 0.469727 0.077637 0.343750
1 0.470215 0.484863 0.059570 0.438477
1 0.442139 0.500977 0.016113 0.085938
1 0.154053 0.471680 0.066895 0.285156
1 0.365234 0.461426 0.071289 0.344727
1 0.431641 0.508301 0.133789 0.583008
1 0.218262 0.493164 0.070312 0.291016
1 0.144775 0.451660 0.039551 0.299805
1 0.112549 0.475098 0.068848 0.385742
1 0.040283 0.482422 0.074707 0.431641
1 0.177979 0.509277 0.095215 0.344727
1 0.249512 0.473633 0.107422 0.439453
0 0.767334 0.385254 0.015137 0.032227
0 0.708496 0.376953 0.005859 0.013672
0 0.704590 0.387695 0.011719 0.035156
0 0.072754 0.452637 0.031250 0.131836
0 0.018311 0.494629 0.030762 0.139648