1 0.450928 0.421387 0.004395 0.024414
1 0.438477 0.433105 0.011719 0.045898
1 0.267822 0.414062 0.003418 0.007812
1 0.667236 0.434082 0.009277 0.067383
1 0.679443 0.437500 0.012207 0.060547
1 0.760254 0.445312 0.024414 0.125000
1 0.186279 0.441895 0.004395 0.028320
1 0.098877 0.449219 0.014160 0.054688
0 0.270996 0.428711 0.026367 0.025391
0 0.323486 0.434570 0.012207 0.033203
0 0.305664 0.439941 0.032227 0.041992
0 0.552979 0.437500 0.080566 0.054688
0 0.500244 0.429688 0.007324 0.025391
0 0.465576 0.417969 0.019043 0.046875
0 0.483643 0.435547 0.034668 0.046875
0 0.358887 0.434570 0.062500 0.062500
0 0.411865 0.449219 0.053223 0.087891
0 0.253174 0.444824 0.065918 0.055664