1 0.763428 0.421387 0.003418 0.014648
1 0.877686 0.415527 0.005371 0.012695
1 0.781494 0.417969 0.005371 0.007812
1 0.006836 0.407227 0.007812 0.072266
1 0.563721 0.422852 0.006348 0.025391
1 0.654053 0.430176 0.019043 0.184570
1 0.676514 0.426270 0.039551 0.223633
1 0.727783 0.426758 0.029785 0.179688
1 0.899414 0.425293 0.007812 0.038086
0 0.682617 0.435059 0.008789 0.016602
0 0.699463 0.441406 0.028809 0.029297
0 0.149414 0.414062 0.074219 0.074219
0 0.498047 0.448242 0.146484 0.271484
0 0.989014 0.431152 0.017090 0.024414