1 0.214600 0.374023 0.015137 0.076172
1 0.203125 0.381836 0.009766 0.054688
0 0.471680 0.311523 0.004883 0.011719
0 0.468506 0.313477 0.004395 0.009766
0 0.465088 0.313965 0.006348 0.010742
0 0.459229 0.326172 0.009277 0.013672
0 0.448975 0.327148 0.012207 0.019531
0 0.438477 0.337891 0.011719 0.025391
0 0.400146 0.346191 0.018066 0.022461
0 0.433594 0.357422 0.023438 0.039062
0 0.316650 0.427734 0.138184 0.205078
0 0.039307 0.420898 0.072754 0.185547
0 0.514404 0.412598 0.081543 0.141602
0 0.918457 0.454590 0.158203 0.166992
0 0.115967 0.446289 0.185059 0.201172