1 0.833008 0.375000 0.018555 0.039062
1 0.884521 0.364258 0.018066 0.054688
1 0.900879 0.370605 0.030273 0.053711
1 0.984619 0.390137 0.025879 0.176758
1 0.926758 0.518555 0.092773 0.292969
1 0.542236 0.431641 0.025879 0.150391
1 0.518555 0.437012 0.029297 0.141602
1 0.467529 0.435547 0.013184 0.062500
1 0.368164 0.420898 0.018555 0.033203
1 0.310547 0.413574 0.018555 0.049805
1 0.223389 0.407715 0.020996 0.063477
1 0.248535 0.443848 0.045898 0.200195
1 0.009766 0.439453 0.013672 0.111328
0 0.587646 0.438477 0.048340 0.046875
0 0.480225 0.446289 0.037598 0.041016
0 0.429932 0.438477 0.042480 0.058594