1 0.381104 0.432617 0.010254 0.037109
1 0.883545 0.424805 0.006348 0.050781
0 0.754639 0.414551 0.008301 0.020508
0 0.830078 0.430176 0.026367 0.036133
0 0.376465 0.428223 0.023438 0.043945
0 0.338379 0.438477 0.011719 0.027344
0 0.321289 0.430176 0.022461 0.041992
0 0.314697 0.439453 0.013184 0.035156
0 0.243896 0.444336 0.004395 0.019531
0 0.177734 0.446289 0.022461 0.037109
0 0.569092 0.414062 0.050293 0.126953
0 0.578857 0.446289 0.054199 0.083984
0 0.642334 0.440918 0.049316 0.077148
0 0.783691 0.425293 0.055664 0.053711
0 0.744385 0.436523 0.048340 0.029297
0 0.963135 0.508789 0.068848 0.238281
0 0.933105 0.417480 0.025391 0.024414