1 0.092529 0.386230 0.015137 0.047852
0 0.588379 0.402344 0.005859 0.027344
0 0.045166 0.385254 0.043457 0.038086
0 0.295898 0.403320 0.013672 0.058594
0 0.316895 0.403809 0.047852 0.075195
0 0.336182 0.414551 0.048340 0.071289
0 0.239990 0.390625 0.050293 0.091797
0 0.242432 0.412598 0.020996 0.063477
0 0.267822 0.414551 0.052246 0.077148
0 0.446045 0.398926 0.022949 0.032227
0 0.476562 0.396973 0.013672 0.026367
0 0.547363 0.386719 0.009766 0.011719
0 0.572998 0.395996 0.028809 0.026367
0 0.832764 0.567383 0.329590 0.447266
0 0.515869 0.399414 0.021973 0.031250
0 0.484131 0.400879 0.000488 0.002930
0 0.486816 0.398438 0.004883 0.017578