1 0.606201 0.466797 0.006348 0.037109
1 0.581543 0.469238 0.008789 0.038086
1 0.574463 0.468750 0.006348 0.041016
1 0.569824 0.466797 0.004883 0.046875
1 0.564209 0.461426 0.011230 0.059570
1 0.534668 0.478516 0.013672 0.080078
1 0.510254 0.470215 0.021484 0.116211
1 0.552246 0.473633 0.018555 0.093750
1 0.332031 0.517578 0.073242 0.351562
1 0.593750 0.479492 0.016602 0.087891
1 0.611572 0.468750 0.004395 0.029297
1 0.619873 0.480957 0.015137 0.079102
1 0.666504 0.505371 0.051758 0.317383
1 0.709961 0.503906 0.052734 0.294922
1 0.794189 0.518066 0.071777 0.323242
0 0.582520 0.448242 0.010742 0.013672
0 0.470215 0.437012 0.049805 0.036133
0 0.375732 0.436523 0.024902 0.039062
0 0.198486 0.506836 0.252441 0.375000
0 0.634277 0.475586 0.025391 0.044922