1 0.419922 0.485840 0.008789 0.008789
1 0.465820 0.489258 0.015625 0.021484
1 0.947021 0.470215 0.019043 0.036133
1 0.593994 0.508789 0.015137 0.052734
1 0.606934 0.511719 0.011719 0.052734
1 0.175537 0.498535 0.014160 0.040039
1 0.185547 0.500488 0.015625 0.038086
1 0.202637 0.499023 0.013672 0.039062
1 0.286377 0.493652 0.013184 0.036133
1 0.900146 0.467773 0.037598 0.132812
1 0.875732 0.477539 0.027832 0.117188
1 0.648926 0.519531 0.131836 0.378906
1 0.545898 0.585938 0.101562 0.248047
1 0.524414 0.519043 0.108398 0.434570
0 0.083984 0.530273 0.126953 0.085938