0 0.502441 0.412109 0.014648 0.029297
0 0.588867 0.418945 0.056641 0.060547
0 0.593994 0.422852 0.048340 0.056641
0 0.521973 0.447266 0.062500 0.099609
0 0.452393 0.420410 0.026855 0.055664
0 0.437744 0.420410 0.038574 0.053711
0 0.445801 0.426758 0.009766 0.037109
0 0.435547 0.431152 0.024414 0.057617
0 0.385742 0.431641 0.089844 0.099609
0 0.394043 0.446289 0.039062 0.078125
0 0.368896 0.440430 0.038574 0.091797
0 0.356689 0.450195 0.042480 0.111328
0 0.325439 0.460938 0.083496 0.146484
0 0.293701 0.466309 0.033691 0.157227
0 0.243164 0.469727 0.128906 0.195312
0 0.163330 0.480957 0.129395 0.239258
0 0.082031 0.495117 0.158203 0.291016
0 0.645264 0.435547 0.063965 0.093750
0 0.643066 0.457031 0.044922 0.111328
0 0.659668 0.461426 0.031250 0.129883
0 0.720947 0.444824 0.123535 0.180664
0 0.766602 0.469727 0.157227 0.222656
0 0.909912 0.473633 0.175293 0.271484
0 0.935303 0.510254 0.124512 0.319336