0 0.456299 0.416992 0.053223 0.070312
0 0.378174 0.418457 0.063965 0.124023
0 0.365479 0.448242 0.053223 0.095703
0 0.344238 0.456543 0.050781 0.106445
0 0.254395 0.440430 0.136719 0.226562
0 0.149902 0.479492 0.167969 0.238281
0 0.060547 0.462891 0.115234 0.343750
0 0.433105 0.454102 0.074219 0.109375
0 0.615967 0.429199 0.026855 0.040039
0 0.660400 0.437500 0.033691 0.074219
0 0.675293 0.440918 0.029297 0.079102
0 0.706787 0.443848 0.062988 0.096680
0 0.784424 0.463867 0.094238 0.154297
0 0.883057 0.478516 0.181152 0.212891
0 0.554443 0.455078 0.078613 0.117188