1 0.587891 0.421875 0.026367 0.115234
1 0.614746 0.424316 0.027344 0.112305
1 0.288818 0.387207 0.006348 0.028320
0 0.791016 0.443359 0.111328 0.085938
0 0.467529 0.390625 0.031738 0.037109
0 0.356201 0.382812 0.020020 0.039062
0 0.413330 0.437988 0.101074 0.161133
0 0.195557 0.389648 0.034668 0.050781
0 0.194824 0.395508 0.021484 0.046875
0 0.191650 0.397949 0.005371 0.028320
0 0.171143 0.393555 0.038574 0.054688
0 0.171387 0.396484 0.026367 0.046875
0 0.166748 0.399902 0.021973 0.051758
0 0.145508 0.399414 0.038086 0.060547
0 0.143311 0.402344 0.025879 0.058594
0 0.134277 0.406250 0.024414 0.060547
0 0.095215 0.395508 0.069336 0.083984
0 0.074463 0.400879 0.067871 0.075195
0 0.285889 0.381836 0.003418 0.039062
0 0.257324 0.390137 0.024414 0.040039
0 0.223877 0.396973 0.035645 0.045898