1 0.632080 0.394043 0.005371 0.012695
1 0.662354 0.399414 0.013184 0.041016
1 0.029053 0.418945 0.036621 0.197266
1 0.347900 0.448242 0.017090 0.097656
0 0.477295 0.434570 0.011230 0.017578
0 0.433350 0.432617 0.014160 0.023438
0 0.451660 0.424805 0.014648 0.011719
0 0.453125 0.437500 0.015625 0.023438
0 0.512451 0.436523 0.018066 0.042969
0 0.544678 0.421875 0.075684 0.074219
0 0.549316 0.434082 0.065430 0.065430
0 0.542969 0.440918 0.038086 0.061523
0 0.548828 0.441895 0.022461 0.059570
0 0.555420 0.440430 0.021973 0.062500
0 0.567139 0.447266 0.037598 0.082031
0 0.606445 0.422363 0.062500 0.045898
0 0.604492 0.451660 0.076172 0.100586
0 0.674805 0.447754 0.049805 0.088867
0 0.380615 0.424805 0.012207 0.007812
0 0.373291 0.434082 0.021973 0.028320
0 0.362549 0.436035 0.010254 0.036133
0 0.357666 0.434082 0.011230 0.036133
0 0.400391 0.439453 0.037109 0.056641
0 0.339600 0.418945 0.004395 0.007812
0 0.287109 0.421387 0.025391 0.022461
0 0.269531 0.449707 0.041016 0.079102
0 0.196289 0.447266 0.124023 0.117188
0 0.313721 0.455078 0.063965 0.095703