1 0.246582 0.479492 0.015625 0.076172
0 0.422852 0.474609 0.013672 0.025391
0 0.576416 0.478027 0.018066 0.045898
0 0.598389 0.482422 0.034668 0.062500
0 0.597656 0.488281 0.018555 0.064453
0 0.618164 0.489258 0.050781 0.074219
0 0.550537 0.488770 0.042480 0.079102
0 0.414551 0.477539 0.010742 0.033203
0 0.397949 0.472656 0.025391 0.048828
0 0.381348 0.481445 0.026367 0.050781
0 0.371826 0.485352 0.016113 0.044922
0 0.359619 0.487305 0.026855 0.052734
0 0.333496 0.488281 0.031250 0.064453
0 0.307861 0.493164 0.051270 0.066406
0 0.478516 0.525391 0.126953 0.222656
0 0.156494 0.510742 0.090332 0.099609