1 0.234375 0.427734 0.011719 0.033203
1 0.253174 0.418457 0.009277 0.014648
1 0.643799 0.409180 0.004395 0.013672
0 0.573242 0.440918 0.036133 0.038086
0 0.547363 0.446289 0.020508 0.050781
0 0.523193 0.443848 0.045410 0.061523
0 0.491211 0.442871 0.081055 0.071289
0 0.483887 0.448730 0.050781 0.065430
0 0.434082 0.458008 0.064453 0.078125
0 0.395020 0.463867 0.044922 0.070312
0 0.387939 0.472656 0.029785 0.070312
0 0.335205 0.460449 0.079590 0.081055
0 0.263916 0.483887 0.074707 0.118164
0 0.180176 0.500000 0.120117 0.128906
0 0.631592 0.455566 0.041504 0.079102
0 0.735596 0.442383 0.174316 0.160156
0 0.831055 0.492188 0.156250 0.242188
0 0.904297 0.531738 0.186523 0.334961
0 0.981689 0.561523 0.031738 0.253906