0 0.348633 0.453613 0.014648 0.051758
0 0.334229 0.455566 0.031738 0.057617
0 0.312256 0.459961 0.029785 0.068359
0 0.286377 0.459473 0.044434 0.084961
0 0.251953 0.467773 0.045898 0.083984
0 0.199219 0.475586 0.083984 0.099609
0 0.554199 0.440918 0.011719 0.036133
0 0.422607 0.438477 0.019043 0.031250
0 0.402100 0.439453 0.035645 0.033203
0 0.516602 0.473633 0.088867 0.136719
0 0.621338 0.424805 0.008301 0.015625
0 0.600098 0.448242 0.038086 0.060547
0 0.656494 0.456543 0.084473 0.137695
0 0.753418 0.502441 0.155273 0.194336