1 0.533691 0.442383 0.007812 0.031250
1 0.555908 0.433105 0.009277 0.057617
1 0.565430 0.430176 0.011719 0.065430
1 0.545898 0.432617 0.015625 0.076172
0 0.421631 0.445312 0.003418 0.019531
0 0.458740 0.429688 0.007324 0.009766
0 0.440674 0.445312 0.009277 0.021484
0 0.430908 0.445312 0.019043 0.023438
0 0.450928 0.446289 0.016113 0.029297
0 0.463867 0.441895 0.011719 0.041992
0 0.478516 0.438965 0.028320 0.047852
0 0.413818 0.438965 0.012207 0.041992
0 0.376221 0.439453 0.009277 0.052734
0 0.392334 0.441895 0.039551 0.063477