1 0.240723 0.395996 0.012695 0.018555
0 0.552246 0.433594 0.040039 0.039062
0 0.605225 0.432617 0.024902 0.041016
0 0.625977 0.439941 0.005859 0.024414
0 0.434814 0.437500 0.031738 0.039062
0 0.389648 0.465332 0.061523 0.137695
0 0.314209 0.505371 0.144043 0.235352
0 0.213867 0.560547 0.193359 0.324219
0 0.111328 0.652344 0.216797 0.607422
0 0.561279 0.445801 0.020020 0.049805
0 0.582764 0.450195 0.044434 0.058594
0 0.687012 0.434082 0.029297 0.071289
0 0.706543 0.503418 0.078125 0.227539
0 0.806152 0.525391 0.203125 0.298828