1 0.492188 0.429688 0.006836 0.050781
0 0.282715 0.416504 0.068359 0.135742
0 0.314209 0.454590 0.072754 0.124023
0 0.241943 0.464355 0.052246 0.120117
0 0.210938 0.468750 0.049805 0.140625
0 0.128906 0.467773 0.126953 0.228516
0 0.053223 0.504395 0.100586 0.252930
0 0.450195 0.439941 0.020508 0.022461
0 0.590576 0.440430 0.129395 0.107422
0 0.581055 0.428223 0.028320 0.020508
0 0.592041 0.458496 0.073730 0.083008
0 0.574219 0.477539 0.011719 0.037109
0 0.615967 0.459961 0.075684 0.093750
0 0.644043 0.464355 0.112305 0.141602
0 0.714844 0.453125 0.176758 0.146484
0 0.703613 0.473633 0.142578 0.128906
0 0.708740 0.498535 0.123535 0.157227
0 0.739014 0.533691 0.023926 0.094727
0 0.844727 0.513672 0.200195 0.250000
0 0.902588 0.592773 0.122559 0.208984
0 0.952393 0.506348 0.090332 0.399414