0 0.433838 0.418457 0.003418 0.010742
0 0.423340 0.426758 0.018555 0.044922
0 0.418945 0.436035 0.008789 0.038086
0 0.383545 0.430176 0.008301 0.030273
0 0.443115 0.436035 0.028809 0.047852
0 0.470459 0.432617 0.032715 0.064453
0 0.581055 0.424805 0.016602 0.029297
0 0.595947 0.428223 0.011230 0.043945
0 0.601318 0.430664 0.012207 0.044922
0 0.604004 0.432617 0.011719 0.048828
0 0.626709 0.428711 0.043457 0.074219
0 0.679932 0.468750 0.070801 0.183594
0 0.766846 0.495605 0.180176 0.264648
0 0.523438 0.477051 0.111328 0.170898