0 0.509033 0.456055 0.013184 0.019531
0 0.495605 0.456543 0.015625 0.020508
0 0.440674 0.444824 0.026855 0.043945
0 0.354980 0.457520 0.056641 0.086914
0 0.336914 0.473633 0.029297 0.070312
0 0.308838 0.477539 0.049316 0.080078
0 0.261719 0.484375 0.077148 0.093750
0 0.169678 0.495117 0.115723 0.128906
0 0.525146 0.455566 0.021973 0.036133
0 0.642822 0.450684 0.049316 0.084961
0 0.645752 0.445801 0.021973 0.024414
0 0.739014 0.444824 0.212402 0.174805
0 0.710693 0.463867 0.040527 0.076172
0 0.786865 0.482422 0.131348 0.156250
0 0.790771 0.504883 0.044434 0.152344
0 0.831055 0.506836 0.071289 0.195312
0 0.903076 0.517090 0.129395 0.264648
0 0.951660 0.547852 0.091797 0.337891