0 0.235840 0.463379 0.046875 0.075195
0 0.196533 0.469238 0.053223 0.086914
0 0.153320 0.475586 0.060547 0.097656
0 0.097412 0.481445 0.078613 0.113281
0 0.037109 0.491699 0.068359 0.133789
0 0.410400 0.437012 0.008301 0.026367
0 0.401367 0.436523 0.013672 0.031250
0 0.391602 0.435547 0.001953 0.023438
0 0.385986 0.436035 0.010254 0.026367
0 0.373291 0.441406 0.019043 0.039062
0 0.366943 0.445801 0.020996 0.040039
0 0.351318 0.447266 0.024902 0.042969
0 0.441650 0.432617 0.005371 0.019531
0 0.429199 0.435547 0.023438 0.037109
0 0.912109 0.579590 0.170898 0.530273
0 0.463379 0.430664 0.013672 0.017578
0 0.499268 0.427246 0.009277 0.014648
0 0.484375 0.429199 0.006836 0.010742
0 0.491455 0.429199 0.008301 0.012695
0 0.476318 0.428711 0.010254 0.011719
0 0.506348 0.428711 0.006836 0.013672
0 0.524414 0.424805 0.008789 0.021484
0 0.549561 0.438477 0.012207 0.037109
0 0.555176 0.441895 0.018555 0.040039
0 0.555908 0.445801 0.012207 0.040039
0 0.567871 0.447266 0.022461 0.050781
0 0.574707 0.450684 0.014648 0.057617
0 0.584473 0.457031 0.028320 0.080078
0 0.635010 0.460938 0.090332 0.156250
0 0.661377 0.475098 0.079590 0.166992
0 0.514404 0.431641 0.015137 0.023438