1 0.565430 0.433105 0.004883 0.049805
1 0.594971 0.451172 0.038574 0.166016
1 0.552734 0.441406 0.021484 0.177734
1 0.538574 0.447266 0.044922 0.179688
1 0.362793 0.425781 0.017578 0.074219
0 0.471191 0.438965 0.009766 0.030273
0 0.476807 0.440918 0.012207 0.030273
0 0.484619 0.439453 0.011230 0.035156
0 0.491455 0.439941 0.016113 0.038086
0 0.503662 0.440918 0.023926 0.040039
0 0.518066 0.442871 0.012695 0.043945
0 0.534424 0.455566 0.020996 0.018555
0 0.463379 0.444824 0.017578 0.053711
0 0.456787 0.447754 0.013184 0.055664
0 0.451172 0.449707 0.015625 0.067383
0 0.429688 0.447754 0.042969 0.079102
0 0.434082 0.456543 0.031250 0.088867
0 0.406738 0.465332 0.071289 0.100586
0 0.318115 0.498535 0.124512 0.217773
0 0.157227 0.537109 0.308594 0.544922
0 0.040771 0.810059 0.075684 0.370117