1 0.431885 0.441895 0.006348 0.045898
0 0.335693 0.449219 0.020020 0.033203
0 0.360107 0.440918 0.030762 0.049805
0 0.320801 0.459961 0.021484 0.048828
0 0.310303 0.465332 0.036621 0.055664
0 0.269775 0.441406 0.080566 0.126953
0 0.235840 0.474609 0.047852 0.083984
0 0.211670 0.476074 0.023926 0.088867
0 0.144287 0.481445 0.120605 0.166016
0 0.033447 0.510254 0.061035 0.143555
0 0.541504 0.445312 0.040039 0.050781
0 0.560303 0.442383 0.011230 0.048828
0 0.584229 0.453613 0.035645 0.079102
0 0.611572 0.457031 0.047363 0.103516
0 0.666748 0.484375 0.110840 0.171875
0 0.908203 0.617676 0.178711 0.569336