0 0.058838 0.501465 0.111816 0.100586
0 0.468018 0.442871 0.012207 0.014648
0 0.458984 0.449219 0.006836 0.025391
0 0.412842 0.455566 0.018066 0.036133
0 0.386963 0.458496 0.029785 0.043945
0 0.365234 0.457520 0.038086 0.047852
0 0.294922 0.442383 0.110352 0.115234
0 0.277588 0.477051 0.073730 0.073242
0 0.212891 0.481445 0.104492 0.083984
0 0.437988 0.454102 0.039062 0.070312
0 0.558594 0.437988 0.008789 0.022461
0 0.575928 0.435547 0.027832 0.037109
0 0.691162 0.469238 0.058105 0.125977
0 0.718506 0.435547 0.029785 0.072266
0 0.862549 0.451172 0.270020 0.283203
0 0.901123 0.472656 0.190918 0.207031
0 0.515625 0.496094 0.111328 0.173828