1 0.151123 0.506348 0.020996 0.061523
1 0.182861 0.479004 0.019043 0.110352
1 0.127930 0.482422 0.028320 0.140625
0 0.376221 0.454590 0.025879 0.030273
0 0.407959 0.462402 0.024902 0.032227
0 0.435059 0.460938 0.024414 0.031250
0 0.380127 0.467285 0.016113 0.040039
0 0.371826 0.470215 0.020020 0.043945
0 0.354980 0.468750 0.022461 0.054688
0 0.334229 0.472656 0.043457 0.056641
0 0.582520 0.441406 0.039062 0.046875
0 0.591064 0.435059 0.032715 0.026367
0 0.566650 0.469727 0.016113 0.042969
0 0.587891 0.471680 0.037109 0.078125
0 0.595947 0.475586 0.023926 0.085938
0 0.612549 0.483398 0.039551 0.111328
0 0.658936 0.493652 0.096191 0.145508
0 0.538574 0.462891 0.030273 0.046875
0 0.498047 0.460938 0.018555 0.048828
0 0.474609 0.475098 0.053711 0.081055