1 0.215576 0.433594 0.028809 0.134766
0 0.531738 0.425781 0.012695 0.023438
0 0.553955 0.423340 0.048340 0.043945
0 0.548584 0.423340 0.014160 0.020508
0 0.546875 0.435547 0.007812 0.025391
0 0.556396 0.435059 0.017090 0.045898
0 0.567139 0.438965 0.023926 0.057617
0 0.587158 0.441895 0.054199 0.065430
0 0.598877 0.461426 0.009277 0.040039
0 0.640869 0.441406 0.080566 0.097656
0 0.663574 0.428711 0.081055 0.064453
0 0.657471 0.464355 0.078613 0.102539
0 0.660889 0.483398 0.062988 0.113281
0 0.725586 0.437012 0.086914 0.104492
0 0.741211 0.470703 0.126953 0.197266
0 0.757812 0.485840 0.082031 0.208008
0 0.878906 0.491211 0.237305 0.291016
0 0.919189 0.550781 0.151855 0.273438
0 0.945801 0.573730 0.103516 0.327148
0 0.407227 0.436035 0.031250 0.053711
0 0.252930 0.427734 0.062500 0.099609
0 0.245117 0.437988 0.035156 0.083008
0 0.090576 0.445312 0.174316 0.105469