0 0.578857 0.423828 0.026855 0.017578
0 0.556641 0.433594 0.074219 0.050781
0 0.617676 0.433105 0.051758 0.049805
0 0.647461 0.452637 0.025391 0.067383
0 0.661377 0.455566 0.030762 0.079102
0 0.679932 0.458984 0.033691 0.101562
0 0.701660 0.459961 0.046875 0.119141
0 0.709961 0.475098 0.055664 0.145508
0 0.763672 0.484863 0.110352 0.190430
0 0.851562 0.521973 0.173828 0.270508
0 0.922119 0.580078 0.150879 0.433594
0 0.512451 0.446289 0.028809 0.068359
0 0.474365 0.434082 0.061035 0.112305
0 0.477539 0.461426 0.033203 0.102539
0 0.457764 0.457031 0.027832 0.154297
0 0.383545 0.449707 0.148926 0.231445
0 0.325195 0.504883 0.111328 0.214844
0 0.210449 0.551270 0.261719 0.356445
0 0.076660 0.554688 0.147461 0.500000