1 0.750000 0.404785 0.008789 0.012695
1 0.774902 0.400879 0.014648 0.057617
1 0.592529 0.430176 0.006348 0.032227
0 0.049805 0.512207 0.093750 0.180664
0 0.352539 0.457520 0.017578 0.059570
0 0.332275 0.458008 0.036621 0.066406
0 0.316895 0.463379 0.032227 0.067383
0 0.288818 0.467773 0.050293 0.080078
0 0.249268 0.472656 0.057129 0.093750
0 0.188232 0.479980 0.093262 0.108398
0 0.481689 0.430176 0.006348 0.012695
0 0.469482 0.442871 0.023926 0.036133
0 0.410889 0.454102 0.033691 0.050781
0 0.442871 0.453125 0.029297 0.060547
0 0.529541 0.452148 0.016113 0.062500
0 0.503662 0.460449 0.059082 0.086914
0 0.605957 0.449707 0.022461 0.059570
0 0.626953 0.450684 0.037109 0.071289
0 0.639404 0.454102 0.042480 0.076172
0 0.663574 0.463379 0.040039 0.092773
0 0.702148 0.466309 0.063477 0.114258
0 0.743652 0.474121 0.089844 0.125977
0 0.549561 0.445801 0.026855 0.047852