1 0.715576 0.450195 0.016113 0.091797
1 0.797363 0.436523 0.018555 0.082031
1 0.894775 0.389160 0.005371 0.010742
1 0.923828 0.416992 0.017578 0.072266
1 0.952881 0.435059 0.021973 0.124023
1 0.904541 0.423828 0.029785 0.109375
1 0.859863 0.457520 0.017578 0.153320
0 0.365723 0.473633 0.037109 0.082031
0 0.330566 0.477539 0.061523 0.091797
0 0.252441 0.489258 0.113281 0.083984
0 0.540283 0.453125 0.016113 0.041016
0 0.546631 0.463867 0.021973 0.062500
0 0.551270 0.469238 0.015625 0.071289
0 0.560547 0.468750 0.024414 0.091797
0 0.595947 0.468262 0.073730 0.112305
0 0.494629 0.479492 0.075195 0.125000