1 0.537598 0.432617 0.004883 0.023438
1 0.732422 0.411133 0.007812 0.009766
0 0.509277 0.432129 0.011719 0.020508
0 0.504883 0.437500 0.004883 0.013672
0 0.499023 0.437988 0.009766 0.026367
0 0.491211 0.437012 0.014648 0.030273
0 0.490967 0.447266 0.009277 0.025391
0 0.485840 0.440918 0.010742 0.040039
0 0.531738 0.432617 0.007812 0.015625
0 0.558594 0.434570 0.016602 0.035156
0 0.589844 0.447266 0.029297 0.060547
0 0.593994 0.451660 0.028809 0.059570
0 0.602539 0.455566 0.017578 0.065430
0 0.626221 0.460938 0.051270 0.083984
0 0.677002 0.462891 0.074707 0.134766
0 0.479004 0.442383 0.011719 0.044922
0 0.470459 0.445801 0.020020 0.051758
0 0.468506 0.450195 0.017090 0.052734
0 0.435059 0.446289 0.055664 0.076172
0 0.443115 0.449219 0.033691 0.048828
0 0.447021 0.463867 0.014160 0.050781
0 0.435547 0.461426 0.023438 0.071289
0 0.416016 0.465332 0.041016 0.086914
0 0.408447 0.482910 0.030762 0.069336
0 0.343262 0.467773 0.128906 0.160156
0 0.323486 0.491211 0.074707 0.144531
0 0.206299 0.503418 0.207520 0.249023
0 0.149902 0.538574 0.071289 0.223633
0 0.080322 0.552246 0.154785 0.299805
0 0.038086 0.588379 0.070312 0.366211
0 0.705811 0.488770 0.072754 0.147461
0 0.793701 0.495605 0.151855 0.243164
0 0.902344 0.551270 0.190430 0.356445