0 0.275391 0.479004 0.039062 0.061523
0 0.458008 0.449707 0.015625 0.018555
0 0.471191 0.449219 0.014648 0.023438
0 0.445068 0.450195 0.009277 0.023438
0 0.397461 0.460938 0.021484 0.029297
0 0.418213 0.462402 0.023926 0.034180
0 0.546387 0.450195 0.006836 0.015625
0 0.557373 0.459473 0.017090 0.032227
0 0.575928 0.464355 0.031738 0.049805
0 0.519043 0.481445 0.069336 0.105469
0 0.655029 0.478027 0.091309 0.147461
0 0.850830 0.559082 0.277832 0.313477
0 0.333740 0.485352 0.086426 0.123047
0 0.166016 0.514648 0.180664 0.246094
0 0.037842 0.566895 0.069824 0.268555