1 0.101562 0.469727 0.015625 0.076172
1 0.115479 0.474121 0.011230 0.067383
0 0.192871 0.461914 0.015625 0.017578
0 0.203613 0.469238 0.025391 0.036133
0 0.218506 0.468262 0.030762 0.038086
0 0.164307 0.475586 0.038574 0.070312
0 0.168701 0.483887 0.048340 0.065430
0 0.276123 0.448730 0.009277 0.010742
0 0.293213 0.465820 0.034668 0.046875
0 0.256348 0.469238 0.048828 0.069336
0 0.336182 0.466309 0.046387 0.047852
0 0.501709 0.458984 0.038574 0.074219
0 0.527100 0.460449 0.047363 0.084961
0 0.563477 0.459961 0.056641 0.095703
0 0.617676 0.466797 0.086914 0.115234
0 0.727051 0.491699 0.142578 0.252930
0 0.821289 0.550781 0.249023 0.388672
0 0.917480 0.619629 0.160156 0.583008