1 0.845215 0.395996 0.011719 0.069336
1 0.956299 0.419434 0.035645 0.124023
1 0.882080 0.404785 0.012207 0.114258
1 0.867676 0.395508 0.023438 0.107422
1 0.911621 0.424316 0.021484 0.116211
1 0.889160 0.411133 0.028320 0.138672
1 0.203613 0.447754 0.019531 0.155273
1 0.156494 0.446289 0.018066 0.160156
1 0.188721 0.454102 0.017090 0.158203
1 0.169189 0.458008 0.028809 0.152344
0 0.689697 0.429688 0.036621 0.052734
0 0.721680 0.435059 0.031250 0.053711
0 0.288818 0.489258 0.178223 0.263672
0 0.551025 0.624023 0.346191 0.535156