1 0.378662 0.452637 0.034668 0.137695
1 0.224365 0.389160 0.052246 0.112305
1 0.061035 0.531738 0.110352 0.565430
1 0.776611 0.381836 0.019043 0.029297
1 0.623291 0.486816 0.050293 0.280273
1 0.569824 0.496582 0.049805 0.266602
1 0.514404 0.446289 0.020020 0.107422
0 0.051025 0.502441 0.096191 0.299805
0 0.346436 0.443359 0.043457 0.148438
0 0.390625 0.417969 0.006836 0.009766
0 0.400635 0.432617 0.022949 0.041016
0 0.291504 0.464355 0.111328 0.163086
0 0.205566 0.458984 0.183594 0.191406
0 0.176270 0.502441 0.163086 0.266602