1 0.731201 0.408691 0.013184 0.026367
1 0.743408 0.410645 0.009277 0.030273
0 0.653320 0.452637 0.036133 0.063477
0 0.720215 0.471191 0.067383 0.100586
0 0.781738 0.487793 0.092773 0.151367
0 0.887695 0.506836 0.182617 0.228516
0 0.988037 0.607910 0.019043 0.166992
0 0.612061 0.465820 0.055176 0.080078
0 0.350342 0.436035 0.014160 0.032227
0 0.273438 0.428223 0.043945 0.016602
0 0.199219 0.412598 0.047852 0.034180
0 0.028320 0.403809 0.050781 0.073242
0 0.436523 0.449707 0.013672 0.024414
0 0.517822 0.447266 0.038574 0.027344