1 0.114990 0.451172 0.013184 0.033203
1 0.130615 0.458496 0.012207 0.053711
1 0.151123 0.462891 0.013184 0.068359
1 0.165283 0.464355 0.012207 0.067383
1 0.285400 0.426270 0.014160 0.079102
1 0.268799 0.457031 0.026855 0.142578
1 0.314453 0.454590 0.017578 0.125977
1 0.300293 0.464844 0.024414 0.130859
1 0.331787 0.411621 0.000488 0.000977
1 0.363281 0.462891 0.021484 0.128906
1 0.382812 0.461426 0.023438 0.127930
1 0.513184 0.420410 0.018555 0.043945
1 0.565918 0.419434 0.020508 0.065430
1 0.606445 0.421387 0.016602 0.069336
1 0.946533 0.424805 0.102051 0.441406
1 0.912842 0.465332 0.087402 0.395508
1 0.331299 0.453613 0.042480 0.141602