0 0.425537 0.395020 0.030762 0.034180
0 0.463135 0.392090 0.024902 0.016602
0 0.317627 0.421875 0.061035 0.044922
0 0.443604 0.416016 0.024902 0.056641
0 0.498779 0.408203 0.023926 0.035156
0 0.476807 0.445312 0.062988 0.089844
0 0.566895 0.398438 0.026367 0.021484
0 0.548096 0.462402 0.092285 0.137695
0 0.728516 0.405762 0.017578 0.022461
0 0.688477 0.464844 0.089844 0.128906
0 0.097412 0.434082 0.038574 0.051758
0 0.031738 0.493164 0.057617 0.154297
0 0.229004 0.416504 0.049805 0.041992
0 0.185059 0.429688 0.044922 0.041016
0 0.127686 0.444336 0.074707 0.076172