1 0.372559 0.453125 0.025391 0.097656
1 0.329102 0.455566 0.021484 0.098633
1 0.695068 0.375977 0.016113 0.025391
0 0.585449 0.442383 0.012695 0.060547
0 0.617676 0.394043 0.051758 0.057617
0 0.600098 0.445801 0.028320 0.094727
0 0.634033 0.444336 0.061035 0.126953
0 0.383545 0.436035 0.013184 0.043945
0 0.363281 0.432617 0.007812 0.031250
0 0.353516 0.441406 0.026367 0.050781
0 0.332031 0.444824 0.029297 0.055664
0 0.307861 0.448730 0.030762 0.059570
0 0.283447 0.454590 0.040527 0.067383
0 0.252686 0.458008 0.036621 0.080078
0 0.210938 0.462402 0.068359 0.092773
0 0.675049 0.465332 0.108887 0.157227
0 0.841553 0.514160 0.264160 0.344727