1 0.922363 0.334473 0.029297 0.045898
0 0.583496 0.445312 0.009766 0.021484
0 0.591064 0.446777 0.009277 0.032227
0 0.555908 0.448242 0.018066 0.021484
0 0.571777 0.445312 0.009766 0.017578
0 0.482666 0.449219 0.024902 0.041016
0 0.462891 0.451660 0.028320 0.045898
0 0.451172 0.450684 0.015625 0.043945
0 0.403564 0.393555 0.069824 0.062500
0 0.346680 0.468262 0.051758 0.096680
0 0.299805 0.485840 0.095703 0.124023
0 0.208252 0.504395 0.120605 0.166992
0 0.100830 0.513184 0.155762 0.227539
0 0.044189 0.536621 0.082520 0.239258
0 0.409668 0.481445 0.101562 0.142578
0 0.735840 0.507812 0.133789 0.230469
0 0.875000 0.580566 0.245117 0.452148