1 0.081299 0.452637 0.007324 0.020508
1 0.824707 0.437500 0.010742 0.166016
1 0.799561 0.374023 0.019043 0.060547
0 0.523926 0.447754 0.013672 0.022461
0 0.423096 0.457520 0.014160 0.028320
0 0.417480 0.460938 0.008789 0.027344
0 0.492676 0.453613 0.010742 0.026367
0 0.479492 0.458984 0.025391 0.037109
0 0.398193 0.464355 0.012207 0.028320
0 0.384277 0.465332 0.022461 0.030273
0 0.511719 0.467285 0.037109 0.053711
0 0.214355 0.459473 0.015625 0.016602
0 0.048096 0.521973 0.090332 0.124023
0 0.259277 0.493164 0.093750 0.130859
0 0.145264 0.529785 0.156738 0.202148
0 0.554199 0.463379 0.011719 0.063477
0 0.565918 0.464355 0.027344 0.081055
0 0.570557 0.468750 0.018066 0.085938
0 0.572998 0.473633 0.011230 0.082031
0 0.599854 0.462402 0.062012 0.131836
0 0.608887 0.478516 0.052734 0.128906
0 0.641602 0.486816 0.090820 0.147461