0 0.269287 0.476562 0.103027 0.130859
0 0.045410 0.392578 0.084961 0.605469
0 0.443604 0.450195 0.012207 0.029297
0 0.440186 0.452148 0.008301 0.031250
0 0.418213 0.435547 0.035645 0.080078
0 0.415527 0.456543 0.019531 0.043945
0 0.385254 0.455566 0.047852 0.061523
0 0.551270 0.447266 0.011719 0.041016
0 0.571533 0.437500 0.038574 0.039062
0 0.569092 0.452148 0.034668 0.052734
0 0.593994 0.453125 0.026855 0.085938
0 0.653076 0.442383 0.106934 0.117188
0 0.717041 0.451660 0.100098 0.125977
0 0.753662 0.472656 0.161621 0.177734
0 0.858643 0.468750 0.277832 0.314453