1 0.630615 0.434082 0.022949 0.094727
1 0.645264 0.449219 0.015137 0.064453
0 0.317139 0.435547 0.048340 0.058594
0 0.322021 0.446289 0.020020 0.052734
0 0.313477 0.431152 0.016602 0.026367
0 0.302246 0.448730 0.038086 0.063477
0 0.297363 0.454590 0.034180 0.067383
0 0.292725 0.456543 0.027832 0.067383
0 0.263916 0.417480 0.031738 0.032227
0 0.268799 0.462891 0.041504 0.087891
0 0.173584 0.449219 0.152832 0.146484
0 0.108154 0.528320 0.210449 0.230469
0 0.416016 0.428711 0.014648 0.025391
0 0.391357 0.430176 0.020996 0.020508
0 0.366943 0.437012 0.033691 0.053711
0 0.452393 0.409668 0.008301 0.016602
0 0.438477 0.433105 0.019531 0.032227
0 0.514648 0.416992 0.046875 0.058594
0 0.452637 0.450684 0.018555 0.083008
0 0.475098 0.454102 0.061523 0.093750