0 0.442139 0.450684 0.020996 0.061523
0 0.425537 0.453613 0.034668 0.067383
0 0.419922 0.463379 0.019531 0.079102
0 0.390137 0.462402 0.056641 0.104492
0 0.359131 0.472656 0.070801 0.115234
0 0.300293 0.493164 0.071289 0.167969
0 0.197510 0.512695 0.209473 0.273438
0 0.585205 0.457031 0.018066 0.083984
0 0.590820 0.457520 0.026367 0.090820
0 0.608398 0.456055 0.033203 0.109375
0 0.626465 0.462402 0.046875 0.125977
0 0.662354 0.477539 0.065918 0.185547
0 0.727295 0.493652 0.130371 0.252930
0 0.861328 0.530273 0.272461 0.371094