0 0.279297 0.452148 0.033203 0.076172
0 0.234863 0.448730 0.062500 0.100586
0 0.156006 0.454590 0.105957 0.122070
0 0.434814 0.420898 0.018066 0.037109
0 0.562012 0.408691 0.012695 0.014648
0 0.523926 0.429199 0.079102 0.053711
0 0.459229 0.432129 0.052246 0.073242
0 0.361084 0.420898 0.071777 0.125000
0 0.615234 0.426270 0.016602 0.036133
0 0.608154 0.422363 0.009277 0.030273
0 0.589600 0.440430 0.047363 0.074219
0 0.650635 0.440918 0.020020 0.071289
0 0.717041 0.437988 0.014160 0.069336
0 0.805176 0.431152 0.037109 0.063477
0 0.748779 0.429688 0.067871 0.101562
0 0.680176 0.437988 0.061523 0.096680
0 0.855225 0.446777 0.076660 0.090820
0 0.777588 0.447266 0.074707 0.093750
0 0.913818 0.457031 0.086426 0.099609
0 0.967041 0.462402 0.061035 0.137695