1 0.029053 0.456055 0.030762 0.140625
1 0.059814 0.460938 0.024902 0.130859
1 0.092773 0.432129 0.025391 0.110352
1 0.594727 0.419434 0.004883 0.022461
1 0.604248 0.427246 0.011230 0.043945
1 0.635010 0.416504 0.008301 0.024414
1 0.648682 0.410645 0.007324 0.014648
1 0.784424 0.382812 0.022949 0.035156
1 0.828369 0.392578 0.019043 0.023438
0 0.285889 0.430664 0.030762 0.027344
0 0.229736 0.452637 0.081543 0.122070
0 0.303711 0.468262 0.076172 0.102539
0 0.449219 0.426758 0.012695 0.017578
0 0.438721 0.428711 0.013184 0.017578
0 0.426758 0.428711 0.013672 0.019531
0 0.530273 0.426270 0.014648 0.024414
0 0.540283 0.426270 0.016113 0.014648
0 0.636963 0.456055 0.030762 0.080078
0 0.666016 0.458984 0.066406 0.103516
0 0.703125 0.468262 0.078125 0.116211
0 0.770996 0.473633 0.114258 0.160156
0 0.877197 0.496094 0.172363 0.212891