1 0.431396 0.397461 0.007324 0.007812
0 0.452881 0.414062 0.031738 0.044922
0 0.556641 0.424316 0.012695 0.038086
0 0.594238 0.444824 0.068359 0.094727
0 0.422852 0.404297 0.034180 0.013672
0 0.437256 0.427734 0.021973 0.039062
0 0.437744 0.437988 0.015137 0.041992
0 0.422607 0.436035 0.023926 0.057617
0 0.388672 0.430664 0.066406 0.068359
0 0.392090 0.443359 0.050781 0.072266
0 0.388428 0.450195 0.031738 0.078125
0 0.359619 0.446289 0.050293 0.093750
0 0.356201 0.469238 0.011230 0.061523
0 0.347656 0.454590 0.021484 0.106445
0 0.322510 0.449219 0.052246 0.119141
0 0.303711 0.461426 0.083984 0.147461
0 0.298584 0.473145 0.079590 0.157227
0 0.223145 0.476562 0.128906 0.195312
0 0.146729 0.489258 0.129395 0.230469
0 0.066650 0.501953 0.127441 0.275391
0 0.053711 0.541016 0.101562 0.345703
0 0.510010 0.480957 0.120605 0.200195
0 0.906494 0.558594 0.182129 0.472656