1 0.014404 0.451660 0.022949 0.122070
1 0.029541 0.458008 0.018066 0.113281
1 0.093018 0.453613 0.019043 0.098633
1 0.076416 0.456055 0.019043 0.113281
1 0.103027 0.458984 0.023438 0.111328
0 0.474854 0.457031 0.025879 0.039062
0 0.425293 0.449707 0.016602 0.047852
0 0.410156 0.450684 0.036133 0.049805
0 0.414795 0.452637 0.010254 0.040039
0 0.397461 0.454102 0.038086 0.050781
0 0.369873 0.457520 0.068848 0.049805
0 0.511963 0.454102 0.013184 0.041016
0 0.522461 0.452637 0.023438 0.043945
0 0.545410 0.452637 0.050781 0.067383
0 0.580566 0.434082 0.051758 0.032227