1 0.201416 0.492188 0.012207 0.041016
1 0.195312 0.494629 0.009766 0.036133
1 0.241211 0.492676 0.011719 0.032227
1 0.331543 0.486328 0.006836 0.033203
1 0.339600 0.484375 0.010254 0.037109
1 0.288330 0.488281 0.012207 0.035156
1 0.279541 0.486816 0.013184 0.036133
1 0.461182 0.478027 0.016113 0.024414
1 0.520752 0.472168 0.006348 0.012695
1 0.553467 0.470703 0.010254 0.015625
1 0.585205 0.503418 0.010254 0.051758
1 0.678223 0.481445 0.009766 0.019531
1 0.693359 0.484863 0.008789 0.028320
1 0.619385 0.500488 0.016113 0.057617
1 0.750488 0.487305 0.008789 0.078125
1 0.758057 0.490723 0.011230 0.073242
1 0.815430 0.484375 0.021484 0.076172
1 0.920654 0.464355 0.042480 0.124023
1 0.873047 0.466797 0.022461 0.121094
1 0.797119 0.479492 0.021973 0.105469
0 0.992432 0.495117 0.008301 0.039062