1 0.610840 0.436035 0.020508 0.071289
1 0.658691 0.432129 0.017578 0.084961
1 0.636963 0.422852 0.025879 0.105469
0 0.464111 0.440430 0.016113 0.021484
0 0.478516 0.441406 0.017578 0.025391
0 0.493408 0.441895 0.013184 0.041992
0 0.512207 0.450195 0.042969 0.062500
0 0.388184 0.438965 0.012695 0.030273
0 0.443115 0.439453 0.021973 0.039062
0 0.434570 0.443359 0.025391 0.041016
0 0.406982 0.447266 0.039551 0.054688
0 0.013428 0.469238 0.020996 0.041992
0 0.355469 0.450195 0.041992 0.054688
0 0.971436 0.770508 0.052246 0.449219