0 0.614990 0.444824 0.043457 0.092773
0 0.650879 0.452148 0.053711 0.126953
0 0.682861 0.461914 0.090332 0.146484
0 0.748047 0.491211 0.112305 0.222656
0 0.875977 0.528320 0.243164 0.349609
0 0.539307 0.411621 0.019043 0.032227
0 0.520264 0.408691 0.034668 0.040039
0 0.492432 0.416016 0.022949 0.054688
0 0.517090 0.425781 0.035156 0.062500
0 0.461182 0.395996 0.025879 0.012695
0 0.428223 0.442383 0.033203 0.087891
0 0.467285 0.448242 0.053711 0.095703
0 0.406006 0.449219 0.037598 0.115234
0 0.391602 0.451660 0.032227 0.149414
0 0.321289 0.446289 0.136719 0.238281
0 0.291992 0.498047 0.132812 0.240234
0 0.141602 0.523926 0.242188 0.360352