1 0.672363 0.422363 0.006836 0.014648
0 0.615479 0.448730 0.024902 0.041992
0 0.630615 0.467773 0.032715 0.080078
0 0.646729 0.472656 0.031738 0.087891
0 0.674561 0.479980 0.054199 0.102539
0 0.715576 0.492188 0.074707 0.125000
0 0.791016 0.513672 0.140625 0.197266
0 0.900391 0.547363 0.194336 0.290039
0 0.434570 0.446777 0.059570 0.034180
0 0.272705 0.462891 0.016113 0.074219
0 0.225830 0.462891 0.087402 0.107422
0 0.127930 0.476074 0.109375 0.125977
0 0.012451 0.501953 0.019043 0.119141
0 0.527100 0.480957 0.073730 0.112305