0 0.617188 0.443359 0.026367 0.023438
0 0.580078 0.437012 0.013672 0.053711
0 0.576416 0.446289 0.010254 0.044922
0 0.554443 0.426270 0.037598 0.112305
0 0.527832 0.437500 0.053711 0.107422
0 0.514648 0.454102 0.043945 0.101562
0 0.501465 0.466309 0.058594 0.125977
0 0.164795 0.609863 0.323730 0.532227
0 0.638428 0.447266 0.020996 0.041016
0 0.654053 0.448242 0.020020 0.058594
0 0.671631 0.452148 0.032715 0.080078
0 0.674805 0.456543 0.016602 0.075195
0 0.682861 0.460938 0.025879 0.091797
0 0.699219 0.463867 0.038086 0.103516
0 0.696533 0.467285 0.019043 0.092773
0 0.705566 0.468262 0.031250 0.102539
0 0.730225 0.487305 0.069824 0.195312
0 0.838867 0.518555 0.224609 0.324219
0 0.955566 0.621094 0.083984 0.357422