1 0.169678 0.395996 0.009277 0.014648
1 0.186035 0.395508 0.012695 0.013672
1 0.641602 0.489746 0.034180 0.166992
0 0.455566 0.437012 0.012695 0.016602
0 0.444580 0.436035 0.013184 0.010742
0 0.432861 0.435547 0.011230 0.013672
0 0.420898 0.434570 0.015625 0.019531
0 0.397949 0.436035 0.028320 0.034180
0 0.380859 0.437012 0.022461 0.041992
0 0.364502 0.437500 0.046387 0.074219
0 0.328369 0.449707 0.074707 0.100586
0 0.323730 0.460449 0.026367 0.083008
0 0.282715 0.450195 0.078125 0.099609
0 0.292236 0.453125 0.026855 0.064453
0 0.268066 0.472168 0.067383 0.125977
0 0.242188 0.513672 0.030273 0.064453
0 0.197510 0.465332 0.115723 0.125977
0 0.184082 0.495117 0.087891 0.171875
0 0.097412 0.492188 0.188965 0.171875
0 0.501465 0.440918 0.015625 0.055664
0 0.515625 0.442383 0.039062 0.064453
0 0.524170 0.444824 0.018066 0.059570
0 0.548340 0.443359 0.042969 0.089844
0 0.558105 0.439453 0.043945 0.080078
0 0.558594 0.441895 0.035156 0.071289
0 0.565674 0.448730 0.023926 0.084961
0 0.609375 0.453125 0.101562 0.132812
0 0.625977 0.457520 0.076172 0.131836
0 0.634033 0.460449 0.059082 0.129883
0 0.648193 0.430176 0.053223 0.225586
0 0.761230 0.485840 0.215820 0.317383
0 0.921631 0.512207 0.151855 0.372070
0 0.978027 0.572266 0.039062 0.322266