0 0.253906 0.459473 0.058594 0.073242
0 0.261475 0.463379 0.054199 0.061523
0 0.221191 0.472656 0.059570 0.082031
0 0.204102 0.478516 0.031250 0.085938
0 0.154785 0.468262 0.079102 0.122070
0 0.162109 0.486328 0.032227 0.107422
0 0.085938 0.476562 0.145508 0.126953
0 0.019043 0.512207 0.032227 0.143555
0 0.429443 0.437988 0.010254 0.026367
0 0.427246 0.443359 0.009766 0.025391
0 0.416748 0.438965 0.017090 0.040039
0 0.386230 0.439941 0.052734 0.036133
0 0.446289 0.439941 0.026367 0.047852
0 0.685547 0.426758 0.159180 0.158203
0 0.668945 0.460938 0.063477 0.105469
0 0.695312 0.460449 0.055664 0.114258
0 0.700928 0.463379 0.050293 0.106445
0 0.772705 0.470215 0.084473 0.149414
0 0.787354 0.482422 0.094238 0.171875
0 0.860107 0.484863 0.115723 0.208008
0 0.918701 0.505371 0.157715 0.264648