1 0.614990 0.409180 0.014160 0.050781
1 0.627197 0.391113 0.011230 0.026367
0 0.222412 0.434570 0.041504 0.025391
0 0.182129 0.436523 0.107422 0.056641
0 0.217041 0.476562 0.028809 0.050781
0 0.171387 0.458984 0.076172 0.074219
0 0.124268 0.461914 0.084473 0.083984
0 0.101562 0.475586 0.101562 0.107422
0 0.053955 0.472168 0.102051 0.102539
0 0.015625 0.500977 0.025391 0.117188
0 0.399170 0.433594 0.006348 0.017578
0 0.377441 0.434570 0.017578 0.037109
0 0.455078 0.427734 0.015625 0.023438
0 0.425537 0.453613 0.061035 0.090820
0 0.307373 0.496094 0.168457 0.224609
0 0.517822 0.428223 0.006348 0.028320
0 0.505371 0.433594 0.027344 0.046875
0 0.567139 0.443848 0.025879 0.075195
0 0.588867 0.444336 0.046875 0.083984
0 0.591309 0.453125 0.041016 0.095703
0 0.620605 0.464844 0.043945 0.126953
0 0.656494 0.478027 0.078613 0.166992
0 0.728516 0.497070 0.124023 0.240234
0 0.850586 0.541504 0.259766 0.379883
0 0.936768 0.582520 0.121582 0.491211