1 0.218506 0.427246 0.007324 0.022461
1 0.673340 0.421875 0.017578 0.083984
1 0.802734 0.409180 0.021484 0.105469
0 0.260010 0.447266 0.020996 0.041016
0 0.237305 0.456055 0.019531 0.044922
0 0.222656 0.458496 0.037109 0.041992
0 0.406982 0.431641 0.022949 0.017578
0 0.465820 0.435547 0.021484 0.035156
0 0.479248 0.434570 0.014160 0.035156
0 0.480713 0.439941 0.012207 0.032227
0 0.497314 0.431152 0.024902 0.049805
0 0.512939 0.439453 0.023926 0.048828
0 0.531006 0.436523 0.029785 0.052734
0 0.548096 0.439941 0.034668 0.057617
0 0.581787 0.440430 0.048340 0.068359