0 0.452148 0.439941 0.057617 0.102539
0 0.452637 0.458496 0.033203 0.084961
0 0.437012 0.463867 0.036133 0.099609
0 0.413086 0.470215 0.049805 0.118164
0 0.353516 0.480957 0.115234 0.159180
0 0.201904 0.514648 0.222168 0.228516
0 0.129639 0.565430 0.253418 0.437500
0 0.580811 0.428223 0.015137 0.045898
0 0.600830 0.428711 0.038574 0.068359
0 0.599854 0.440430 0.016113 0.062500
0 0.609619 0.440918 0.022949 0.065430
0 0.648438 0.450195 0.052734 0.099609
0 0.646729 0.459961 0.035645 0.113281
0 0.674316 0.471191 0.066406 0.135742
0 0.708740 0.488770 0.062988 0.176758
0 0.766602 0.510254 0.125977 0.241211
0 0.881836 0.568359 0.231445 0.419922
0 0.980957 0.755859 0.033203 0.369141
0 0.529785 0.419922 0.028320 0.076172
0 0.550537 0.442871 0.042480 0.075195