1 0.449707 0.416504 0.013672 0.036133
1 0.440186 0.430176 0.006348 0.049805
1 0.434814 0.428711 0.011230 0.058594
1 0.418213 0.432617 0.010254 0.056641
1 0.425781 0.434570 0.009766 0.054688
0 0.536621 0.420410 0.012695 0.018555
0 0.523682 0.421387 0.014160 0.020508
0 0.521240 0.428223 0.014160 0.026367
0 0.544434 0.422852 0.012695 0.015625
0 0.555908 0.426270 0.007324 0.022461
0 0.562744 0.426758 0.014160 0.039062
0 0.575684 0.427246 0.025391 0.051758
0 0.577393 0.436035 0.013184 0.049805
0 0.591553 0.431641 0.027832 0.060547
0 0.595459 0.435547 0.024902 0.066406
0 0.603516 0.438965 0.021484 0.073242
0 0.638916 0.439941 0.068848 0.133789
0 0.648926 0.452148 0.037109 0.134766
0 0.689209 0.453125 0.071777 0.169922
0 0.725830 0.466309 0.115723 0.190430
0 0.506348 0.430664 0.010742 0.027344
0 0.500244 0.432617 0.010254 0.031250
0 0.498047 0.434570 0.006836 0.033203
0 0.491943 0.433105 0.015137 0.032227
0 0.472900 0.440430 0.036621 0.050781
0 0.390381 0.472656 0.058105 0.109375
0 0.311768 0.479004 0.117676 0.155273
0 0.118652 0.527344 0.231445 0.285156
0 0.872803 0.518555 0.249512 0.380859
0 0.988281 0.655273 0.018555 0.187500