1 0.158936 0.416016 0.010254 0.052734
1 0.170898 0.406250 0.014648 0.035156
1 0.207764 0.409180 0.017090 0.025391
1 0.226318 0.406250 0.014160 0.019531
0 0.348877 0.437012 0.026855 0.047852
0 0.337402 0.438965 0.027344 0.053711
0 0.319092 0.442871 0.025879 0.057617
0 0.288574 0.441895 0.047852 0.071289
0 0.264893 0.451172 0.043457 0.070312
0 0.228271 0.456543 0.048340 0.083008
0 0.183594 0.463867 0.073242 0.087891
0 0.577637 0.412109 0.020508 0.031250
0 0.587158 0.442383 0.031738 0.101562
0 0.623535 0.439453 0.064453 0.132812
0 0.664551 0.462891 0.113281 0.164062
0 0.850098 0.498047 0.294922 0.441406
0 0.541992 0.416504 0.037109 0.040039
0 0.508057 0.414551 0.004395 0.012695
0 0.498047 0.421875 0.021484 0.031250
0 0.477539 0.428223 0.029297 0.043945
0 0.522949 0.424316 0.029297 0.043945