0 0.361572 0.442383 0.021973 0.048828
0 0.224365 0.465820 0.054199 0.091797
0 0.187500 0.462402 0.057617 0.100586
0 0.101807 0.469727 0.145020 0.150391
0 0.486328 0.433594 0.016602 0.039062
0 0.474365 0.440918 0.031738 0.047852
0 0.399902 0.475586 0.086914 0.138672
0 0.557617 0.418945 0.027344 0.035156
0 0.555908 0.425293 0.020996 0.022461
0 0.561035 0.427734 0.020508 0.029297
0 0.592529 0.427246 0.023926 0.043945
0 0.619385 0.425293 0.015137 0.059570
0 0.621338 0.432129 0.011230 0.049805
0 0.664307 0.431152 0.080566 0.086914
0 0.665039 0.440918 0.057617 0.071289
0 0.684814 0.443359 0.038574 0.083984
0 0.836914 0.399902 0.025391 0.034180
0 0.915771 0.442871 0.163574 0.258789
0 0.938477 0.485352 0.100586 0.210938
0 0.960938 0.501465 0.073242 0.249023
0 0.765625 0.511719 0.179688 0.287109