1 0.205811 0.457520 0.016113 0.098633
1 0.199707 0.459473 0.014648 0.094727
1 0.870117 0.420410 0.012695 0.083008
1 0.890625 0.411133 0.020508 0.089844
0 0.391846 0.434082 0.013184 0.026367
0 0.294678 0.441895 0.026855 0.034180
0 0.293457 0.451660 0.024414 0.038086
0 0.250244 0.435547 0.032715 0.062500
0 0.235840 0.457520 0.030273 0.041992
0 0.225342 0.463867 0.010254 0.042969
0 0.138184 0.466309 0.013672 0.059570
0 0.196289 0.442871 0.049805 0.114258
0 0.075684 0.468262 0.072266 0.075195
0 0.052734 0.469727 0.076172 0.074219
0 0.035156 0.473145 0.064453 0.079102
0 0.019775 0.489258 0.033691 0.058594