1 0.611816 0.436523 0.018555 0.082031
1 0.627930 0.439453 0.016602 0.070312
0 0.355469 0.447754 0.025391 0.092773
0 0.317139 0.448242 0.067871 0.115234
0 0.264160 0.467773 0.070312 0.150391
0 0.247314 0.489258 0.022949 0.062500
0 0.179443 0.475098 0.117676 0.249023
0 0.085938 0.517090 0.166016 0.340820
0 0.412842 0.437500 0.024902 0.025391
0 0.503174 0.440918 0.030762 0.043945
0 0.533203 0.440430 0.019531 0.048828
0 0.542725 0.442383 0.028809 0.052734
0 0.578613 0.456055 0.060547 0.089844
0 0.679932 0.485352 0.092285 0.181641
0 0.776367 0.509277 0.195312 0.249023
0 0.944824 0.585938 0.105469 0.359375