0 0.094238 0.496094 0.182617 0.189453
0 0.040039 0.513184 0.074219 0.188477
0 0.030273 0.620117 0.054688 0.156250
0 0.485596 0.414062 0.012207 0.013672
0 0.361084 0.455078 0.127441 0.125000
0 0.537109 0.426758 0.012695 0.056641
0 0.555176 0.424805 0.036133 0.066406
0 0.572510 0.438477 0.035645 0.082031
0 0.589844 0.449219 0.027344 0.109375
0 0.631836 0.443359 0.088867 0.166016
0 0.663086 0.461914 0.062500 0.189453
0 0.754150 0.458008 0.179199 0.300781
0 0.865234 0.539551 0.264648 0.397461
0 0.968018 0.679688 0.059082 0.419922