1 0.435791 0.447266 0.011230 0.064453
0 0.584717 0.435547 0.023926 0.019531
0 0.567139 0.436523 0.012207 0.017578
0 0.542236 0.435547 0.015137 0.021484
0 0.551758 0.437012 0.027344 0.022461
0 0.482422 0.442383 0.041016 0.031250
0 0.524170 0.446777 0.026855 0.043945
0 0.429688 0.449219 0.006836 0.039062
0 0.393799 0.448242 0.027832 0.056641
0 0.387451 0.454102 0.020020 0.052734
0 0.375488 0.454102 0.025391 0.056641
0 0.309082 0.459473 0.020508 0.061523
0 0.273438 0.468262 0.052734 0.096680
0 0.233398 0.479004 0.072266 0.104492
0 0.185547 0.496582 0.072266 0.102539
0 0.081299 0.517578 0.156738 0.218750
0 0.340820 0.462891 0.060547 0.093750
0 0.414307 0.453613 0.037598 0.055664