1 0.630371 0.437500 0.023438 0.083984
1 0.791016 0.454590 0.047852 0.268555
1 0.533447 0.442871 0.019043 0.088867
1 0.544434 0.441406 0.013672 0.093750
0 0.399902 0.437500 0.004883 0.015625
0 0.410400 0.440918 0.019043 0.040039
0 0.413818 0.444824 0.013184 0.034180
0 0.422607 0.444336 0.020996 0.037109
0 0.431152 0.447754 0.011719 0.036133
0 0.443359 0.444336 0.023438 0.042969
0 0.455811 0.446289 0.029785 0.041016
0 0.394531 0.459961 0.018555 0.099609
0 0.342529 0.455566 0.093262 0.145508
0 0.236816 0.493652 0.136719 0.172852