1 0.616699 0.436523 0.010742 0.031250
1 0.520752 0.455566 0.035645 0.108398
1 0.556641 0.455078 0.025391 0.136719
1 0.692383 0.446777 0.008789 0.069336
1 0.681396 0.459473 0.038574 0.120117
1 0.773438 0.453125 0.021484 0.121094
1 0.790039 0.457520 0.018555 0.110352
1 0.808105 0.457031 0.020508 0.111328
1 0.892090 0.457031 0.036133 0.148438
0 0.475586 0.430664 0.013672 0.031250
0 0.468262 0.432129 0.014648 0.036133
0 0.455322 0.433594 0.021973 0.041016
0 0.455078 0.438477 0.012695 0.041016
0 0.444824 0.437012 0.019531 0.047852
0 0.432373 0.436035 0.026855 0.051758
0 0.425537 0.446777 0.016113 0.041992
0 0.404785 0.435059 0.044922 0.065430
0 0.385498 0.415039 0.036621 0.025391
0 0.389160 0.439453 0.040039 0.068359
0 0.335449 0.441406 0.096680 0.074219
0 0.501465 0.433594 0.011719 0.021484
0 0.506348 0.439453 0.019531 0.029297
0 0.592529 0.453125 0.060059 0.044922