1 0.734375 0.366699 0.010742 0.018555
1 0.766357 0.376465 0.022949 0.065430
1 0.907471 0.312500 0.025879 0.046875
0 0.540527 0.439453 0.005859 0.019531
0 0.563232 0.430664 0.041504 0.050781
0 0.558105 0.433105 0.016602 0.036133
0 0.573242 0.436035 0.035156 0.051758
0 0.579834 0.437012 0.025879 0.055664
0 0.585449 0.438965 0.013672 0.053711
0 0.635742 0.424805 0.097656 0.099609
0 0.673340 0.446289 0.161133 0.142578
0 0.724609 0.427734 0.143555 0.097656
0 0.414062 0.447754 0.005859 0.020508
0 0.405273 0.446289 0.014648 0.037109
0 0.383301 0.446289 0.032227 0.041016
0 0.382324 0.450195 0.029297 0.029297
0 0.375732 0.457031 0.016113 0.035156
0 0.372803 0.458984 0.013184 0.029297
0 0.348389 0.450195 0.043457 0.048828
0 0.338379 0.454102 0.041016 0.035156
0 0.333496 0.462402 0.028320 0.045898
0 0.306396 0.460938 0.039551 0.046875
0 0.300049 0.470703 0.025879 0.056641
0 0.269287 0.466309 0.049316 0.053711
0 0.248047 0.477051 0.039062 0.065430
0 0.246338 0.488770 0.015137 0.047852
0 0.218018 0.476074 0.053223 0.073242
0 0.153809 0.486816 0.110352 0.098633
0 0.502441 0.436523 0.013672 0.021484
0 0.496338 0.437012 0.006348 0.020508
0 0.517334 0.435059 0.016113 0.028320
0 0.486816 0.434570 0.014648 0.037109
0 0.479980 0.438965 0.020508 0.036133
0 0.447266 0.449219 0.041992 0.070312
0 0.822266 0.467285 0.224609 0.280273
0 0.880615 0.484375 0.233887 0.341797
0 0.029541 0.544434 0.053223 0.100586