1 0.089844 0.441406 0.011719 0.019531
1 0.237549 0.428711 0.006348 0.023438
1 0.788330 0.416016 0.014160 0.052734
1 0.831055 0.375000 0.007812 0.011719
1 0.847900 0.415039 0.013184 0.082031
1 0.843018 0.417480 0.020020 0.102539
1 0.869629 0.434570 0.018555 0.033203
1 0.829590 0.459961 0.026367 0.173828
1 0.815186 0.454590 0.046387 0.184570
0 0.081543 0.477051 0.033203 0.055664
0 0.120117 0.468262 0.057617 0.065430
0 0.161377 0.454102 0.050293 0.031250
0 0.194336 0.472168 0.054688 0.063477
0 0.229248 0.470703 0.051270 0.064453
0 0.266357 0.469238 0.050293 0.067383
0 0.308838 0.465820 0.050293 0.070312
0 0.347168 0.466797 0.051758 0.074219
0 0.395996 0.462402 0.063477 0.073242
0 0.438965 0.437500 0.034180 0.037109
0 0.510498 0.451172 0.054199 0.078125
0 0.941406 0.456055 0.112305 0.142578
0 0.469727 0.469238 0.122070 0.100586