1 0.066162 0.377930 0.035645 0.072266
1 0.168213 0.388184 0.023926 0.051758
1 0.278320 0.401855 0.006836 0.026367
1 0.258789 0.385254 0.039062 0.059570
0 0.539307 0.408203 0.005371 0.021484
0 0.561279 0.387695 0.007324 0.013672
0 0.567139 0.388672 0.008301 0.011719
0 0.568115 0.403320 0.013184 0.021484
0 0.575928 0.385742 0.009277 0.013672
0 0.594727 0.416504 0.021484 0.032227
0 0.626465 0.419434 0.031250 0.047852
0 0.718994 0.432129 0.030762 0.094727
0 0.673096 0.437988 0.062012 0.100586
0 0.746338 0.440918 0.062012 0.124023
0 0.795166 0.458984 0.078613 0.154297
0 0.858643 0.473633 0.113770 0.208984
0 0.938965 0.504395 0.117188 0.340820
0 0.437256 0.465820 0.093262 0.148438