0 0.483887 0.427246 0.021484 0.028320
0 0.491943 0.429688 0.022949 0.029297
0 0.528564 0.414062 0.003418 0.011719
0 0.539795 0.408203 0.020020 0.019531
0 0.542725 0.428711 0.022949 0.027344
0 0.569580 0.404297 0.039551 0.044922
0 0.559082 0.437500 0.015625 0.058594
0 0.565186 0.441406 0.015137 0.074219
0 0.515625 0.439453 0.039062 0.060547
0 0.586182 0.439453 0.046387 0.093750
0 0.590820 0.448242 0.039062 0.095703
0 0.599365 0.453613 0.018066 0.092773
0 0.615967 0.457031 0.047363 0.132812
0 0.646240 0.469238 0.056152 0.166992
0 0.698242 0.487305 0.134766 0.214844
0 0.858154 0.528320 0.234863 0.433594
0 0.913574 0.605469 0.167969 0.552734