1 0.207520 0.465820 0.024414 0.136719
1 0.806885 0.404297 0.017090 0.099609
1 0.823975 0.398438 0.021973 0.107422
0 0.495605 0.423340 0.008789 0.016602
0 0.486816 0.435059 0.017578 0.040039
0 0.477051 0.437988 0.012695 0.045898
0 0.469971 0.438965 0.014160 0.049805
0 0.443848 0.434082 0.044922 0.067383
0 0.423828 0.444336 0.024414 0.058594
0 0.400635 0.447266 0.039551 0.062500
0 0.558350 0.425781 0.020020 0.029297
0 0.656494 0.403809 0.012207 0.010742
0 0.652344 0.426758 0.009766 0.039062
0 0.660156 0.425293 0.008789 0.051758
0 0.675049 0.417969 0.029785 0.097656
0 0.676758 0.437012 0.017578 0.081055
0 0.710449 0.425293 0.063477 0.135742
0 0.911865 0.464844 0.171387 0.203125
0 0.525635 0.452148 0.068848 0.103516