0 0.418701 0.433594 0.088379 0.085938
0 0.438965 0.447754 0.011719 0.055664
0 0.402588 0.449707 0.071777 0.092773
0 0.309326 0.448242 0.133301 0.125000
0 0.276123 0.481445 0.193848 0.162109
0 0.264648 0.487305 0.128906 0.152344
0 0.216309 0.502930 0.187500 0.212891
0 0.135742 0.511230 0.265625 0.260742
0 0.100098 0.573730 0.194336 0.358398
0 0.531494 0.428223 0.008301 0.024414
0 0.544189 0.423828 0.019043 0.037109
0 0.542236 0.432617 0.006348 0.015625
0 0.551514 0.425293 0.013184 0.034180
0 0.572266 0.420898 0.041992 0.052734
0 0.570557 0.428711 0.022949 0.035156
0 0.620117 0.411621 0.113281 0.053711
0 0.593994 0.441406 0.071777 0.066406
0 0.622314 0.442383 0.063965 0.072266
0 0.615723 0.461914 0.015625 0.044922
0 0.652588 0.438477 0.063965 0.066406
0 0.710693 0.443848 0.144043 0.127930
0 0.717041 0.430176 0.092285 0.073242
0 0.734619 0.456543 0.163574 0.161133
0 0.827881 0.478516 0.128418 0.226562
0 0.834717 0.547363 0.101074 0.176758
0 0.930664 0.474609 0.133789 0.310547
0 0.940430 0.551758 0.114258 0.257812