1 0.782959 0.421387 0.016113 0.086914
1 0.797363 0.417969 0.011719 0.087891
1 0.817383 0.422852 0.014648 0.074219
1 0.804688 0.430176 0.018555 0.084961
1 0.828857 0.418457 0.011230 0.083008
1 0.884521 0.420898 0.025879 0.095703
1 0.927490 0.413574 0.023926 0.092773
0 0.515381 0.423828 0.013184 0.019531
0 0.493408 0.424805 0.008301 0.017578
0 0.488281 0.426270 0.008789 0.024414
0 0.481201 0.426270 0.010254 0.030273
0 0.472900 0.427734 0.016113 0.035156
0 0.469727 0.431152 0.011719 0.038086
0 0.574707 0.436035 0.031250 0.043945
0 0.425537 0.430176 0.078613 0.081055
0 0.429443 0.445312 0.020996 0.058594
0 0.417969 0.444824 0.015625 0.073242
0 0.386963 0.446777 0.070801 0.081055
0 0.355469 0.488281 0.015625 0.050781
0 0.257080 0.454590 0.199707 0.178711
0 0.680664 0.465332 0.099609 0.133789