1 0.417725 0.380371 0.006348 0.026367
1 0.506592 0.393066 0.008301 0.026367
0 0.038574 0.370605 0.032227 0.032227
0 0.060059 0.357910 0.018555 0.053711
0 0.210205 0.369141 0.006348 0.007812
0 0.221436 0.369629 0.020996 0.010742
0 0.312012 0.374512 0.017578 0.006836
0 0.333496 0.382812 0.019531 0.017578
0 0.250000 0.374512 0.013672 0.024414
0 0.198486 0.383301 0.029785 0.038086
0 0.354736 0.392090 0.009277 0.032227
0 0.366699 0.393066 0.024414 0.034180
0 0.395508 0.395508 0.022461 0.035156
0 0.973145 0.406738 0.048828 0.043945
0 0.425781 0.397461 0.021484 0.031250
0 0.882080 0.453125 0.168457 0.189453
0 0.683838 0.459961 0.245605 0.365234