1 0.682129 0.411621 0.006836 0.014648
1 0.842773 0.430664 0.008789 0.064453
0 0.314453 0.437988 0.010742 0.024414
0 0.329834 0.437500 0.022949 0.027344
0 0.341064 0.440918 0.024902 0.024414
0 0.368652 0.437988 0.044922 0.038086
0 0.367920 0.440430 0.023926 0.025391
0 0.382080 0.439941 0.024902 0.028320
0 0.390869 0.443848 0.018066 0.036133
0 0.405273 0.442383 0.019531 0.037109
0 0.423096 0.438477 0.030762 0.029297
0 0.436279 0.436523 0.026855 0.023438
0 0.450439 0.435547 0.020020 0.019531
0 0.520508 0.426758 0.029297 0.011719
0 0.613525 0.446777 0.047363 0.063477
0 0.651367 0.448242 0.099609 0.080078
0 0.985107 0.444824 0.024902 0.040039
0 0.872314 0.444824 0.040527 0.049805
0 0.207764 0.422852 0.044434 0.017578