1 0.435547 0.413574 0.004883 0.022461
1 0.328613 0.437500 0.017578 0.066406
0 0.500000 0.409668 0.008789 0.006836
0 0.510986 0.409180 0.011230 0.009766
0 0.531738 0.412109 0.010742 0.015625
0 0.536133 0.423828 0.011719 0.023438
0 0.541992 0.427734 0.016602 0.027344
0 0.541748 0.431152 0.008301 0.030273
0 0.544678 0.432617 0.010254 0.033203
0 0.554688 0.432129 0.020508 0.034180
0 0.570557 0.441406 0.025879 0.052734
0 0.595703 0.449707 0.043945 0.079102
0 0.612793 0.460449 0.056641 0.084961
0 0.658936 0.484863 0.061035 0.151367
0 0.733643 0.498535 0.145996 0.200195
0 0.490479 0.413086 0.004395 0.015625
0 0.483643 0.414062 0.013184 0.023438
0 0.483154 0.420898 0.009277 0.023438
0 0.482422 0.425293 0.003906 0.014648
0 0.471924 0.421875 0.017090 0.027344
0 0.472900 0.427734 0.008301 0.023438
0 0.470459 0.428223 0.006348 0.022461
0 0.462891 0.427246 0.015625 0.026367
0 0.461182 0.431641 0.010254 0.025391
0 0.449707 0.426758 0.019531 0.044922