1 0.459961 0.437988 0.008789 0.051758
0 0.446289 0.436035 0.035156 0.055664
0 0.434082 0.449219 0.023438 0.064453
0 0.412842 0.444824 0.053223 0.084961
0 0.402832 0.451172 0.028320 0.078125
0 0.395752 0.461914 0.017090 0.060547
0 0.351318 0.446777 0.087402 0.110352
0 0.347412 0.458984 0.072754 0.101562
0 0.337402 0.483887 0.048828 0.143555
0 0.232910 0.478027 0.199219 0.209961
0 0.114014 0.532227 0.212402 0.292969
0 0.518066 0.431641 0.016602 0.025391
0 0.544678 0.432129 0.021973 0.032227
0 0.609863 0.459961 0.041016 0.087891
0 0.626465 0.467285 0.053711 0.098633
0 0.688965 0.480469 0.108398 0.146484
0 0.806396 0.481934 0.288574 0.243164
0 0.897217 0.567383 0.200684 0.365234