0 0.542236 0.426270 0.028809 0.030273
0 0.513428 0.425781 0.035645 0.031250
0 0.482666 0.424805 0.028809 0.031250
0 0.010010 0.440430 0.014160 0.126953
0 0.129150 0.402344 0.026855 0.074219
0 0.437744 0.425781 0.049316 0.058594
0 0.414062 0.410156 0.042969 0.027344
0 0.391846 0.416992 0.084473 0.068359
0 0.382812 0.428711 0.042969 0.074219
0 0.351807 0.414062 0.070801 0.058594
0 0.340088 0.446777 0.033691 0.116211
0 0.272217 0.444824 0.154785 0.131836
0 0.615479 0.421387 0.041504 0.028320
0 0.593018 0.449219 0.022949 0.035156