1 0.763672 0.348633 0.018555 0.031250
1 0.820557 0.339844 0.029785 0.031250
1 0.860840 0.348633 0.020508 0.025391
0 0.284668 0.419434 0.033203 0.020508
0 0.253418 0.424805 0.037109 0.023438
0 0.218018 0.422852 0.040527 0.019531
0 0.019043 0.440430 0.032227 0.041016
0 0.639404 0.420898 0.019043 0.052734
0 0.686035 0.376465 0.036133 0.012695
0 0.648438 0.448242 0.027344 0.134766
0 0.656006 0.460938 0.039551 0.162109
0 0.692627 0.476562 0.089355 0.208984
0 0.807129 0.508301 0.232422 0.309570
0 0.540771 0.412598 0.011230 0.020508
0 0.530518 0.415039 0.011230 0.019531
0 0.520996 0.415527 0.014648 0.020508
0 0.509766 0.416016 0.012695 0.023438
0 0.501221 0.416504 0.011230 0.022461
0 0.490723 0.416504 0.016602 0.024414
0 0.474609 0.418945 0.018555 0.027344
0 0.463135 0.420898 0.016113 0.027344
0 0.450439 0.420410 0.018066 0.026367
0 0.438721 0.421875 0.014160 0.029297
0 0.605713 0.416992 0.027832 0.054688
0 0.589111 0.416992 0.031738 0.064453
0 0.566650 0.419922 0.046387 0.072266