1 0.328369 0.442383 0.010254 0.054688
1 0.573975 0.438477 0.008301 0.033203
1 0.754150 0.458008 0.012207 0.103516
1 0.761963 0.451172 0.014160 0.113281
1 0.812744 0.443848 0.015137 0.124023
1 0.841553 0.452637 0.024902 0.112305
0 0.230225 0.491211 0.123535 0.144531
0 0.467529 0.442871 0.009277 0.022461
0 0.476074 0.440430 0.013672 0.021484
0 0.444092 0.457031 0.047363 0.087891
0 0.379395 0.471191 0.091797 0.161133
0 0.544189 0.460449 0.020996 0.079102
0 0.509766 0.478516 0.082031 0.125000
0 0.605957 0.462402 0.052734 0.102539
0 0.655029 0.489746 0.114746 0.155273