0 0.592041 0.432617 0.014160 0.017578
0 0.604248 0.456055 0.028809 0.064453
0 0.471680 0.443359 0.008789 0.046875
0 0.455566 0.438477 0.029297 0.066406
0 0.441895 0.449219 0.035156 0.058594
0 0.417236 0.456055 0.018066 0.070312
0 0.407959 0.463379 0.020996 0.094727
0 0.370850 0.456543 0.076660 0.137695
0 0.331543 0.476074 0.099609 0.133789
0 0.568848 0.457031 0.046875 0.076172
0 0.608643 0.476562 0.005371 0.046875
0 0.640625 0.458008 0.065430 0.113281
0 0.683350 0.478027 0.060059 0.133789
0 0.751709 0.499512 0.113770 0.186523
0 0.869385 0.537598 0.229980 0.276367
0 0.968506 0.666504 0.058105 0.260742