1 0.677490 0.462891 0.023926 0.185547
1 0.704346 0.449707 0.019043 0.217773
1 0.401611 0.445312 0.005371 0.039062
1 0.393799 0.444824 0.008301 0.041992
0 0.570312 0.420410 0.016602 0.010742
0 0.576172 0.440918 0.012695 0.030273
0 0.567871 0.446289 0.011719 0.058594
0 0.510010 0.442383 0.009277 0.025391
0 0.454102 0.445312 0.025391 0.035156
0 0.368164 0.456543 0.010742 0.043945
0 0.209717 0.466309 0.067871 0.079102
0 0.305664 0.505371 0.159180 0.219727
0 0.033691 0.487305 0.061523 0.125000
0 0.486816 0.453613 0.041992 0.067383
0 0.539062 0.467285 0.068359 0.122070