1 0.436768 0.401855 0.021973 0.100586
1 0.426270 0.410156 0.014648 0.089844
1 0.658447 0.390625 0.027832 0.119141
1 0.708496 0.437012 0.027344 0.266602
1 0.837402 0.366211 0.016602 0.115234
0 0.041260 0.442871 0.076660 0.090820
0 0.425537 0.360352 0.003418 0.011719
0 0.436035 0.371582 0.006836 0.030273
0 0.445801 0.372070 0.022461 0.033203
0 0.461914 0.373047 0.019531 0.035156
0 0.494629 0.372559 0.020508 0.038086
0 0.507080 0.380859 0.020020 0.054688
0 0.526123 0.371094 0.042480 0.031250
0 0.473877 0.386719 0.038574 0.060547