1 0.691895 0.414062 0.006836 0.039062
0 0.046631 0.447754 0.032715 0.053711
0 0.529785 0.427246 0.045898 0.043945
0 0.492432 0.431641 0.042480 0.042969
0 0.463867 0.434082 0.042969 0.043945
0 0.433594 0.433105 0.038086 0.051758
0 0.417236 0.437500 0.045410 0.048828
0 0.354248 0.441895 0.026855 0.045898
0 0.307129 0.443848 0.011719 0.043945
0 0.380371 0.438477 0.047852 0.048828
0 0.332520 0.440918 0.047852 0.049805
0 0.265869 0.436035 0.013184 0.022461
0 0.285889 0.443848 0.043457 0.047852
0 0.214111 0.450195 0.027832 0.046875
0 0.240479 0.446777 0.048340 0.051758
0 0.183350 0.452637 0.052246 0.047852
0 0.899170 0.415039 0.029785 0.029297