0 0.181152 0.465820 0.031250 0.031250
0 0.198242 0.458496 0.015625 0.041992
0 0.050049 0.449707 0.038574 0.036133
0 0.129150 0.446777 0.053223 0.041992
0 0.237549 0.451172 0.062988 0.132812
0 0.412109 0.435547 0.071289 0.132812
0 0.385254 0.451660 0.077148 0.137695
0 0.305176 0.469238 0.129883 0.172852
0 0.565918 0.445801 0.021484 0.030273
0 0.543213 0.447266 0.016113 0.035156
0 0.505371 0.454102 0.073242 0.117188
0 0.645508 0.454102 0.083008 0.123047
0 0.741943 0.475586 0.121582 0.183594
0 0.881836 0.520996 0.231445 0.325195