1 0.279297 0.420410 0.026367 0.120117
1 0.245850 0.434082 0.027832 0.127930
0 0.472900 0.416504 0.015137 0.038086
0 0.471436 0.424316 0.011230 0.040039
0 0.470947 0.432129 0.008301 0.041992
0 0.451416 0.419434 0.033691 0.063477
0 0.445801 0.431641 0.028320 0.062500
0 0.420654 0.428223 0.040527 0.063477
0 0.426270 0.450195 0.025391 0.099609
0 0.410156 0.453125 0.039062 0.109375
0 0.390137 0.467773 0.047852 0.132812
0 0.328857 0.480469 0.117676 0.177734
0 0.568604 0.458008 0.026855 0.080078
0 0.617676 0.440918 0.081055 0.151367
0 0.629639 0.468750 0.076660 0.132812
0 0.706299 0.498535 0.153809 0.206055
0 0.865479 0.624512 0.264160 0.534180