1 0.424316 0.450195 0.016602 0.087891
1 0.397705 0.442383 0.016113 0.076172
1 0.381836 0.439941 0.017578 0.079102
1 0.713623 0.467773 0.045410 0.166016
1 0.941162 0.359863 0.036621 0.059570
1 0.034668 0.500000 0.063477 0.404297
1 0.108398 0.516602 0.081055 0.400391
0 0.522461 0.443848 0.008789 0.047852
0 0.536621 0.437012 0.031250 0.041992
0 0.533691 0.451172 0.026367 0.058594
0 0.481689 0.439453 0.007324 0.029297
0 0.467041 0.435547 0.026855 0.046875
0 0.500244 0.439453 0.022949 0.039062
0 0.548584 0.459961 0.029785 0.080078
0 0.561523 0.463867 0.028320 0.087891
0 0.574951 0.469727 0.023926 0.103516
0 0.617676 0.478027 0.092773 0.143555
0 0.880127 0.606445 0.234863 0.433594