1 0.220947 0.394531 0.044434 0.105469
1 0.590576 0.435547 0.008301 0.023438
1 0.562012 0.456543 0.010742 0.036133
1 0.691162 0.449707 0.007324 0.045898
1 0.685791 0.452148 0.006348 0.056641
1 0.679199 0.450684 0.009766 0.061523
1 0.763672 0.460938 0.021484 0.140625
1 0.740479 0.460449 0.025879 0.139648
1 0.277832 0.408691 0.016602 0.038086
1 0.260010 0.416504 0.020020 0.047852
1 0.374756 0.496094 0.023926 0.150391
1 0.359619 0.467773 0.037598 0.212891
0 0.620117 0.439941 0.007812 0.008789
0 0.630127 0.448242 0.019043 0.033203
0 0.642578 0.453125 0.020508 0.029297
0 0.604004 0.464844 0.043945 0.064453