0 0.665771 0.434082 0.036621 0.057617
0 0.598389 0.442383 0.054199 0.064453
0 0.935303 0.397461 0.011230 0.027344
0 0.911865 0.395020 0.016113 0.026367
0 0.883057 0.399414 0.012207 0.025391
0 0.862061 0.396484 0.005371 0.007812
0 0.835205 0.405273 0.011230 0.023438
0 0.825439 0.404785 0.015137 0.028320
0 0.811523 0.407227 0.022461 0.035156
0 0.792725 0.412598 0.023926 0.034180
0 0.895508 0.398926 0.018555 0.024414
0 0.872559 0.402832 0.018555 0.026367
0 0.851318 0.404785 0.025879 0.030273
0 0.921631 0.403809 0.022949 0.036133