0 0.367432 0.425293 0.011230 0.020508
0 0.393555 0.428711 0.014648 0.023438
0 0.411865 0.424805 0.004395 0.027344
0 0.420898 0.426270 0.016602 0.026367
0 0.486084 0.426758 0.024902 0.044922
0 0.506836 0.427734 0.022461 0.054688
0 0.520264 0.426758 0.023926 0.056641
0 0.540039 0.428223 0.034180 0.063477
0 0.600830 0.426270 0.073730 0.125977
0 0.699463 0.449707 0.124512 0.178711
0 0.935547 0.508789 0.124023 0.380859
0 0.298340 0.448242 0.038086 0.050781
0 0.348389 0.432129 0.013184 0.026367
0 0.233887 0.480957 0.101562 0.133789