0 0.576660 0.435547 0.017578 0.035156
0 0.583984 0.437988 0.009766 0.038086
0 0.588867 0.438477 0.010742 0.042969
0 0.600342 0.436523 0.024902 0.048828
0 0.605469 0.437988 0.018555 0.045898
0 0.616699 0.441895 0.030273 0.051758
0 0.635986 0.443359 0.025879 0.066406
0 0.637939 0.445801 0.017090 0.061523
0 0.741455 0.443848 0.069824 0.114258
0 0.822266 0.468750 0.120117 0.154297
0 0.953613 0.489258 0.087891 0.234375
0 0.686279 0.488281 0.120605 0.179688
0 0.511230 0.449219 0.042969 0.068359
0 0.550293 0.441406 0.027344 0.041016