1 0.759766 0.458496 0.035156 0.186523
1 0.802734 0.442871 0.044922 0.215820
1 0.306641 0.413086 0.011719 0.017578
0 0.440674 0.413574 0.008301 0.026367
0 0.445557 0.438965 0.019043 0.036133
0 0.457520 0.440918 0.024414 0.038086
0 0.469727 0.441406 0.025391 0.042969
0 0.480713 0.441406 0.016113 0.044922
0 0.499023 0.439453 0.036133 0.054688
0 0.348389 0.428223 0.004395 0.010742
0 0.345215 0.443848 0.010742 0.043945
0 0.341309 0.449219 0.017578 0.054688
0 0.325195 0.454102 0.031250 0.068359
0 0.300049 0.462402 0.040527 0.086914
0 0.216797 0.470703 0.110352 0.123047