1 0.100098 0.390625 0.008789 0.042969
1 0.092773 0.391113 0.007812 0.045898
0 0.015381 0.390137 0.008301 0.024414
0 0.010254 0.395508 0.014648 0.033203
0 0.234863 0.387207 0.028320 0.030273
0 0.176270 0.394531 0.014648 0.023438
0 0.217041 0.400391 0.011230 0.023438
0 0.205078 0.405762 0.021484 0.036133
0 0.255615 0.394043 0.014160 0.014648
0 0.241455 0.404785 0.021973 0.032227
0 0.264160 0.408691 0.026367 0.041992
0 0.327637 0.405273 0.026367 0.041016
0 0.339600 0.408203 0.019043 0.037109
0 0.349854 0.409668 0.013184 0.043945
0 0.427246 0.395508 0.015625 0.013672
0 0.439697 0.417480 0.026855 0.059570
0 0.455566 0.417969 0.037109 0.064453
0 0.477295 0.419434 0.038574 0.069336
0 0.505615 0.420898 0.053223 0.082031
0 0.524658 0.427246 0.044434 0.092773
0 0.556152 0.434082 0.053711 0.112305
0 0.591797 0.436523 0.060547 0.140625
0 0.635742 0.448730 0.090820 0.168945
0 0.723877 0.458496 0.162598 0.243164
0 0.866211 0.491211 0.262695 0.375000
0 0.389893 0.427734 0.076660 0.136719