1 0.400879 0.419434 0.004883 0.028320
1 0.391602 0.418945 0.005859 0.031250
1 0.475586 0.419922 0.004883 0.019531
1 0.479736 0.417480 0.004395 0.024414
1 0.919434 0.385254 0.009766 0.069336
1 0.568359 0.416016 0.015625 0.099609
1 0.791504 0.423828 0.036133 0.113281
1 0.749756 0.491211 0.035645 0.066406
1 0.316162 0.417480 0.006348 0.057617
1 0.321289 0.416504 0.008789 0.069336
1 0.352051 0.418457 0.015625 0.067383
1 0.331055 0.422852 0.017578 0.087891
1 0.293213 0.431152 0.006348 0.114258
1 0.307617 0.424316 0.016602 0.090820
1 0.249023 0.449707 0.020508 0.069336
1 0.289307 0.429688 0.025879 0.119141
1 0.217041 0.458984 0.018066 0.103516
1 0.181641 0.433105 0.024414 0.161133
1 0.073242 0.448242 0.049805 0.246094
0 0.274170 0.416992 0.007324 0.039062
0 0.449707 0.418457 0.021484 0.034180