1 0.496338 0.392090 0.006348 0.022461
1 0.489502 0.396484 0.007324 0.039062
1 0.484619 0.396973 0.007324 0.038086
1 0.477295 0.393066 0.008301 0.026367
1 0.523926 0.383301 0.008789 0.024414
1 0.477783 0.418457 0.009277 0.043945
1 0.469727 0.420898 0.012695 0.050781
1 0.458740 0.422852 0.011230 0.052734
1 0.558594 0.419434 0.012695 0.071289
1 0.549072 0.420898 0.012207 0.076172
0 0.008789 0.583984 0.011719 0.169922
0 0.506104 0.430176 0.040527 0.059570
0 0.407715 0.446289 0.072266 0.123047
0 0.375732 0.469727 0.060059 0.125000
0 0.339355 0.484863 0.054688 0.157227
0 0.241211 0.485840 0.187500 0.286133