0 0.525146 0.448242 0.016113 0.021484
0 0.552734 0.446777 0.014648 0.038086
0 0.569824 0.453613 0.025391 0.049805
0 0.608398 0.468262 0.043945 0.102539
0 0.495850 0.457520 0.014160 0.040039
0 0.489502 0.462402 0.020020 0.049805
0 0.488037 0.477539 0.005371 0.046875
0 0.471680 0.468262 0.032227 0.069336
0 0.472412 0.479492 0.020020 0.068359
0 0.467041 0.483887 0.016113 0.079102
0 0.455566 0.482910 0.033203 0.096680
0 0.438721 0.495117 0.034668 0.113281
0 0.401367 0.502441 0.080078 0.145508
0 0.646484 0.479492 0.058594 0.130859
0 0.720459 0.490723 0.140137 0.208008
0 0.883789 0.558105 0.227539 0.473633
0 0.336182 0.543945 0.104004 0.238281
0 0.164062 0.629395 0.322266 0.459961