1 0.601074 0.482422 0.027344 0.136719
1 0.648682 0.497070 0.017090 0.101562
1 0.715088 0.480469 0.045410 0.146484
0 0.538330 0.455078 0.020996 0.031250
0 0.541504 0.458496 0.018555 0.028320
0 0.559570 0.464355 0.015625 0.045898
0 0.573486 0.466309 0.030762 0.053711
0 0.634033 0.488281 0.101074 0.125000
0 0.484375 0.466309 0.012695 0.043945
0 0.479248 0.467773 0.014160 0.050781
0 0.473389 0.470703 0.015137 0.058594
0 0.459717 0.473145 0.030762 0.073242
0 0.442383 0.482910 0.032227 0.090820
0 0.410889 0.491699 0.053223 0.120117
0 0.394531 0.510254 0.043945 0.149414
0 0.363525 0.528320 0.074707 0.193359
0 0.227539 0.574219 0.253906 0.324219