1 0.196289 0.432129 0.010742 0.040039
1 0.976807 0.399414 0.012207 0.076172
1 0.994629 0.402344 0.005859 0.085938
1 0.895996 0.407227 0.010742 0.054688
1 0.906982 0.420898 0.024902 0.095703
0 0.026855 0.445801 0.047852 0.086914
0 0.175049 0.446777 0.052246 0.047852
0 0.247559 0.430664 0.053711 0.044922
0 0.921143 0.386719 0.022949 0.017578
0 0.948486 0.385742 0.032715 0.027344
0 0.689209 0.389648 0.015137 0.021484
0 0.673096 0.392578 0.018066 0.021484
0 0.649414 0.391602 0.026367 0.029297
0 0.472168 0.422363 0.030273 0.043945
0 0.552979 0.411133 0.029785 0.029297
0 0.581543 0.400879 0.023438 0.014648
0 0.566406 0.433594 0.017578 0.046875
0 0.579834 0.434570 0.037598 0.058594