0 0.572998 0.410156 0.031738 0.027344
0 0.545654 0.404297 0.008301 0.009766
0 0.534424 0.424316 0.013184 0.034180
0 0.530273 0.432129 0.008789 0.024414
0 0.525146 0.432617 0.009277 0.025391
0 0.507812 0.418457 0.015625 0.006836
0 0.501709 0.426758 0.010254 0.009766
0 0.498047 0.437988 0.010742 0.030273
0 0.480713 0.434570 0.025879 0.041016
0 0.513672 0.435547 0.022461 0.033203
0 0.469238 0.442383 0.013672 0.035156
0 0.461670 0.442871 0.010254 0.036133
0 0.457764 0.443848 0.011230 0.038086
0 0.450195 0.445312 0.015625 0.044922
0 0.431641 0.445801 0.031250 0.055664
0 0.405029 0.423340 0.005371 0.006836
0 0.412354 0.452637 0.017090 0.051758
0 0.335938 0.424805 0.006836 0.007812
0 0.320557 0.437012 0.032715 0.018555
0 0.292969 0.479492 0.076172 0.093750
0 0.166016 0.506348 0.139648 0.170898
0 0.053467 0.547363 0.101074 0.239258
0 0.369873 0.474121 0.090332 0.145508
0 0.568359 0.430664 0.026367 0.058594
0 0.565918 0.446289 0.012695 0.064453
0 0.576660 0.446289 0.024414 0.078125
0 0.582275 0.450195 0.018066 0.082031
0 0.590576 0.450684 0.023926 0.098633
0 0.622803 0.453613 0.072754 0.124023
0 0.667236 0.468262 0.073730 0.184570
0 0.755371 0.486328 0.172852 0.271484
0 0.897461 0.545410 0.200195 0.487305