1 0.678223 0.472656 0.041992 0.240234
1 0.711182 0.478516 0.040527 0.226562
0 0.147217 0.404785 0.033691 0.036133
0 0.036133 0.435547 0.066406 0.105469
0 0.313477 0.437988 0.002930 0.004883
0 0.300537 0.443848 0.026855 0.024414
0 0.316650 0.444824 0.007324 0.032227
0 0.327881 0.441406 0.022949 0.039062
0 0.340332 0.448730 0.013672 0.036133
0 0.349609 0.449707 0.016602 0.036133
0 0.358887 0.451172 0.012695 0.041016
0 0.371582 0.448730 0.028320 0.051758
0 0.412109 0.432129 0.058594 0.120117
0 0.425293 0.460938 0.054688 0.076172
0 0.514160 0.490234 0.099609 0.150391