1 0.187256 0.467285 0.028809 0.149414
1 0.147949 0.462402 0.032227 0.155273
0 0.564941 0.424316 0.029297 0.038086
0 0.577148 0.429688 0.037109 0.039062
0 0.588623 0.441895 0.019043 0.045898
0 0.534912 0.464844 0.039551 0.052734
0 0.492188 0.453125 0.050781 0.078125
0 0.607422 0.477539 0.037109 0.072266
0 0.656738 0.464844 0.093750 0.107422
0 0.716797 0.483398 0.061523 0.113281
0 0.839111 0.481934 0.212402 0.163086
0 0.448242 0.465820 0.022461 0.064453
0 0.440186 0.468750 0.020996 0.066406
0 0.429199 0.477539 0.025391 0.095703
0 0.426025 0.493164 0.009277 0.085938
0 0.373291 0.477539 0.104980 0.164062