1 0.492432 0.448242 0.025879 0.105469
0 0.575684 0.441406 0.003906 0.013672
0 0.529541 0.433594 0.043457 0.025391
0 0.438232 0.424316 0.012207 0.032227
0 0.518799 0.440430 0.020996 0.033203
0 0.375977 0.418945 0.008789 0.023438
0 0.366699 0.416016 0.012695 0.027344
0 0.403809 0.430664 0.059570 0.078125
0 0.382324 0.451172 0.029297 0.044922
0 0.377441 0.450684 0.027344 0.055664
0 0.375488 0.464355 0.017578 0.053711
0 0.346680 0.453613 0.043945 0.131836
0 0.310059 0.461426 0.088867 0.161133
0 0.482666 0.443359 0.058105 0.085938
0 0.144531 0.536621 0.283203 0.385742