0 0.533203 0.428711 0.004883 0.029297
0 0.542725 0.430664 0.020020 0.035156
0 0.565674 0.439941 0.022949 0.057617
0 0.588623 0.442871 0.036621 0.079102
0 0.604736 0.455566 0.035645 0.106445
0 0.670654 0.466797 0.104980 0.152344
0 0.869385 0.533203 0.256348 0.404297
0 0.431885 0.434570 0.009277 0.031250
0 0.419434 0.432617 0.018555 0.041016
0 0.408936 0.439941 0.014160 0.038086
0 0.398926 0.439453 0.009766 0.039062
0 0.385010 0.437988 0.024902 0.049805
0 0.362549 0.443359 0.036621 0.048828
0 0.265625 0.453613 0.069336 0.084961