1 0.913818 0.363281 0.036621 0.103516
0 0.365723 0.400879 0.041992 0.038086
0 0.371094 0.402832 0.025391 0.036133
0 0.385986 0.402344 0.044434 0.046875
0 0.390381 0.405762 0.035645 0.043945
0 0.401855 0.406738 0.052734 0.053711
0 0.430176 0.406250 0.063477 0.056641
0 0.450684 0.409668 0.085938 0.059570
0 0.315918 0.402344 0.005859 0.009766
0 0.324951 0.449707 0.012207 0.061523
0 0.284180 0.391113 0.081055 0.071289
0 0.292480 0.477539 0.069336 0.175781
0 0.199951 0.519531 0.163574 0.320312
0 0.756348 0.514648 0.030273 0.015625
0 0.111084 0.679199 0.216309 0.631836
0 0.551270 0.426270 0.124023 0.112305
0 0.573730 0.458008 0.050781 0.078125
0 0.603027 0.490234 0.076172 0.099609
0 0.740723 0.386719 0.293945 0.320312
0 0.891357 0.505371 0.212402 0.338867