1 0.389404 0.410645 0.003418 0.032227
1 0.396484 0.405762 0.004883 0.028320
1 0.406494 0.405762 0.004395 0.028320
1 0.409668 0.406738 0.002930 0.024414
1 0.658203 0.409180 0.004883 0.042969
1 0.653564 0.408203 0.009277 0.046875
1 0.676025 0.450684 0.003418 0.018555
1 0.671631 0.437012 0.010254 0.069336
1 0.508301 0.445312 0.021484 0.105469
1 0.506836 0.451172 0.019531 0.097656
1 0.521729 0.444336 0.020020 0.111328
1 0.530273 0.457520 0.015625 0.084961
1 0.529785 0.463867 0.014648 0.080078
1 0.477051 0.459473 0.012695 0.088867
1 0.493652 0.446777 0.022461 0.110352
1 0.460938 0.452148 0.020508 0.107422
1 0.448242 0.476074 0.015625 0.061523
1 0.572510 0.438965 0.022949 0.125977
0 0.024414 0.517578 0.042969 0.056641
0 0.239502 0.406250 0.005371 0.025391
0 0.225586 0.408203 0.015625 0.027344
0 0.204834 0.414551 0.014160 0.020508
0 0.220703 0.440918 0.026367 0.038086
0 0.239258 0.463867 0.038086 0.052734