1 0.672852 0.431152 0.006836 0.030273
1 0.680176 0.431641 0.007812 0.029297
1 0.686523 0.431152 0.007812 0.028320
1 0.805908 0.436035 0.017090 0.096680
1 0.787598 0.442383 0.015625 0.087891
1 0.767334 0.436035 0.013184 0.106445
1 0.760010 0.441406 0.018066 0.097656
0 0.244385 0.462891 0.095215 0.097656
0 0.722900 0.433105 0.020020 0.026367
0 0.821777 0.443359 0.011719 0.035156
0 0.795898 0.435059 0.007812 0.034180
0 0.777100 0.437500 0.007324 0.037109
0 0.764160 0.438965 0.031250 0.047852
0 0.571777 0.462402 0.083008 0.127930
0 0.738037 0.444824 0.031738 0.045898