0 0.498291 0.407715 0.011230 0.016602
0 0.447754 0.418457 0.013672 0.024414
0 0.301270 0.440430 0.028320 0.052734
0 0.268799 0.446289 0.043457 0.058594
0 0.226807 0.447266 0.045410 0.064453
0 0.178955 0.436523 0.068848 0.046875
0 0.455322 0.427246 0.018066 0.026367
0 0.530029 0.422852 0.018066 0.029297
0 0.555176 0.419434 0.029297 0.067383
0 0.557617 0.429688 0.015625 0.064453
0 0.577881 0.426270 0.043457 0.081055
0 0.585693 0.434082 0.035645 0.075195
0 0.604248 0.436035 0.039551 0.084961
0 0.632080 0.438965 0.048340 0.098633
0 0.687744 0.435059 0.064941 0.116211
0 0.919678 0.458984 0.155762 0.265625