1 0.671875 0.398926 0.021484 0.057617
1 0.691650 0.425293 0.010254 0.051758
1 0.702637 0.455566 0.017578 0.092773
1 0.716309 0.429199 0.023438 0.141602
1 0.727783 0.452637 0.016113 0.096680
0 0.424316 0.427734 0.020508 0.058594
0 0.415771 0.430176 0.032715 0.063477
0 0.384766 0.435059 0.041992 0.083008
0 0.330322 0.441895 0.075684 0.104492
0 0.214355 0.469727 0.098633 0.207031
0 0.097900 0.497070 0.189941 0.296875
0 0.507812 0.426270 0.039062 0.057617
0 0.558350 0.423828 0.020020 0.058594
0 0.565186 0.426758 0.025879 0.062500
0 0.574951 0.433105 0.024902 0.071289
0 0.648926 0.408691 0.013672 0.051758
0 0.600586 0.437500 0.058594 0.093750
0 0.623047 0.451172 0.058594 0.101562