1 0.455322 0.440430 0.008301 0.052734
1 0.441162 0.438477 0.007324 0.052734
1 0.447754 0.439453 0.009766 0.052734
1 0.299072 0.470215 0.047363 0.233398
1 0.849121 0.404297 0.025391 0.066406
0 0.475342 0.442871 0.034668 0.063477
0 0.545898 0.453613 0.010742 0.047852
0 0.561035 0.453125 0.030273 0.060547
0 0.562500 0.461914 0.026367 0.064453
0 0.593018 0.462891 0.057129 0.097656
0 0.605957 0.474121 0.061523 0.094727
0 0.645996 0.489258 0.067383 0.142578
0 0.699219 0.503418 0.112305 0.180664
0 0.791504 0.535156 0.169922 0.232422
0 0.910645 0.595215 0.173828 0.374023