0 0.389404 0.424316 0.020996 0.020508
0 0.391357 0.443848 0.018066 0.051758
0 0.354248 0.410156 0.063965 0.046875
0 0.420654 0.449219 0.058105 0.078125
0 0.352539 0.464844 0.063477 0.125000
0 0.342773 0.481445 0.063477 0.140625
0 0.278076 0.516602 0.113770 0.226562
0 0.129639 0.589355 0.253418 0.446289
0 0.490967 0.448730 0.040527 0.081055
0 0.515381 0.451660 0.047363 0.090820
0 0.557129 0.454102 0.068359 0.107422
0 0.631836 0.476074 0.093750 0.139648
0 0.739990 0.501465 0.164551 0.221680
0 0.894531 0.629883 0.206055 0.611328