1 0.205566 0.411133 0.011719 0.031250
1 0.449951 0.445801 0.010254 0.057617
1 0.495605 0.421387 0.004883 0.010742
1 0.425049 0.451660 0.015137 0.075195
1 0.943115 0.450684 0.012207 0.084961
0 0.414062 0.436523 0.010742 0.021484
0 0.378418 0.443848 0.009766 0.038086
0 0.371094 0.441406 0.014648 0.046875
0 0.357910 0.441895 0.022461 0.051758
0 0.352051 0.458008 0.009766 0.044922
0 0.340576 0.448730 0.016113 0.071289
0 0.318848 0.450684 0.044922 0.081055
0 0.252441 0.452637 0.081055 0.098633
0 0.204346 0.466309 0.067871 0.079102
0 0.147217 0.471680 0.070801 0.074219
0 0.083740 0.473633 0.075684 0.080078
0 0.026855 0.477051 0.047852 0.084961
0 0.435303 0.436523 0.010254 0.017578
0 0.456543 0.429199 0.007812 0.010742
0 0.466064 0.437012 0.019043 0.034180
0 0.474854 0.438965 0.020020 0.036133
0 0.481445 0.442383 0.022461 0.044922
0 0.487793 0.436523 0.012695 0.029297
0 0.538086 0.439453 0.038086 0.050781
0 0.509277 0.453613 0.046875 0.063477
0 0.569580 0.439453 0.040527 0.044922
0 0.554199 0.451660 0.041016 0.055664
0 0.654053 0.450684 0.044434 0.059570
0 0.708740 0.448730 0.056152 0.061523
0 0.753418 0.448730 0.037109 0.061523
0 0.794189 0.442383 0.056152 0.066406
0 0.827881 0.442871 0.028809 0.059570
0 0.856934 0.442871 0.038086 0.061523
0 0.874268 0.435547 0.038574 0.064453
0 0.910156 0.437988 0.036133 0.053711
0 0.923584 0.431152 0.040527 0.063477
0 0.979980 0.432617 0.022461 0.052734
0 0.990967 0.434082 0.013184 0.045898
0 0.602539 0.450684 0.036133 0.063477