1 0.266113 0.391602 0.011719 0.017578
1 0.160400 0.435547 0.021973 0.136719
1 0.132080 0.439453 0.021973 0.134766
1 0.307861 0.412109 0.012207 0.078125
1 0.317627 0.412598 0.020020 0.110352
1 0.279785 0.422363 0.038086 0.174805
1 0.386230 0.419922 0.024414 0.132812
1 0.509033 0.415527 0.041504 0.241211
1 0.606934 0.408691 0.033203 0.250977
1 0.576416 0.415039 0.048340 0.244141
1 0.677246 0.393066 0.014648 0.180664
1 0.684570 0.506836 0.010742 0.033203
1 0.694580 0.399414 0.049316 0.265625
1 0.810303 0.430664 0.094238 0.417969
0 0.098877 0.400879 0.015137 0.016602
0 0.090088 0.415527 0.012207 0.020508
0 0.123779 0.397461 0.013184 0.011719
0 0.174561 0.403320 0.010254 0.021484
0 0.109619 0.435547 0.039551 0.068359
0 0.946289 0.400879 0.102539 0.129883
0 0.813965 0.417480 0.214844 0.151367