1 0.438965 0.400391 0.012695 0.060547
1 0.626709 0.400391 0.017090 0.105469
1 0.772705 0.354004 0.024902 0.067383
1 0.801270 0.363770 0.027344 0.067383
1 0.914307 0.356445 0.030762 0.142578
1 0.934814 0.343750 0.037598 0.164062
1 0.965820 0.346191 0.046875 0.174805
1 0.993408 0.351562 0.008301 0.121094
1 0.211914 0.409668 0.012695 0.020508
1 0.230713 0.431152 0.012207 0.057617
1 0.197510 0.387695 0.010254 0.039062
1 0.233887 0.430664 0.026367 0.128906
1 0.177002 0.419922 0.022949 0.144531
1 0.191650 0.429688 0.023926 0.134766
1 0.156250 0.425781 0.024414 0.119141
1 0.130615 0.429688 0.037598 0.158203