1 0.893799 0.429199 0.007324 0.016602
1 0.868164 0.429199 0.010742 0.038086
1 0.884766 0.416016 0.003906 0.013672
1 0.888672 0.423828 0.004883 0.015625
1 0.880859 0.414062 0.003906 0.007812
1 0.881348 0.437988 0.026367 0.059570
1 0.708008 0.454102 0.023438 0.054688
1 0.712646 0.432129 0.014160 0.043945
1 0.646729 0.453125 0.005371 0.044922
1 0.770752 0.431152 0.027832 0.172852
1 0.591553 0.440918 0.006348 0.071289
1 0.606445 0.445312 0.011719 0.085938
1 0.596191 0.448242 0.015625 0.085938
1 0.947754 0.439453 0.044922 0.181641
1 0.914795 0.430664 0.035645 0.195312
1 0.666016 0.427246 0.046875 0.188477
1 0.664062 0.442383 0.029297 0.160156
1 0.582031 0.431152 0.006836 0.047852
1 0.694580 0.432129 0.030762 0.182617
1 0.557861 0.442871 0.008301 0.090820
1 0.633789 0.416016 0.029297 0.208984
1 0.572754 0.422852 0.037109 0.171875
1 0.468262 0.409668 0.011719 0.038086
1 0.489502 0.430664 0.025879 0.164062
1 0.514893 0.429688 0.032715 0.179688
1 0.567383 0.433105 0.025391 0.176758
1 0.544189 0.432129 0.028809 0.172852
1 0.300537 0.409668 0.005371 0.020508
1 0.289795 0.414062 0.009277 0.027344
1 0.305420 0.410156 0.012207 0.019531
1 0.296387 0.414062 0.006836 0.017578
1 0.280762 0.411133 0.009766 0.031250
1 0.273438 0.420410 0.006836 0.026367
1 0.266113 0.415039 0.018555 0.044922
1 0.111084 0.398926 0.003418 0.012695
1 0.105225 0.406250 0.010254 0.033203
1 0.123535 0.399414 0.010742 0.031250
1 0.112061 0.407227 0.013184 0.027344
1 0.003418 0.417969 0.000977 0.003906
1 0.768311 0.373047 0.008301 0.013672
0 0.504639 0.433105 0.081543 0.143555
0 0.362305 0.424805 0.177734 0.158203
0 0.052490 0.445312 0.099121 0.103516
0 0.174316 0.442383 0.190430 0.119141