1 0.220947 0.386230 0.008301 0.024414
1 0.416260 0.394043 0.005371 0.036133
1 0.795898 0.402832 0.015625 0.110352
1 0.818115 0.382812 0.022949 0.148438
1 0.839600 0.387207 0.023926 0.139648
0 0.562988 0.375000 0.015625 0.023438
0 0.620361 0.382812 0.016113 0.029297
0 0.546143 0.393066 0.007324 0.026367
0 0.548584 0.391602 0.004395 0.021484
0 0.557129 0.391113 0.016602 0.028320
0 0.621094 0.398438 0.011719 0.050781
0 0.627441 0.395020 0.010742 0.069336
0 0.641602 0.394043 0.029297 0.075195
0 0.662354 0.394043 0.043457 0.079102
0 0.588867 0.395996 0.056641 0.098633
0 0.204346 0.395020 0.026855 0.006836
0 0.321533 0.388184 0.020020 0.008789
0 0.240967 0.392578 0.012207 0.009766
0 0.947998 0.345703 0.099121 0.388672