1 0.850098 0.389160 0.029297 0.129883
1 0.545410 0.379395 0.007812 0.057617
1 0.591309 0.374512 0.016602 0.090820
1 0.608887 0.378906 0.016602 0.082031
1 0.619385 0.393066 0.007324 0.034180
1 0.351562 0.369141 0.016602 0.033203
1 0.374512 0.368164 0.025391 0.089844
1 0.555664 0.378906 0.021484 0.117188
1 0.635742 0.381836 0.048828 0.269531
1 0.528809 0.377930 0.012695 0.062500
1 0.538818 0.372070 0.005371 0.023438
1 0.538086 0.393066 0.008789 0.032227
0 0.924072 0.508789 0.146973 0.404297
0 0.479736 0.382324 0.018066 0.028320
0 0.512451 0.383301 0.010254 0.032227
0 0.522705 0.384277 0.022949 0.034180