1 0.317139 0.409180 0.020020 0.095703
1 0.491943 0.409180 0.017090 0.072266
1 0.472900 0.416016 0.008301 0.056641
1 0.458252 0.395996 0.010254 0.059570
1 0.464111 0.402344 0.012207 0.058594
1 0.417480 0.403320 0.013672 0.068359
1 0.432617 0.381836 0.014648 0.027344
1 0.431641 0.399902 0.009766 0.065430
1 0.395996 0.403320 0.008789 0.070312
1 0.406006 0.417969 0.018066 0.078125
1 0.337891 0.411133 0.016602 0.099609
1 0.278809 0.384766 0.004883 0.025391
1 0.284180 0.386230 0.004883 0.026367
1 0.289795 0.386230 0.004395 0.026367
0 0.986328 0.430664 0.022461 0.091797
0 0.920654 0.395508 0.028809 0.015625
0 0.945801 0.436523 0.069336 0.097656
0 0.745117 0.500000 0.371094 0.359375