1 0.980469 0.333984 0.007812 0.007812
1 0.989502 0.332520 0.011230 0.008789
1 0.780762 0.413574 0.026367 0.086914
1 0.795410 0.433594 0.007812 0.054688
1 0.836426 0.379883 0.020508 0.164062
1 0.854492 0.364746 0.046875 0.229492
1 0.818359 0.377441 0.029297 0.208008
1 0.740479 0.377930 0.048340 0.285156
1 0.795410 0.373535 0.053711 0.276367
1 0.218018 0.400391 0.004395 0.011719
1 0.211182 0.409668 0.004395 0.014648
1 0.219971 0.416504 0.004395 0.034180
1 0.214600 0.420410 0.009277 0.036133
1 0.015381 0.443848 0.024902 0.131836
1 0.055176 0.438477 0.028320 0.132812
1 0.341064 0.406738 0.004395 0.041992
1 0.333496 0.404785 0.008789 0.041992
1 0.338135 0.408203 0.008301 0.039062
1 0.350586 0.407227 0.004883 0.039062
1 0.348389 0.410156 0.006348 0.039062
1 0.357666 0.404785 0.008301 0.038086
1 0.377441 0.408203 0.007812 0.035156
1 0.370361 0.403809 0.009277 0.045898
1 0.437500 0.406250 0.004883 0.037109
1 0.427002 0.400391 0.007324 0.039062
1 0.429443 0.405273 0.009277 0.041016
1 0.391113 0.407227 0.004883 0.039062
1 0.386719 0.404297 0.009766 0.046875
1 0.401611 0.406738 0.007324 0.038086
1 0.415283 0.402832 0.005371 0.043945
1 0.410156 0.384277 0.004883 0.014648
1 0.419189 0.401367 0.010254 0.046875
1 0.412598 0.404297 0.006836 0.042969
1 0.406006 0.403809 0.007324 0.043945
1 0.538574 0.395996 0.010742 0.055664
1 0.534424 0.374512 0.001465 0.004883
1 0.501709 0.400391 0.010254 0.052734
1 0.517334 0.395996 0.007324 0.055664
1 0.521729 0.396973 0.005371 0.055664
1 0.507324 0.414551 0.002930 0.022461
1 0.511719 0.399902 0.011719 0.059570
1 0.552002 0.419434 0.004395 0.024414
1 0.557129 0.401855 0.014648 0.084961
1 0.599121 0.384277 0.010742 0.075195