1 0.765869 0.347168 0.006348 0.028320
1 0.770752 0.348145 0.005371 0.026367
1 0.497803 0.341309 0.006348 0.022461
1 0.502930 0.339355 0.007812 0.026367
1 0.509766 0.341797 0.008789 0.031250
1 0.555664 0.338379 0.005859 0.047852
1 0.552246 0.339844 0.008789 0.058594
1 0.533936 0.340820 0.008301 0.054688
1 0.543701 0.339844 0.011230 0.056641
1 0.531006 0.348145 0.005371 0.045898
1 0.369141 0.334473 0.006836 0.010742
1 0.340576 0.312988 0.004395 0.004883
1 0.361084 0.344238 0.012207 0.090820
1 0.352295 0.310059 0.012207 0.038086
1 0.315918 0.282715 0.012695 0.043945
1 0.307129 0.282227 0.014648 0.044922
1 0.277100 0.282715 0.018066 0.043945
1 0.240234 0.272949 0.010742 0.040039
1 0.389160 0.357422 0.020508 0.089844
1 0.229248 0.286133 0.020020 0.115234
1 0.099854 0.378906 0.031738 0.136719
1 0.111084 0.383301 0.024902 0.129883
1 0.096436 0.381348 0.030762 0.135742
1 0.411133 0.375000 0.024414 0.111328
1 0.912354 0.343262 0.005371 0.041992
1 0.873047 0.378906 0.016602 0.037109
1 0.845703 0.372070 0.014648 0.054688
1 0.986816 0.371582 0.017578 0.051758
1 0.966309 0.370605 0.017578 0.047852
1 0.739014 0.383789 0.024902 0.105469
1 0.757080 0.375977 0.019043 0.125000
1 0.562256 0.397949 0.020020 0.127930
1 0.591797 0.396973 0.026367 0.137695
1 0.641357 0.406738 0.030762 0.137695
1 0.659912 0.418457 0.019043 0.143555
0 0.271973 0.481445 0.268555 0.345703