0 0.652832 0.417969 0.103516 0.142578
0 0.376709 0.375977 0.010254 0.017578
0 0.368408 0.382324 0.011230 0.018555
0 0.395508 0.370117 0.007812 0.015625
0 0.398682 0.377930 0.010254 0.015625
0 0.418945 0.366211 0.008789 0.011719
0 0.446045 0.365723 0.008301 0.010742
0 0.456787 0.365723 0.007324 0.008789
0 0.456055 0.375488 0.013672 0.010742
0 0.449707 0.389160 0.012695 0.026367
0 0.437256 0.395020 0.021973 0.034180
0 0.415039 0.395996 0.030273 0.045898
0 0.470459 0.380371 0.015137 0.043945
0 0.463867 0.397461 0.024414 0.035156
0 0.510742 0.365234 0.074219 0.179688
0 0.064453 0.420898 0.123047 0.236328
0 0.159180 0.488281 0.260742 0.333984