1 0.518799 0.411133 0.019043 0.107422
1 0.534180 0.416992 0.028320 0.111328
1 0.551758 0.411133 0.018555 0.113281
1 0.058350 0.403320 0.023926 0.062500
0 0.476807 0.360352 0.004395 0.013672
0 0.491699 0.356934 0.010742 0.016602
0 0.483643 0.361328 0.012207 0.017578
0 0.498047 0.359375 0.006836 0.013672
0 0.543701 0.353516 0.011230 0.009766
0 0.547119 0.361328 0.010254 0.017578
0 0.538330 0.367676 0.014160 0.020508
0 0.560547 0.367188 0.005859 0.019531
0 0.590576 0.364746 0.017090 0.008789
0 0.573730 0.385254 0.017578 0.040039
0 0.579102 0.389160 0.020508 0.045898
0 0.584717 0.395996 0.019043 0.057617
0 0.624756 0.368652 0.011230 0.028320
0 0.606201 0.399414 0.045410 0.062500
0 0.641846 0.368164 0.015137 0.048828
0 0.672119 0.370117 0.053223 0.054688
0 0.683350 0.375000 0.048340 0.041016
0 0.688965 0.381836 0.022461 0.046875
0 0.699707 0.375000 0.028320 0.037109
0 0.735840 0.391602 0.050781 0.066406
0 0.742432 0.396973 0.030762 0.061523
0 0.458740 0.362305 0.025879 0.056641
0 0.453857 0.379883 0.018066 0.035156
0 0.449707 0.384766 0.015625 0.037109
0 0.428711 0.382812 0.027344 0.060547
0 0.416992 0.388672 0.036133 0.058594