1 0.406250 0.403320 0.005859 0.011719
1 0.759033 0.432129 0.013184 0.055664
1 0.779297 0.434570 0.008789 0.048828
1 0.790527 0.444336 0.018555 0.093750
1 0.873291 0.438477 0.021973 0.117188
1 0.927246 0.413574 0.030273 0.129883
1 0.952393 0.473145 0.018066 0.094727
1 0.975342 0.443359 0.035645 0.154297
1 0.293945 0.413574 0.017578 0.106445
0 0.885010 0.441406 0.047363 0.068359
0 0.811523 0.432617 0.008789 0.023438
0 0.823242 0.439941 0.034180 0.045898
0 0.835938 0.444824 0.028320 0.051758
0 0.726074 0.430176 0.014648 0.022461
0 0.734619 0.430664 0.022949 0.023438
0 0.746826 0.432129 0.014160 0.026367
0 0.501465 0.416016 0.010742 0.017578
0 0.516357 0.412598 0.007324 0.014648
0 0.490234 0.404297 0.012695 0.015625
0 0.486084 0.417480 0.013184 0.020508
0 0.489502 0.421387 0.014160 0.024414
0 0.462891 0.417480 0.013672 0.024414
0 0.452148 0.419434 0.014648 0.024414
0 0.440430 0.425293 0.022461 0.030273
0 0.021240 0.361328 0.036621 0.011719
0 0.408691 0.424316 0.020508 0.030273
0 0.383789 0.418457 0.020508 0.038086
0 0.372559 0.426758 0.030273 0.041016
0 0.312500 0.406738 0.063477 0.092773
0 0.319824 0.429199 0.032227 0.049805
0 0.113281 0.424805 0.062500 0.078125
0 0.180420 0.392578 0.089355 0.048828
0 0.263916 0.426270 0.085449 0.083008
0 0.152344 0.427734 0.078125 0.074219
0 0.027588 0.412598 0.049316 0.108398
0 0.905273 0.452637 0.026367 0.057617
0 0.478271 0.413086 0.011230 0.015625
0 0.509277 0.416504 0.008789 0.014648