1 0.126709 0.445312 0.005371 0.017578
1 0.134521 0.445312 0.004395 0.013672
1 0.130615 0.449707 0.004395 0.020508
1 0.191650 0.434082 0.007324 0.026367
1 0.196289 0.437500 0.004883 0.019531
1 0.205811 0.438965 0.006348 0.016602
1 0.200439 0.439941 0.006348 0.014648
1 0.222168 0.436035 0.005859 0.020508
1 0.227539 0.431641 0.006836 0.019531
1 0.282715 0.422363 0.010742 0.030273
1 0.524170 0.427246 0.014160 0.090820
1 0.534668 0.406738 0.009766 0.041992
1 0.707520 0.416016 0.014648 0.095703
1 0.869873 0.403809 0.004395 0.040039
1 0.874756 0.401855 0.007324 0.032227
1 0.873047 0.421387 0.006836 0.028320
1 0.879150 0.417969 0.010254 0.070312
1 0.937256 0.431152 0.033691 0.204102
1 0.953369 0.424316 0.030762 0.213867
1 0.963623 0.460938 0.049316 0.203125
1 0.958984 0.452637 0.064453 0.325195
1 0.988525 0.571777 0.018066 0.118164
1 0.977295 0.462891 0.040527 0.390625
1 0.919434 0.433105 0.026367 0.223633
1 0.906494 0.443848 0.055176 0.225586
1 0.728516 0.445312 0.038086 0.277344
1 0.809082 0.446289 0.057617 0.230469
1 0.871338 0.447266 0.044434 0.242188
1 0.793213 0.451172 0.054199 0.292969
1 0.764893 0.467773 0.030762 0.251953
1 0.727783 0.447754 0.058105 0.313477
1 0.741943 0.461426 0.063965 0.317383
1 0.806396 0.475098 0.098145 0.411133
1 0.852783 0.544922 0.088379 0.406250
1 0.587646 0.446777 0.022949 0.180664
1 0.613525 0.447754 0.035645 0.256836
1 0.638672 0.449219 0.035156 0.283203
1 0.538574 0.459961 0.026367 0.179688
1 0.497559 0.473633 0.079102 0.273438
1 0.501953 0.461426 0.086914 0.321289
1 0.579346 0.483887 0.112793 0.416992
1 0.618896 0.566895 0.065918 0.340820
1 0.330811 0.463379 0.054199 0.208008
1 0.400879 0.477539 0.066406 0.261719
1 0.409424 0.452637 0.043457 0.327148
1 0.265137 0.472656 0.057617 0.220703
1 0.036133 0.466309 0.012695 0.051758
1 0.023438 0.466309 0.010742 0.059570
1 0.033691 0.462891 0.016602 0.060547
1 0.055176 0.452637 0.004883 0.032227
1 0.044189 0.465332 0.008301 0.053711
1 0.090332 0.468262 0.021484 0.151367
1 0.073730 0.467285 0.028320 0.159180
1 0.180908 0.459473 0.019043 0.137695
1 0.165527 0.452637 0.024414 0.168945
0 0.522461 0.396484 0.015625 0.005859
0 0.560303 0.436035 0.086426 0.081055
0 0.452148 0.436035 0.048828 0.067383
0 0.346680 0.446289 0.079102 0.064453
0 0.245850 0.455078 0.078613 0.062500
0 0.010986 0.470215 0.014160 0.065430