1 0.987061 0.296875 0.020996 0.121094
1 0.830811 0.311035 0.008301 0.012695
1 0.831787 0.345215 0.010254 0.071289
1 0.639893 0.367676 0.004395 0.016602
1 0.715820 0.366699 0.010742 0.024414
1 0.839355 0.365234 0.035156 0.140625
1 0.783691 0.383301 0.033203 0.159180
1 0.725342 0.378418 0.012207 0.083008
1 0.744141 0.384766 0.033203 0.166016
1 0.700439 0.367188 0.006348 0.017578
1 0.647949 0.382812 0.011719 0.082031
1 0.706055 0.355957 0.008789 0.034180
1 0.689941 0.380371 0.016602 0.096680
1 0.658447 0.378906 0.013184 0.068359
1 0.620850 0.384277 0.009277 0.041992
1 0.660889 0.383789 0.010254 0.078125
1 0.673828 0.384766 0.021484 0.107422
1 0.672119 0.386230 0.010254 0.030273
1 0.632812 0.365234 0.010742 0.027344
1 0.609619 0.369629 0.011230 0.022461
1 0.598633 0.369141 0.006836 0.019531
1 0.524170 0.370605 0.006348 0.012695
1 0.517090 0.373047 0.004883 0.013672
1 0.454834 0.392090 0.006348 0.036133
1 0.409668 0.385742 0.004883 0.019531
1 0.393066 0.399902 0.004883 0.036133
1 0.397461 0.395996 0.007812 0.038086
1 0.389404 0.397461 0.004395 0.041016
1 0.327637 0.394531 0.004883 0.035156
1 0.353027 0.395020 0.005859 0.032227
1 0.338623 0.397949 0.006348 0.032227
1 0.332031 0.388672 0.005859 0.019531
1 0.335938 0.412109 0.006836 0.037109
1 0.330078 0.413574 0.008789 0.040039
1 0.322266 0.396973 0.004883 0.030273
1 0.318848 0.397949 0.006836 0.032227
1 0.304932 0.399414 0.005371 0.027344
0 0.290771 0.405762 0.016113 0.024414
0 0.289551 0.411133 0.010742 0.021484
0 0.011475 0.474609 0.017090 0.101562
0 0.083252 0.458496 0.085449 0.143555
0 0.941650 0.278320 0.102051 0.068359
0 0.609863 0.373535 0.015625 0.020508
0 0.590332 0.376465 0.018555 0.014648
0 0.584717 0.396484 0.019043 0.044922
0 0.553711 0.380859 0.020508 0.029297
0 0.539062 0.385742 0.021484 0.025391
0 0.521729 0.390137 0.023926 0.026367
0 0.411133 0.423340 0.038086 0.055664
0 0.212402 0.419922 0.187500 0.285156