1 0.994629 0.402832 0.005859 0.030273
1 0.759033 0.403320 0.005371 0.027344
1 0.763428 0.404297 0.008301 0.027344
1 0.791748 0.395508 0.015137 0.066406
1 0.463867 0.345215 0.011719 0.043945
1 0.515381 0.380859 0.016113 0.089844
1 0.537354 0.391113 0.017090 0.088867
1 0.474854 0.370605 0.021973 0.051758
1 0.497314 0.370117 0.022949 0.054688
1 0.447998 0.422852 0.038574 0.265625
1 0.423584 0.435059 0.041504 0.247070
1 0.016602 0.417480 0.027344 0.172852
1 0.006592 0.447266 0.007324 0.123047
1 0.105957 0.412109 0.009766 0.123047
1 0.098633 0.409180 0.020508 0.136719
1 0.120117 0.417969 0.033203 0.156250
1 0.090332 0.418945 0.045898 0.162109
1 0.193848 0.408203 0.028320 0.142578
1 0.218262 0.411133 0.031250 0.136719
1 0.294434 0.436523 0.031250 0.226562
1 0.271484 0.429199 0.050781 0.254883
1 0.648926 0.450195 0.103516 0.339844
1 0.595459 0.446289 0.081543 0.367188
0 0.885254 0.418457 0.144531 0.122070