1 0.567627 0.384766 0.007324 0.023438
1 0.795410 0.340820 0.010742 0.066406
1 0.760498 0.364258 0.020020 0.091797
1 0.740967 0.366699 0.020020 0.090820
1 0.807373 0.362305 0.015137 0.082031
1 0.824463 0.362793 0.018066 0.075195
0 0.453125 0.398926 0.007812 0.014648
0 0.441162 0.396484 0.020020 0.023438
0 0.220459 0.417480 0.023926 0.055664
0 0.208984 0.419922 0.014648 0.060547
0 0.171631 0.423340 0.076660 0.088867
0 0.057861 0.434082 0.059082 0.065430
0 0.093506 0.431641 0.059082 0.062500
0 0.319824 0.392578 0.178711 0.169922
0 0.939453 0.365723 0.057617 0.081055
0 0.966797 0.368164 0.061523 0.076172