1 0.140381 0.429199 0.025879 0.055664
1 0.201172 0.411621 0.013672 0.077148
1 0.251709 0.411133 0.005371 0.054688
1 0.245361 0.409668 0.011230 0.063477
1 0.255371 0.408203 0.008789 0.062500
1 0.272217 0.400391 0.004395 0.037109
1 0.281738 0.408203 0.012695 0.062500
1 0.325195 0.402832 0.005859 0.043945
1 0.585938 0.378418 0.004883 0.010742
1 0.738770 0.353027 0.007812 0.010742
0 0.538330 0.398438 0.007324 0.015625
0 0.532227 0.397461 0.007812 0.017578
0 0.527100 0.398438 0.007324 0.015625
0 0.522705 0.398438 0.005371 0.015625
0 0.514160 0.395508 0.012695 0.023438
0 0.510986 0.398926 0.008301 0.016602
0 0.501709 0.398438 0.014160 0.021484
0 0.488525 0.398438 0.015137 0.021484
0 0.481201 0.400391 0.009277 0.019531
0 0.472656 0.400391 0.012695 0.023438
0 0.459717 0.398926 0.013184 0.026367
0 0.452881 0.401855 0.010254 0.026367
0 0.445312 0.402832 0.014648 0.030273
0 0.440186 0.403809 0.006348 0.032227
0 0.436523 0.404785 0.008789 0.034180
0 0.431641 0.405273 0.009766 0.039062
0 0.414307 0.403320 0.028809 0.050781
0 0.414551 0.410645 0.011719 0.040039
0 0.404053 0.412109 0.024902 0.046875
0 0.385254 0.416016 0.026367 0.056641
0 0.363281 0.421387 0.045898 0.061523
0 0.543457 0.400391 0.006836 0.029297
0 0.550537 0.400879 0.016113 0.034180
0 0.553223 0.402832 0.013672 0.034180
0 0.555664 0.405273 0.010742 0.039062
0 0.561279 0.405273 0.014160 0.044922
0 0.572510 0.405762 0.027832 0.045898
0 0.583252 0.409668 0.039551 0.051758
0 0.624268 0.423828 0.038574 0.087891
0 0.638428 0.425781 0.034668 0.095703
0 0.663086 0.432129 0.054688 0.124023
0 0.710205 0.434570 0.091309 0.173828
0 0.797852 0.457031 0.177734 0.228516
0 0.919189 0.493164 0.156738 0.347656