1 0.514648 0.370117 0.009766 0.011719
1 0.109375 0.321289 0.021484 0.033203
1 0.017334 0.388184 0.018066 0.057617
1 0.037842 0.376953 0.024902 0.072266
1 0.713379 0.381348 0.011719 0.061523
1 0.695068 0.379883 0.007324 0.066406
1 0.688721 0.381836 0.009277 0.068359
1 0.684082 0.385254 0.015625 0.065430
1 0.703613 0.384277 0.011719 0.059570
1 0.805908 0.357910 0.011230 0.040039
1 0.468994 0.375000 0.006348 0.011719
1 0.816162 0.374512 0.021973 0.102539
1 0.713623 0.381836 0.009277 0.062500
0 0.013428 0.426758 0.020996 0.074219
0 0.334229 0.435059 0.108887 0.217773
0 0.153809 0.530273 0.301758 0.398438
0 0.768311 0.380859 0.053223 0.072266
0 0.412598 0.407227 0.043945 0.062500
0 0.448486 0.411621 0.038574 0.071289
0 0.486084 0.423340 0.060059 0.092773