1 0.279541 0.325684 0.005371 0.008789
1 0.262451 0.329102 0.004395 0.009766
1 0.256592 0.327637 0.004395 0.016602
1 0.169678 0.397949 0.020020 0.172852
1 0.677002 0.436523 0.039551 0.167969
0 0.627441 0.411133 0.017578 0.080078
0 0.661377 0.411621 0.067871 0.159180
0 0.722656 0.412598 0.112305 0.208008
0 0.891602 0.448242 0.211914 0.406250
0 0.407227 0.414062 0.027344 0.072266
0 0.386719 0.416504 0.045898 0.083008
0 0.326172 0.409668 0.101562 0.159180
0 0.262207 0.436035 0.117188 0.149414
0 0.510010 0.397949 0.010254 0.024414
0 0.498291 0.400391 0.020020 0.029297
0 0.064941 0.504395 0.124023 0.315430