1 0.292480 0.390625 0.014648 0.085938
1 0.219727 0.392578 0.005859 0.017578
1 0.283447 0.395020 0.020996 0.083008
1 0.377930 0.369141 0.006836 0.044922
1 0.703369 0.161133 0.013184 0.083984
1 0.723877 0.169434 0.006348 0.014648
1 0.742188 0.165039 0.006836 0.019531
1 0.734131 0.141602 0.017090 0.042969
1 0.784180 0.155762 0.020508 0.047852
1 0.993164 0.101562 0.008789 0.029297
1 0.979736 0.090820 0.016113 0.062500
1 0.937256 0.106445 0.019043 0.050781
1 0.914795 0.125000 0.012207 0.037109
1 0.882324 0.128906 0.009766 0.046875
1 0.898926 0.122559 0.017578 0.047852
1 0.825439 0.157715 0.016113 0.028320
1 0.845215 0.137695 0.022461 0.050781
1 0.866699 0.131348 0.017578 0.040039
1 0.775635 0.369141 0.012207 0.089844
1 0.748535 0.426270 0.015625 0.188477
1 0.712891 0.434082 0.033203 0.206055
1 0.735596 0.431152 0.026855 0.225586
1 0.759766 0.423340 0.031250 0.217773
0 0.523193 0.380859 0.022949 0.029297
0 0.530518 0.383789 0.011230 0.009766
0 0.504639 0.389160 0.011230 0.012695
0 0.518066 0.391602 0.010742 0.015625
0 0.490234 0.403320 0.017578 0.052734
0 0.507568 0.416504 0.018066 0.041992
0 0.460938 0.399902 0.052734 0.139648
0 0.564453 0.398926 0.042969 0.036133
0 0.549561 0.451660 0.092285 0.157227