1 0.483887 0.398926 0.007812 0.040039
1 0.489502 0.401367 0.004395 0.035156
1 0.496582 0.401367 0.003906 0.033203
1 0.493164 0.401367 0.005859 0.035156
1 0.501953 0.402344 0.005859 0.033203
1 0.529297 0.407227 0.008789 0.050781
1 0.533936 0.406738 0.008301 0.053711
1 0.545654 0.387207 0.004395 0.016602
1 0.550049 0.403809 0.007324 0.055664
1 0.542480 0.407227 0.010742 0.056641
1 0.562988 0.405273 0.010742 0.064453
1 0.555908 0.407715 0.011230 0.059570
1 0.575928 0.404297 0.011230 0.066406
1 0.649658 0.408203 0.019043 0.115234
1 0.675049 0.412598 0.018066 0.104492
1 0.701416 0.409668 0.021973 0.108398
1 0.860840 0.423828 0.043945 0.175781
1 0.899170 0.406250 0.040527 0.207031
1 0.350098 0.400879 0.002930 0.018555
1 0.353760 0.400391 0.004395 0.019531
1 0.321533 0.404785 0.008301 0.030273
1 0.313232 0.403320 0.006348 0.031250
1 0.263428 0.415039 0.008301 0.050781
1 0.244873 0.393555 0.004395 0.015625
1 0.247314 0.415039 0.008301 0.052734
1 0.239014 0.413574 0.011230 0.055664
1 0.255615 0.411621 0.014160 0.061523
1 0.199219 0.417969 0.017578 0.078125
1 0.178955 0.416992 0.016113 0.076172
0 0.391113 0.404785 0.004883 0.004883
0 0.389893 0.400879 0.006348 0.012695
0 0.369385 0.396973 0.001465 0.008789
0 0.419189 0.397949 0.010254 0.014648
0 0.456055 0.397949 0.010742 0.012695
0 0.070557 0.461914 0.130371 0.171875
0 0.010254 0.501953 0.014648 0.177734
0 0.408691 0.400391 0.007812 0.013672
0 0.399414 0.401367 0.011719 0.015625