0 0.491455 0.385742 0.013184 0.007812
0 0.697998 0.392578 0.061035 0.035156
0 0.594482 0.430664 0.119629 0.132812
0 0.180908 0.402832 0.019043 0.034180
0 0.156250 0.406738 0.041992 0.049805
0 0.278076 0.397949 0.019043 0.018555
0 0.239502 0.425781 0.068848 0.082031
0 0.341064 0.388184 0.011230 0.016602
0 0.358887 0.390625 0.011719 0.017578
0 0.392334 0.386230 0.007324 0.010742
0 0.458252 0.391113 0.013184 0.024414
0 0.450684 0.392090 0.012695 0.024414
0 0.444092 0.397461 0.016113 0.025391
0 0.417725 0.396484 0.016113 0.025391
0 0.435059 0.384766 0.007812 0.009766