1 0.274658 0.418945 0.006348 0.056641
1 0.652588 0.399902 0.009277 0.043945
1 0.148438 0.433594 0.023438 0.144531
1 0.092529 0.407227 0.013184 0.023438
1 0.078125 0.400879 0.017578 0.061523
1 0.113770 0.387695 0.017578 0.058594
1 0.020264 0.416504 0.013184 0.030273
1 0.035645 0.424316 0.017578 0.061523
1 0.244873 0.416504 0.005371 0.034180
1 0.284180 0.395020 0.006836 0.018555
1 0.289795 0.396484 0.005371 0.015625
1 0.294434 0.392578 0.009766 0.023438
1 0.351807 0.404785 0.004395 0.010742
1 0.347900 0.405762 0.004395 0.014648
1 0.343994 0.407715 0.004395 0.012695
1 0.453125 0.415039 0.006836 0.027344
1 0.468506 0.434082 0.019043 0.036133
1 0.479004 0.417480 0.005859 0.020508
1 0.505371 0.407227 0.005859 0.027344
1 0.501465 0.408203 0.005859 0.029297
1 0.494141 0.408691 0.002930 0.034180
1 0.491211 0.408203 0.005859 0.039062
1 0.497070 0.409668 0.004883 0.032227
1 0.488770 0.409180 0.014648 0.085938
1 0.538330 0.396973 0.007324 0.016602
1 0.533447 0.403320 0.005371 0.029297
1 0.572021 0.391113 0.006348 0.020508
1 0.607666 0.387695 0.008301 0.015625
1 0.623291 0.388672 0.005371 0.009766
1 0.640625 0.388672 0.006836 0.017578
1 0.640869 0.406738 0.008301 0.030273
1 0.659912 0.399414 0.009277 0.039062
1 0.666992 0.382324 0.004883 0.014648
1 0.424072 0.414551 0.007324 0.032227
0 0.783936 0.475586 0.179199 0.250000
0 0.908447 0.517090 0.178223 0.407227
0 0.309814 0.417969 0.009277 0.027344
0 0.325684 0.412109 0.031250 0.042969
0 0.346191 0.418945 0.017578 0.023438
0 0.402832 0.414551 0.040039 0.032227
0 0.444824 0.414551 0.035156 0.026367
0 0.582520 0.416016 0.037109 0.041016
0 0.612305 0.414551 0.046875 0.047852
0 0.368408 0.415527 0.029785 0.040039