1 0.282959 0.414551 0.007324 0.049805
1 0.019531 0.419434 0.023438 0.090820
1 0.349854 0.412598 0.012207 0.083008
1 0.336914 0.410645 0.024414 0.086914
0 0.925049 0.386230 0.048340 0.034180
0 0.888672 0.384766 0.022461 0.035156
0 0.958008 0.368652 0.019531 0.061523
0 0.851318 0.373535 0.064941 0.073242
0 0.160156 0.423828 0.012695 0.027344
0 0.177734 0.423828 0.032227 0.033203
0 0.197510 0.420410 0.010254 0.038086
0 0.261719 0.419922 0.021484 0.031250
0 0.289307 0.412109 0.037598 0.037109
0 0.356934 0.412109 0.048828 0.058594
0 0.586914 0.412598 0.073242 0.118164