1 0.559082 0.350098 0.006836 0.016602
1 0.548584 0.357422 0.007324 0.031250
1 0.539307 0.358887 0.011230 0.034180
1 0.834229 0.324219 0.017090 0.023438
1 0.939697 0.354004 0.063965 0.194336
1 0.499023 0.360840 0.007812 0.032227
1 0.456055 0.370117 0.005859 0.033203
1 0.341553 0.401367 0.013184 0.093750
1 0.226074 0.361328 0.008789 0.019531
1 0.188721 0.389648 0.028809 0.085938
1 0.023193 0.358887 0.034668 0.079102
0 0.363525 0.392578 0.035645 0.033203
0 0.641846 0.405273 0.042480 0.105469
0 0.559814 0.375977 0.022949 0.035156
0 0.594971 0.433105 0.078613 0.149414
0 0.738525 0.373535 0.175293 0.327148
0 0.982666 0.688965 0.029785 0.307617
0 0.834473 0.475098 0.245117 0.282227
0 0.274902 0.420410 0.133789 0.172852
0 0.038818 0.510254 0.071777 0.241211