1 0.342041 0.371094 0.019043 0.023438
1 0.614014 0.374512 0.011230 0.018555
1 0.696289 0.382812 0.013672 0.056641
1 0.685791 0.362793 0.014160 0.034180
1 0.709717 0.407715 0.016113 0.104492
1 0.723633 0.409180 0.025391 0.119141
0 0.157227 0.497559 0.235352 0.295898
0 0.428223 0.390137 0.066406 0.104492
0 0.432373 0.417480 0.019043 0.063477
0 0.427490 0.422852 0.018066 0.068359
0 0.409912 0.426758 0.035645 0.076172
0 0.384766 0.437500 0.039062 0.099609
0 0.333008 0.450684 0.091797 0.141602
0 0.885742 0.535645 0.223633 0.401367
0 0.937500 0.628418 0.120117 0.436523
0 0.569824 0.400391 0.042969 0.076172
0 0.573486 0.411133 0.037598 0.068359
0 0.580566 0.416016 0.032227 0.068359
0 0.580078 0.421387 0.020508 0.075195
0 0.589111 0.430664 0.032715 0.095703
0 0.606201 0.437500 0.035645 0.109375
0 0.655518 0.441895 0.105957 0.145508