1 0.275391 0.466797 0.029297 0.201172
1 0.286377 0.418945 0.008301 0.013672
1 0.295410 0.418945 0.007812 0.013672
1 0.637207 0.443359 0.013672 0.062500
1 0.651123 0.420898 0.008301 0.021484
1 0.643799 0.445312 0.022949 0.062500
1 0.681885 0.493652 0.031738 0.129883
1 0.734131 0.519531 0.006348 0.033203
1 0.708496 0.452637 0.028320 0.258789
1 0.728027 0.465332 0.047852 0.274414
1 0.837646 0.490234 0.048340 0.314453
1 0.914551 0.465332 0.034180 0.313477
1 0.914795 0.497070 0.037598 0.322266
1 0.769043 0.482422 0.061523 0.351562
1 0.677490 0.459961 0.046387 0.263672
1 0.792236 0.481934 0.073730 0.399414
1 0.866455 0.501953 0.092285 0.382812
1 0.951904 0.494141 0.070801 0.376953
0 0.424805 0.435547 0.007812 0.046875
0 0.444580 0.417480 0.039551 0.051758
0 0.403564 0.431641 0.025879 0.048828
0 0.406494 0.440430 0.023926 0.033203
0 0.446045 0.447266 0.041504 0.085938
0 0.451172 0.458496 0.021484 0.081055
0 0.484131 0.414551 0.046387 0.020508
0 0.477783 0.477051 0.061035 0.133789
0 0.355225 0.434082 0.016113 0.030273
0 0.352295 0.435059 0.014160 0.030273
0 0.352783 0.437500 0.007324 0.025391
0 0.349609 0.437988 0.007812 0.028320
0 0.343506 0.439453 0.013184 0.031250
0 0.336670 0.440430 0.018066 0.033203
0 0.319336 0.445312 0.026367 0.054688
0 0.307373 0.450684 0.025879 0.053711
0 0.295166 0.453613 0.028809 0.055664
0 0.292969 0.458496 0.024414 0.059570
0 0.284912 0.463379 0.014160 0.063477
0 0.991699 0.580566 0.011719 0.086914