1 0.470703 0.454102 0.007812 0.027344
1 0.039062 0.451660 0.012695 0.020508
1 0.532715 0.473633 0.019531 0.109375
1 0.494385 0.451660 0.020996 0.077148
1 0.446045 0.457520 0.014160 0.043945
1 0.478760 0.464355 0.018066 0.073242
1 0.420898 0.467285 0.013672 0.079102
1 0.297119 0.471191 0.029785 0.112305
1 0.148438 0.462891 0.024414 0.101562
1 0.049316 0.453613 0.009766 0.026367
1 0.028809 0.438965 0.033203 0.065430
1 0.010742 0.444824 0.015625 0.102539
0 0.676758 0.470703 0.011719 0.017578
0 0.671875 0.480957 0.022461 0.032227
0 0.693604 0.475098 0.020996 0.036133
0 0.769531 0.472656 0.022461 0.037109
0 0.842773 0.426270 0.017578 0.032227
0 0.798340 0.451660 0.039062 0.079102
0 0.849365 0.468750 0.020996 0.052734
0 0.815430 0.471191 0.060547 0.084961
0 0.645508 0.482910 0.033203 0.051758
0 0.552979 0.446777 0.107910 0.108398
0 0.540527 0.473633 0.062500 0.058594
0 0.600830 0.485840 0.074707 0.061523
0 0.713867 0.473633 0.025391 0.044922
0 0.017822 0.624023 0.029785 0.257812