1 0.023926 0.397949 0.016602 0.049805
1 0.049316 0.382812 0.011719 0.019531
1 0.161377 0.403320 0.008301 0.033203
1 0.378662 0.398926 0.016113 0.069336
1 0.418213 0.396484 0.007324 0.046875
1 0.427979 0.405273 0.009277 0.033203
1 0.543945 0.380371 0.007812 0.045898
1 0.621826 0.372070 0.006348 0.041016
1 0.628174 0.371094 0.006348 0.044922
1 0.637207 0.361816 0.008789 0.028320
1 0.673584 0.370605 0.008301 0.043945
1 0.685059 0.357910 0.003906 0.016602
1 0.691895 0.354492 0.006836 0.013672
0 0.189941 0.439941 0.083984 0.131836
0 0.077393 0.458496 0.148926 0.155273
0 0.352051 0.382812 0.028320 0.044922
0 0.266602 0.471680 0.218750 0.230469
0 0.454102 0.396484 0.049805 0.056641
0 0.525635 0.379395 0.050293 0.043945
0 0.700928 0.383789 0.052246 0.056641
0 0.749512 0.360840 0.051758 0.124023
0 0.495361 0.414062 0.083496 0.097656