1 0.567871 0.388184 0.007812 0.032227
1 0.656982 0.365234 0.011230 0.029297
1 0.483154 0.385254 0.014160 0.063477
1 0.429932 0.356445 0.007324 0.015625
1 0.384521 0.370605 0.008301 0.034180
1 0.391846 0.364258 0.009277 0.052734
1 0.364502 0.351074 0.005371 0.016602
1 0.357178 0.348145 0.012207 0.020508
1 0.294434 0.336914 0.016602 0.025391
1 0.272217 0.329102 0.018066 0.029297
1 0.228760 0.336426 0.004395 0.034180
1 0.235352 0.332031 0.013672 0.035156
1 0.218750 0.346191 0.015625 0.063477
1 0.206055 0.337402 0.013672 0.063477
1 0.178223 0.329102 0.012695 0.029297
1 0.197266 0.336426 0.027344 0.061523
1 0.093506 0.305176 0.039551 0.069336
1 0.025146 0.300781 0.032715 0.058594
1 0.779297 0.336914 0.016602 0.037109
1 0.792480 0.343262 0.013672 0.026367
1 0.807861 0.344238 0.022949 0.040039
1 0.832031 0.350098 0.017578 0.041992
0 0.532959 0.386719 0.014160 0.035156
0 0.526855 0.391602 0.011719 0.029297
0 0.644287 0.383301 0.024902 0.053711
0 0.506348 0.382812 0.033203 0.062500
0 0.472412 0.387207 0.024902 0.055664
0 0.468750 0.393555 0.020508 0.052734
0 0.440430 0.390137 0.045898 0.061523
0 0.357178 0.409668 0.057129 0.112305
0 0.329590 0.416504 0.049805 0.129883
0 0.264404 0.429199 0.117676 0.178711
0 0.156494 0.436523 0.142090 0.207031
0 0.013916 0.316895 0.021973 0.020508
0 0.101318 0.614258 0.196777 0.576172
0 0.608643 0.414062 0.092285 0.146484
0 0.677490 0.407227 0.043457 0.128906
0 0.726562 0.414062 0.099609 0.162109
0 0.764404 0.443359 0.122559 0.177734
0 0.892334 0.492188 0.210449 0.435547