1 0.439697 0.386230 0.006348 0.010742
1 0.496338 0.390137 0.003418 0.018555
1 0.498047 0.389648 0.003906 0.019531
1 0.527588 0.393066 0.010254 0.032227
1 0.609619 0.371094 0.004395 0.009766
1 0.633057 0.389648 0.008301 0.029297
1 0.563477 0.411133 0.010742 0.076172
1 0.586182 0.413086 0.015137 0.072266
1 0.668213 0.385742 0.007324 0.033203
1 0.760986 0.400879 0.024902 0.083008
1 0.867920 0.422852 0.041504 0.169922
1 0.817383 0.417480 0.036133 0.192383
1 0.214355 0.390137 0.011719 0.030273
1 0.226807 0.386719 0.015137 0.029297
0 0.458496 0.389648 0.010742 0.011719
0 0.447998 0.389160 0.010254 0.006836
0 0.468994 0.390625 0.017090 0.027344
0 0.490479 0.393555 0.012207 0.025391
0 0.479004 0.396484 0.019531 0.031250
0 0.510498 0.392578 0.009277 0.017578
0 0.520752 0.392090 0.012207 0.024414
0 0.552002 0.394043 0.008301 0.020508
0 0.556885 0.395996 0.005371 0.026367
0 0.600586 0.414551 0.070312 0.079102
0 0.708252 0.447266 0.123535 0.160156
0 0.431641 0.413086 0.010742 0.044922
0 0.426270 0.413574 0.015625 0.045898
0 0.400879 0.409668 0.039062 0.073242
0 0.370117 0.418945 0.045898 0.082031
0 0.352051 0.429688 0.028320 0.072266
0 0.326172 0.437500 0.055664 0.091797
0 0.284180 0.446777 0.055664 0.102539
0 0.236328 0.458008 0.078125 0.117188
0 0.168457 0.476074 0.089844 0.149414
0 0.067627 0.470215 0.129395 0.260742