1 0.509521 0.357422 0.010254 0.013672
1 0.628906 0.420410 0.032227 0.176758
1 0.792236 0.352539 0.022949 0.082031
1 0.769775 0.371582 0.041504 0.104492
1 0.833008 0.316406 0.020508 0.042969
1 0.649902 0.408203 0.031250 0.224609
1 0.583252 0.414062 0.049316 0.199219
1 0.530273 0.423828 0.049805 0.199219
1 0.462402 0.378906 0.015625 0.054688
1 0.286377 0.424316 0.037598 0.188477
1 0.266113 0.420898 0.024414 0.175781
1 0.290771 0.428223 0.044434 0.190430
0 0.494385 0.370117 0.023926 0.027344
0 0.548340 0.366699 0.028320 0.026367
0 0.566162 0.361328 0.010254 0.015625
0 0.560547 0.378418 0.025391 0.034180
0 0.758545 0.377930 0.062988 0.068359
0 0.512207 0.390625 0.075195 0.052734
0 0.344727 0.373047 0.033203 0.039062
0 0.224121 0.387695 0.046875 0.015625
0 0.873047 0.485840 0.249023 0.391602
0 0.366699 0.397949 0.099609 0.061523