1 0.033203 0.414062 0.013672 0.021484
1 0.024902 0.418457 0.009766 0.016602
1 0.144775 0.423828 0.005371 0.037109
1 0.770508 0.339844 0.024414 0.064453
1 0.728760 0.486816 0.063965 0.299805
1 0.627441 0.472168 0.041992 0.325195
1 0.653076 0.466309 0.054199 0.383789
1 0.137451 0.424805 0.005371 0.037109
0 0.210938 0.439453 0.132812 0.269531
0 0.333740 0.437988 0.031738 0.075195
0 0.370117 0.426758 0.059570 0.107422
0 0.497070 0.448242 0.118164 0.142578
0 0.692871 0.424316 0.262695 0.381836
0 0.855713 0.511230 0.283691 0.655273