1 0.753174 0.374512 0.004395 0.016602
1 0.539795 0.370117 0.007324 0.017578
1 0.526123 0.370117 0.009277 0.015625
1 0.494141 0.361816 0.009766 0.016602
1 0.474609 0.358398 0.007812 0.013672
1 0.341553 0.395020 0.016113 0.125977
1 0.356934 0.407227 0.024414 0.148438
1 0.308594 0.358398 0.019531 0.050781
1 0.294678 0.418945 0.027832 0.166016
1 0.267334 0.372559 0.026855 0.122070
1 0.228027 0.420898 0.029297 0.175781
1 0.212402 0.413574 0.043945 0.213867
1 0.224365 0.473633 0.020020 0.101562
1 0.629883 0.416504 0.034180 0.209961
1 0.761963 0.387695 0.025879 0.074219
1 0.935059 0.312012 0.029297 0.071289
0 0.646240 0.398438 0.007324 0.031250
0 0.610840 0.385742 0.003906 0.005859
0 0.608398 0.404297 0.015625 0.041016
0 0.731445 0.413086 0.030273 0.064453
0 0.685059 0.403320 0.074219 0.134766
0 0.590332 0.400391 0.025391 0.050781
0 0.563721 0.399902 0.035645 0.061523
0 0.559814 0.406738 0.022949 0.053711
0 0.539062 0.406738 0.031250 0.059570
0 0.520752 0.409180 0.022949 0.068359
0 0.501709 0.407715 0.024902 0.077148
0 0.487549 0.408203 0.023926 0.087891
0 0.463867 0.407227 0.027344 0.107422
0 0.408447 0.398926 0.093262 0.155273
0 0.051025 0.470215 0.096191 0.315430
0 0.930420 0.523926 0.134277 0.477539