1 0.713379 0.370605 0.022461 0.053711
1 0.747559 0.357422 0.028320 0.091797
1 0.816650 0.381348 0.026855 0.116211
1 0.787598 0.379395 0.028320 0.108398
1 0.013184 0.404297 0.016602 0.048828
1 0.187012 0.420898 0.014648 0.076172
1 0.178467 0.424316 0.020996 0.081055
1 0.196533 0.426758 0.020020 0.074219
1 0.295166 0.416016 0.013184 0.080078
1 0.283447 0.418457 0.019043 0.077148
1 0.352295 0.410645 0.013184 0.067383
1 0.372559 0.395508 0.008789 0.023438
1 0.381592 0.408203 0.010254 0.054688
1 0.472656 0.396973 0.006836 0.012695
1 0.442871 0.408203 0.006836 0.031250
1 0.403809 0.412598 0.013672 0.077148
1 0.431396 0.411133 0.017090 0.076172
1 0.925293 0.432129 0.078125 0.454102
0 0.617432 0.408691 0.010254 0.034180
0 0.629150 0.395508 0.019043 0.011719
0 0.629883 0.410156 0.018555 0.037109
0 0.590576 0.414551 0.054199 0.045898