1 0.757080 0.372559 0.005371 0.022461
1 0.791748 0.378906 0.011230 0.027344
1 0.762939 0.374023 0.006348 0.025391
1 0.776123 0.375977 0.005371 0.029297
1 0.769775 0.373047 0.009277 0.035156
1 0.823975 0.364258 0.021973 0.078125
1 0.864746 0.376465 0.016602 0.125977
1 0.854004 0.376465 0.017578 0.129883
1 0.842041 0.390137 0.027832 0.145508
1 0.881592 0.373535 0.031738 0.170898
0 0.705566 0.359375 0.032227 0.035156
0 0.432861 0.355957 0.002441 0.000977
0 0.439453 0.365234 0.015625 0.017578
0 0.397461 0.368652 0.037109 0.022461
0 0.516846 0.376953 0.015137 0.015625
0 0.510010 0.404785 0.030762 0.071289
0 0.485352 0.402832 0.063477 0.071289
0 0.350098 0.394531 0.020508 0.031250
0 0.308105 0.424805 0.077148 0.152344
0 0.196289 0.441406 0.199219 0.240234
0 0.089111 0.461914 0.101074 0.232422
0 0.066895 0.534668 0.127930 0.526367
0 0.673340 0.381348 0.016602 0.024414
0 0.664307 0.388672 0.014160 0.033203
0 0.676758 0.379883 0.012695 0.025391
0 0.657959 0.405762 0.013184 0.069336