1 0.596436 0.316406 0.003418 0.007812
1 0.560303 0.321777 0.001465 0.002930
1 0.585449 0.317871 0.002930 0.006836
1 0.564209 0.320312 0.002441 0.003906
1 0.587402 0.317383 0.002930 0.007812
1 0.605469 0.314453 0.001953 0.007812
1 0.609131 0.314941 0.002441 0.008789
1 0.592285 0.317383 0.001953 0.009766
1 0.593994 0.317871 0.002441 0.010742
1 0.824219 0.347656 0.008789 0.060547
1 0.815430 0.346680 0.011719 0.064453
0 0.629395 0.337402 0.003906 0.008789
0 0.631836 0.348145 0.008789 0.020508
0 0.609375 0.339355 0.009766 0.020508
0 0.615479 0.332031 0.004395 0.003906
0 0.593262 0.341797 0.011719 0.017578
0 0.591309 0.344727 0.008789 0.017578
0 0.586426 0.351562 0.007812 0.011719
0 0.592041 0.355957 0.004395 0.006836
0 0.597168 0.354980 0.006836 0.008789
0 0.588379 0.367676 0.010742 0.022461
0 0.591309 0.374023 0.012695 0.029297
0 0.622803 0.360352 0.028809 0.056641
0 0.560303 0.350586 0.006348 0.011719
0 0.946777 0.404297 0.101562 0.123047
0 0.768799 0.375000 0.004395 0.019531