1 0.620605 0.436035 0.005859 0.036133
1 0.647705 0.428711 0.010254 0.068359
1 0.635254 0.437500 0.007812 0.033203
1 0.709473 0.376465 0.013672 0.014648
1 0.847412 0.431641 0.019043 0.117188
1 0.951416 0.435059 0.031738 0.129883
1 0.825195 0.474609 0.077148 0.408203
1 0.791260 0.495605 0.106934 0.405273
1 0.022705 0.453125 0.010254 0.076172
1 0.101562 0.449707 0.006836 0.069336
1 0.166260 0.442871 0.015137 0.071289
1 0.155273 0.448242 0.013672 0.080078
1 0.145752 0.446289 0.010254 0.085938
1 0.277588 0.449707 0.011230 0.040039
1 0.261963 0.439941 0.007324 0.063477
1 0.267334 0.441895 0.013184 0.075195
1 0.318359 0.418945 0.009766 0.027344
1 0.310303 0.420898 0.009277 0.023438
1 0.301270 0.432617 0.010742 0.048828
1 0.291748 0.438477 0.012207 0.062500
1 0.432129 0.441895 0.019531 0.092773
1 0.417480 0.441406 0.013672 0.076172
1 0.454102 0.463867 0.009766 0.044922
1 0.475342 0.470703 0.064941 0.347656
1 0.385254 0.465332 0.075195 0.397461
1 0.685059 0.536621 0.081055 0.227539
1 0.674316 0.462891 0.065430 0.431641
1 0.502197 0.506836 0.120605 0.507812
1 0.201660 0.441895 0.009766 0.094727
1 0.183594 0.442383 0.022461 0.083984
1 0.234375 0.454102 0.062500 0.347656
1 0.283936 0.457031 0.011230 0.025391
0 0.628418 0.447754 0.012695 0.010742
0 0.735596 0.455078 0.091309 0.154297