1 0.270508 0.389648 0.005859 0.021484
1 0.259521 0.394043 0.005371 0.036133
1 0.265137 0.394043 0.008789 0.036133
1 0.644043 0.415039 0.007812 0.042969
1 0.628662 0.405762 0.009277 0.067383
1 0.621094 0.402344 0.009766 0.074219
1 0.667725 0.410645 0.009277 0.055664
1 0.674316 0.409668 0.013672 0.059570
1 0.752930 0.401855 0.015625 0.116211
1 0.740723 0.375000 0.017578 0.066406
1 0.785645 0.405762 0.019531 0.112305
1 0.811279 0.411133 0.017090 0.132812
1 0.799805 0.409668 0.024414 0.151367
1 0.833740 0.409180 0.023926 0.130859
1 0.852295 0.411621 0.019043 0.129883
1 0.838623 0.407715 0.023926 0.139648
0 0.122314 0.381348 0.019043 0.022461
0 0.169189 0.392578 0.016113 0.027344
0 0.088135 0.400391 0.069824 0.054688
0 0.211914 0.412598 0.075195 0.106445
0 0.417480 0.377930 0.009766 0.013672
0 0.400146 0.416504 0.034668 0.088867
0 0.524902 0.346680 0.069336 0.021484
0 0.332031 0.414062 0.124023 0.193359
0 0.692383 0.413086 0.041992 0.050781
0 0.493408 0.522461 0.245605 0.349609