1 0.084961 0.327148 0.053711 0.130859
1 0.135254 0.364258 0.041992 0.138672
1 0.793701 0.083008 0.014160 0.050781
1 0.809570 0.068359 0.025391 0.070312
1 0.824219 0.049805 0.008789 0.052734
1 0.792236 0.485352 0.125488 0.404297
1 0.758057 0.499512 0.111816 0.483398
1 0.502686 0.265625 0.004395 0.011719
1 0.521240 0.269043 0.005371 0.014648
1 0.531738 0.269043 0.005859 0.014648
1 0.549561 0.274902 0.003418 0.004883
1 0.472412 0.372070 0.060059 0.212891
1 0.498047 0.484375 0.071289 0.382812
1 0.444580 0.410645 0.066895 0.323242
1 0.272461 0.467773 0.075195 0.378906
1 0.382324 0.448242 0.036133 0.294922
1 0.266113 0.482422 0.083984 0.402344
1 0.593994 0.524414 0.068848 0.263672
1 0.562500 0.472656 0.125000 0.611328
1 0.338623 0.478027 0.086426 0.559570
1 0.175049 0.289551 0.007324 0.022461