1 0.583252 0.392090 0.002441 0.032227
1 0.619385 0.394043 0.009277 0.041992
1 0.766357 0.404297 0.010254 0.031250
1 0.769043 0.413086 0.023438 0.058594
1 0.875732 0.426270 0.035645 0.155273
1 0.205811 0.375977 0.006348 0.035156
1 0.210205 0.379395 0.007324 0.034180
1 0.220947 0.366699 0.003418 0.010742
1 0.217529 0.374023 0.008301 0.017578
1 0.181152 0.376465 0.007812 0.032227
1 0.245850 0.379395 0.006348 0.028320
1 0.201416 0.375488 0.003418 0.030273
1 0.192871 0.384277 0.001953 0.030273
1 0.386230 0.387207 0.002930 0.018555
1 0.389648 0.383789 0.004883 0.025391
0 0.477051 0.382812 0.014648 0.007812
0 0.469727 0.390137 0.007812 0.020508
0 0.453369 0.390625 0.032715 0.060547
0 0.507568 0.395996 0.025879 0.038086
0 0.490723 0.434570 0.068359 0.097656
0 0.394531 0.385742 0.006836 0.013672
0 0.327148 0.414551 0.061523 0.077148
0 0.057129 0.537109 0.108398 0.416016