1 0.988037 0.418457 0.019043 0.235352
1 0.190430 0.243652 0.008789 0.008789
1 0.909180 0.430176 0.018555 0.206055
1 0.950439 0.427734 0.020020 0.207031
1 0.192627 0.245117 0.003418 0.005859
1 0.270020 0.321777 0.005859 0.016602
1 0.036133 0.368652 0.003906 0.006836
1 0.040283 0.395996 0.005371 0.047852
1 0.047363 0.372559 0.008789 0.014648
1 0.063965 0.376465 0.010742 0.032227
1 0.028320 0.393066 0.018555 0.069336
1 0.159668 0.385742 0.005859 0.048828
1 0.155273 0.386230 0.008789 0.061523
1 0.150146 0.386230 0.012207 0.067383
1 0.089111 0.391113 0.014160 0.057617
1 0.101318 0.382324 0.014160 0.041992
1 0.114502 0.384766 0.014160 0.070312
1 0.126221 0.388184 0.015137 0.063477
1 0.166992 0.379883 0.012695 0.083984
1 0.219727 0.395508 0.009766 0.060547
1 0.210938 0.394043 0.012695 0.063477
1 0.197510 0.384277 0.016113 0.084961
1 0.260986 0.385254 0.016113 0.090820
1 0.246338 0.393555 0.017090 0.076172
1 0.486816 0.378906 0.015625 0.089844
1 0.508301 0.355469 0.003906 0.013672
1 0.473877 0.404297 0.022949 0.119141
1 0.513184 0.399414 0.018555 0.117188
1 0.530273 0.394043 0.015625 0.125977
1 0.546143 0.396484 0.017090 0.123047
1 0.534424 0.405273 0.021973 0.119141
1 0.565674 0.397461 0.021973 0.134766
1 0.587891 0.401367 0.026367 0.128906
1 0.627686 0.413574 0.022949 0.133789
1 0.609863 0.404297 0.030273 0.162109
1 0.669189 0.410156 0.019043 0.160156
1 0.646729 0.412109 0.031738 0.158203
1 0.705322 0.405273 0.031738 0.181641
1 0.682373 0.411133 0.026855 0.171875
1 0.782471 0.418945 0.023926 0.179688
1 0.739746 0.417480 0.032227 0.184570
1 0.765137 0.434082 0.026367 0.153320
0 0.788818 0.413086 0.113770 0.136719