1 0.505615 0.367188 0.005371 0.009766
1 0.652344 0.367676 0.002930 0.028320
1 0.655518 0.372070 0.004395 0.019531
1 0.638916 0.396484 0.025879 0.123047
1 0.524414 0.401367 0.021484 0.132812
1 0.539307 0.446289 0.028809 0.052734
1 0.548096 0.398926 0.040527 0.168945
1 0.586914 0.401367 0.024414 0.138672
1 0.575928 0.395508 0.040527 0.162109
1 0.559570 0.398926 0.041992 0.170898
1 0.414795 0.397949 0.022949 0.131836
1 0.424316 0.403809 0.019531 0.122070
1 0.446533 0.426758 0.014160 0.099609
1 0.435547 0.400879 0.041016 0.157227
1 0.387695 0.393555 0.006836 0.107422
1 0.315430 0.369141 0.005859 0.068359
1 0.063965 0.395020 0.010742 0.051758
1 0.217041 0.412109 0.026855 0.142578
1 0.220459 0.418457 0.030762 0.129883
1 0.104248 0.417480 0.029785 0.137695
1 0.024170 0.422852 0.042480 0.148438
1 0.667725 0.399902 0.026855 0.157227
1 0.486816 0.405273 0.040039 0.156250
0 0.143311 0.397949 0.035645 0.034180
0 0.503174 0.384277 0.012207 0.024414
0 0.521240 0.366699 0.010254 0.008789
0 0.514160 0.394043 0.025391 0.047852
0 0.600586 0.392578 0.012695 0.044922
0 0.788574 0.365234 0.009766 0.017578
0 0.840332 0.404297 0.106445 0.195312
0 0.928955 0.403320 0.137207 0.289062
0 0.614746 0.381836 0.015625 0.019531
0 0.601807 0.388184 0.016113 0.040039
0 0.397949 0.385742 0.011719 0.021484
0 0.731689 0.423828 0.131348 0.205078