1 0.207520 0.368652 0.011719 0.049805
1 0.263184 0.396484 0.008789 0.082031
1 0.270020 0.381348 0.009766 0.043945
1 0.556396 0.417969 0.017090 0.074219
1 0.672852 0.405762 0.017578 0.071289
1 0.990967 0.300781 0.013184 0.031250
1 0.255371 0.398438 0.014648 0.078125
1 0.287842 0.417480 0.024902 0.125977
0 0.406494 0.419434 0.018066 0.057617
0 0.396729 0.419922 0.017090 0.062500
0 0.386230 0.420898 0.021484 0.070312
0 0.358154 0.416992 0.046387 0.091797
0 0.454102 0.419434 0.041992 0.059570
0 0.479004 0.410645 0.008789 0.026367
0 0.484375 0.410645 0.011719 0.028320
0 0.507568 0.413086 0.019043 0.033203
0 0.518066 0.413574 0.013672 0.036133
0 0.527344 0.414062 0.016602 0.044922
0 0.536133 0.414062 0.019531 0.044922
0 0.544922 0.416016 0.013672 0.048828
0 0.555420 0.412109 0.018066 0.070312
0 0.065430 0.465332 0.125000 0.237305
0 0.589355 0.409180 0.051758 0.101562
0 0.754639 0.464355 0.127441 0.219727
0 0.877441 0.485352 0.240234 0.347656
0 0.950195 0.590332 0.094727 0.323242