1 0.746826 0.373535 0.009277 0.024414
1 0.948486 0.389648 0.010254 0.089844
1 0.968262 0.373047 0.021484 0.044922
1 0.085938 0.395508 0.006836 0.029297
0 0.751221 0.394043 0.020996 0.026367
0 0.570312 0.387207 0.013672 0.014648
0 0.577148 0.404785 0.019531 0.047852
0 0.699219 0.410645 0.067383 0.124023
0 0.966797 0.359863 0.043945 0.024414
0 0.975098 0.392578 0.044922 0.068359
0 0.848633 0.416992 0.195312 0.234375
0 0.481934 0.387695 0.009766 0.015625
0 0.491211 0.386719 0.009766 0.013672
0 0.505371 0.395020 0.019531 0.040039
0 0.510498 0.401367 0.016113 0.046875
0 0.519775 0.404297 0.022949 0.052734
0 0.522949 0.409668 0.013672 0.053711
0 0.545898 0.407715 0.046875 0.077148
0 0.625244 0.430176 0.104980 0.172852
0 0.020020 0.400391 0.034180 0.035156
0 0.062500 0.398926 0.053711 0.043945
0 0.125244 0.411133 0.048340 0.050781
0 0.179688 0.408691 0.042969 0.073242