1 0.541504 0.386230 0.011719 0.024414
1 0.630371 0.401855 0.013672 0.059570
1 0.558350 0.387695 0.006348 0.019531
1 0.550781 0.386719 0.008789 0.021484
1 0.564453 0.388672 0.008789 0.017578
1 0.555420 0.389160 0.011230 0.016602
1 0.596680 0.407715 0.010742 0.063477
1 0.658936 0.398926 0.010254 0.079102
1 0.689697 0.400879 0.017090 0.077148
1 0.672607 0.390137 0.025879 0.094727
1 0.646484 0.393555 0.019531 0.078125
1 0.729492 0.403320 0.013672 0.136719
1 0.710938 0.396973 0.034180 0.114258
1 0.830078 0.390625 0.024414 0.101562
1 0.806641 0.388672 0.030273 0.103516
1 0.772949 0.403320 0.031250 0.183594
1 0.945557 0.354980 0.025879 0.069336
1 0.948975 0.402344 0.021973 0.080078
1 0.989990 0.366699 0.011230 0.022461
0 0.334229 0.414551 0.006348 0.018555
0 0.370117 0.426758 0.025391 0.046875
0 0.354980 0.436523 0.040039 0.058594
0 0.421631 0.426758 0.018066 0.050781
0 0.428955 0.428711 0.017090 0.050781
0 0.440918 0.430176 0.026367 0.057617
0 0.445801 0.434570 0.014648 0.058594
0 0.471191 0.426270 0.048828 0.090820
0 0.476807 0.438477 0.026855 0.078125
0 0.511230 0.436523 0.059570 0.107422
0 0.556396 0.451660 0.086426 0.110352
0 0.322266 0.428711 0.025391 0.046875