1 0.687256 0.394043 0.004395 0.018555
1 0.630615 0.391113 0.006348 0.026367
1 0.626465 0.392578 0.002930 0.021484
1 0.097656 0.425293 0.003906 0.032227
1 0.948975 0.353027 0.005371 0.014648
1 0.006836 0.431641 0.007812 0.037109
0 0.689941 0.396973 0.014648 0.012695
0 0.417236 0.377441 0.030762 0.041992
0 0.396484 0.433594 0.054688 0.160156
0 0.154053 0.416992 0.012207 0.027344
0 0.158936 0.418945 0.004395 0.021484
0 0.165283 0.427734 0.013184 0.042969
0 0.177490 0.427246 0.022949 0.045898
0 0.185303 0.430664 0.020996 0.046875
0 0.106689 0.426270 0.009277 0.024414
0 0.289551 0.417969 0.193359 0.306641
0 0.079346 0.428223 0.005371 0.016602
0 0.516357 0.322754 0.095215 0.022461
0 0.521973 0.532715 0.289062 0.405273
0 0.730957 0.366211 0.020508 0.031250
0 0.708984 0.394043 0.023438 0.040039
0 0.850342 0.386230 0.009277 0.028320
0 0.835693 0.389648 0.028809 0.054688
0 0.782471 0.345703 0.020996 0.007812
0 0.770508 0.431152 0.145508 0.165039
0 0.916016 0.424805 0.132812 0.132812