1 0.119873 0.389160 0.005371 0.020508
1 0.044678 0.389648 0.011230 0.015625
1 0.524902 0.380859 0.013672 0.023438
1 0.504883 0.375000 0.007812 0.013672
1 0.555908 0.371094 0.016113 0.017578
1 0.610352 0.411133 0.004883 0.019531
1 0.585205 0.383789 0.016113 0.039062
1 0.603271 0.381836 0.016113 0.044922
1 0.617676 0.403320 0.020508 0.078125
1 0.712891 0.405273 0.007812 0.109375
1 0.674072 0.365723 0.002441 0.006836
1 0.649414 0.400391 0.015625 0.093750
1 0.661865 0.412598 0.011230 0.141602
1 0.707764 0.383301 0.013184 0.061523
1 0.699219 0.360840 0.007812 0.010742
1 0.721924 0.402832 0.022949 0.149414
1 0.680176 0.362793 0.009766 0.010742
1 0.741943 0.401367 0.020020 0.126953
1 0.775391 0.385254 0.023438 0.145508
1 0.763184 0.394531 0.035156 0.216797
1 0.800781 0.409180 0.016602 0.144531
1 0.805176 0.407715 0.040039 0.151367
1 0.806641 0.411621 0.038086 0.174805
1 0.971924 0.418945 0.051270 0.238281
0 0.381836 0.417480 0.034180 0.075195
0 0.339600 0.416504 0.037598 0.053711
0 0.205811 0.404785 0.033691 0.067383
0 0.169678 0.416504 0.024902 0.063477
0 0.561035 0.424316 0.086914 0.088867
0 0.509766 0.434082 0.041992 0.110352
0 0.447754 0.427734 0.112305 0.175781