1 0.492188 0.405762 0.004883 0.022461
1 0.467285 0.402832 0.004883 0.010742
1 0.091553 0.381836 0.019043 0.041016
1 0.353516 0.435547 0.047852 0.162109
1 0.917969 0.414551 0.025391 0.170898
1 0.072021 0.382324 0.021973 0.053711
1 0.759033 0.344238 0.029785 0.270508
1 0.750244 0.455566 0.057129 0.309570
1 0.963379 0.375977 0.023438 0.111328
1 0.849121 0.459961 0.065430 0.386719
0 0.536377 0.409180 0.009277 0.029297
0 0.550781 0.417480 0.013672 0.032227
0 0.582031 0.409668 0.049805 0.067383
0 0.576416 0.427734 0.021973 0.054688
0 0.591064 0.425781 0.029785 0.060547
0 0.598389 0.424805 0.014160 0.050781
0 0.599609 0.436035 0.011719 0.065430
0 0.477051 0.398438 0.016602 0.017578
0 0.460938 0.403809 0.007812 0.006836
0 0.449463 0.404297 0.016113 0.021484
0 0.434326 0.405273 0.020996 0.027344
0 0.410156 0.401855 0.049805 0.026367
0 0.422363 0.420410 0.030273 0.047852
0 0.372314 0.400879 0.043457 0.022461
0 0.368408 0.417969 0.035645 0.046875
0 0.475586 0.430664 0.035156 0.046875
0 0.510742 0.416504 0.038086 0.061523
0 0.238770 0.401367 0.205078 0.189453
0 0.733643 0.348145 0.285645 0.477539
0 0.040771 0.528809 0.075684 0.385742