1 0.484375 0.388672 0.008789 0.021484
1 0.449951 0.385742 0.007324 0.025391
1 0.423828 0.385254 0.006836 0.024414
1 0.402100 0.383301 0.009277 0.026367
1 0.395508 0.384277 0.006836 0.034180
1 0.409180 0.381836 0.011719 0.041016
1 0.826660 0.384277 0.020508 0.061523
1 0.132080 0.332520 0.014160 0.022461
1 0.872070 0.381348 0.012695 0.081055
1 0.851562 0.376953 0.021484 0.074219
0 0.545410 0.409668 0.012695 0.036133
0 0.541504 0.411621 0.008789 0.032227
0 0.532959 0.409668 0.015137 0.036133
0 0.522705 0.408203 0.009277 0.039062
0 0.514160 0.403809 0.014648 0.047852
0 0.378906 0.405273 0.022461 0.072266
0 0.315674 0.378906 0.070801 0.070312
0 0.342529 0.437500 0.013184 0.054688
0 0.288818 0.408691 0.109863 0.120117
0 0.283691 0.420410 0.082031 0.110352
0 0.197998 0.395508 0.119629 0.115234
0 0.098389 0.341797 0.094238 0.033203
0 0.052734 0.348145 0.099609 0.010742
0 0.160156 0.653320 0.314453 0.605469
0 0.679932 0.302734 0.274902 0.582031