1 0.588135 0.375000 0.014160 0.060547
1 0.606934 0.371094 0.009766 0.052734
1 0.619873 0.370605 0.010254 0.047852
1 0.652344 0.369629 0.027344 0.090820
1 0.682617 0.357910 0.014648 0.045898
1 0.705566 0.371094 0.026367 0.146484
1 0.733154 0.368164 0.033691 0.134766
1 0.456055 0.390137 0.008789 0.055664
1 0.448730 0.387207 0.009766 0.065430
1 0.428467 0.391113 0.011230 0.043945
1 0.417969 0.379883 0.010742 0.023438
1 0.390381 0.371094 0.005371 0.019531
1 0.395264 0.371582 0.005371 0.020508
1 0.400391 0.377441 0.011719 0.020508
1 0.383545 0.370605 0.004395 0.006836
1 0.207520 0.367676 0.020508 0.028320
0 0.547119 0.386719 0.034668 0.054688
0 0.513916 0.356445 0.041504 0.046875
0 0.496338 0.414551 0.091309 0.157227
0 0.380371 0.400391 0.095703 0.060547
0 0.329346 0.430176 0.055176 0.108398
0 0.291748 0.443359 0.082520 0.132812
0 0.213379 0.462891 0.143555 0.173828
0 0.094238 0.509277 0.182617 0.227539
0 0.023438 0.585449 0.041016 0.172852