1 0.515381 0.421387 0.011230 0.032227
1 0.457031 0.395020 0.003906 0.034180
1 0.479004 0.392090 0.017578 0.053711
1 0.494141 0.405762 0.014648 0.077148
1 0.883545 0.434082 0.056152 0.249023
1 0.651123 0.414062 0.029785 0.201172
1 0.683838 0.420410 0.025879 0.176758
1 0.726807 0.402344 0.042480 0.226562
1 0.704346 0.418457 0.051270 0.215820
0 0.382568 0.410156 0.007324 0.011719
0 0.392822 0.391113 0.007324 0.014648
0 0.393066 0.404785 0.013672 0.026367
0 0.395020 0.406250 0.005859 0.021484
0 0.398193 0.408203 0.005371 0.021484
0 0.410645 0.401367 0.024414 0.031250
0 0.417725 0.404297 0.035645 0.029297
0 0.582520 0.460449 0.134766 0.184570
0 0.366211 0.411621 0.002930 0.006836
0 0.373047 0.410645 0.011719 0.016602
0 0.362305 0.411133 0.004883 0.009766
0 0.356445 0.409668 0.006836 0.014648
0 0.343262 0.406738 0.024414 0.020508
0 0.344727 0.409668 0.011719 0.014648
0 0.322998 0.406738 0.012207 0.014648
0 0.316650 0.409180 0.017090 0.017578
0 0.312744 0.411621 0.017090 0.016602
0 0.298584 0.411621 0.025879 0.018555