1 0.680908 0.344727 0.013184 0.074219
1 0.691650 0.346680 0.014160 0.070312
1 0.396729 0.301270 0.025879 0.043945
1 0.512939 0.396973 0.042480 0.274414
0 0.700928 0.342773 0.032715 0.027344
0 0.725586 0.330566 0.017578 0.061523
0 0.737793 0.331543 0.015625 0.073242
0 0.807617 0.323730 0.134766 0.163086
0 0.819824 0.338379 0.085938 0.143555
0 0.901855 0.360840 0.171875 0.344727
0 0.644043 0.351562 0.020508 0.048828
0 0.631104 0.358887 0.022949 0.065430
0 0.602051 0.380371 0.058594 0.081055
0 0.579834 0.343750 0.083496 0.173828
0 0.522705 0.400879 0.084473 0.159180
0 0.437500 0.416992 0.150391 0.250000
0 0.199707 0.470703 0.393555 0.832031