1 0.589111 0.393066 0.006348 0.030273
1 0.597656 0.389160 0.006836 0.018555
1 0.441162 0.395996 0.011230 0.034180
1 0.422119 0.397461 0.006348 0.042969
1 0.413574 0.398438 0.004883 0.042969
1 0.407959 0.400391 0.007324 0.046875
1 0.403320 0.398926 0.007812 0.043945
0 0.549072 0.398438 0.007324 0.021484
0 0.557373 0.399902 0.016113 0.024414
0 0.606201 0.406738 0.023926 0.049805
0 0.632568 0.386719 0.045410 0.052734
0 0.665283 0.454102 0.133301 0.173828
0 0.513184 0.394043 0.010742 0.018555
0 0.495850 0.398926 0.008301 0.022461
0 0.492432 0.400391 0.012207 0.023438
0 0.478516 0.404297 0.017578 0.033203