1 0.555176 0.439453 0.058594 0.244141
1 0.538574 0.442383 0.067383 0.259766
0 0.499268 0.400391 0.027832 0.039062
0 0.507080 0.404785 0.011230 0.028320
0 0.504639 0.407227 0.008301 0.033203
0 0.501465 0.406250 0.009766 0.031250
0 0.496582 0.409668 0.014648 0.047852
0 0.495117 0.410645 0.007812 0.038086
0 0.491211 0.412109 0.011719 0.052734
0 0.441162 0.409668 0.096191 0.102539
0 0.429199 0.425781 0.050781 0.087891
0 0.423584 0.429688 0.047363 0.085938
0 0.253906 0.489746 0.235352 0.336914
0 0.141602 0.565918 0.277344 0.518555
0 0.590576 0.375488 0.055176 0.022461
0 0.577148 0.400391 0.026367 0.029297
0 0.582764 0.410156 0.028809 0.046875
0 0.595459 0.415527 0.022949 0.065430
0 0.605225 0.411133 0.022949 0.058594
0 0.617920 0.427734 0.034668 0.099609
0 0.673340 0.421875 0.077148 0.156250
0 0.683594 0.436035 0.070312 0.133789
0 0.732666 0.439453 0.088379 0.166016
0 0.882568 0.415039 0.229980 0.363281
0 0.943848 0.465332 0.107422 0.385742
0 0.959229 0.624512 0.076660 0.291992