1 0.804443 0.372070 0.009277 0.064453
1 0.795898 0.359375 0.015625 0.050781
1 0.774170 0.394531 0.009277 0.052734
1 0.830811 0.378418 0.007324 0.100586
1 0.203857 0.367188 0.006348 0.027344
1 0.084473 0.364746 0.005859 0.051758
1 0.080322 0.358887 0.013184 0.063477
1 0.185791 0.366699 0.008301 0.034180
1 0.097412 0.382324 0.017090 0.096680
1 0.115967 0.363770 0.011230 0.053711
1 0.175293 0.368652 0.011719 0.030273
1 0.046875 0.365234 0.021484 0.050781
1 0.008057 0.395020 0.010254 0.118164
1 0.312744 0.376465 0.007324 0.030273
1 0.485840 0.384766 0.008789 0.033203
1 0.477051 0.383301 0.007812 0.034180
1 0.456055 0.383789 0.008789 0.035156
1 0.468262 0.382324 0.007812 0.036133
1 0.462646 0.382324 0.006348 0.036133
1 0.629639 0.366699 0.006348 0.020508
1 0.641846 0.354004 0.005371 0.010742
1 0.639160 0.356445 0.005859 0.009766
1 0.664307 0.356934 0.004395 0.006836
1 0.752441 0.402832 0.010742 0.079102
1 0.761963 0.376465 0.009277 0.030273
1 0.852295 0.387695 0.023926 0.101562
1 0.331055 0.445801 0.054688 0.375977
1 0.444824 0.461426 0.090820 0.526367
0 0.495850 0.370117 0.019043 0.027344
0 0.298096 0.393066 0.017090 0.040039
0 0.282227 0.391113 0.020508 0.043945
0 0.281250 0.394531 0.020508 0.046875
0 0.278320 0.398926 0.015625 0.043945
0 0.247559 0.375000 0.047852 0.107422
0 0.452881 0.372559 0.013184 0.036133
0 0.485107 0.380859 0.010254 0.019531
0 0.471191 0.369141 0.019531 0.031250
0 0.494385 0.385742 0.009277 0.019531
0 0.531006 0.383789 0.018066 0.052734
0 0.547119 0.382324 0.034668 0.055664
0 0.607178 0.395508 0.046387 0.064453
0 0.648193 0.399902 0.049316 0.081055
0 0.705078 0.399902 0.090820 0.122070