1 0.048340 0.409668 0.010742 0.051758
1 0.787354 0.364258 0.010254 0.064453
1 0.783203 0.362793 0.016602 0.075195
1 0.748535 0.368164 0.005859 0.054688
1 0.767822 0.368164 0.013184 0.056641
1 0.728271 0.372559 0.012207 0.057617
1 0.754150 0.363770 0.015137 0.059570
1 0.741211 0.362305 0.017578 0.068359
1 0.797607 0.372070 0.003418 0.041016
0 0.220459 0.409180 0.035645 0.048828
0 0.460693 0.399902 0.025879 0.041992
0 0.475098 0.410156 0.009766 0.058594
0 0.374023 0.376465 0.012695 0.004883
0 0.388916 0.423828 0.038574 0.095703
0 0.424805 0.425781 0.073242 0.105469
0 0.237793 0.416992 0.030273 0.070312
0 0.312012 0.447266 0.165039 0.250000