1 0.021729 0.458496 0.037598 0.192383
1 0.300537 0.416504 0.005371 0.032227
1 0.327393 0.414551 0.002441 0.026367
1 0.336426 0.415527 0.005859 0.032227
1 0.341797 0.413086 0.006836 0.027344
1 0.355957 0.413086 0.008789 0.023438
1 0.436279 0.388184 0.008301 0.016602
1 0.433838 0.477539 0.006348 0.035156
1 0.472656 0.448242 0.037109 0.154297
1 0.444092 0.442383 0.031738 0.166016
1 0.657959 0.451660 0.045410 0.190430
1 0.619141 0.447266 0.044922 0.203125
1 0.710205 0.439941 0.032715 0.211914
1 0.884521 0.554688 0.035645 0.060547
1 0.892090 0.374023 0.018555 0.158203
1 0.930908 0.458496 0.076660 0.374023
1 0.872070 0.452148 0.055664 0.402344
1 0.834229 0.446777 0.078613 0.446289
0 0.381836 0.430176 0.025391 0.053711
0 0.424805 0.429688 0.016602 0.070312
0 0.409668 0.436035 0.041016 0.065430