1 0.041016 0.414551 0.002930 0.020508
1 0.034424 0.416016 0.004395 0.019531
1 0.333008 0.393555 0.011719 0.039062
1 0.349121 0.403809 0.007812 0.059570
1 0.363770 0.406250 0.010742 0.064453
1 0.371338 0.408691 0.003418 0.057617
1 0.379883 0.405273 0.005859 0.062500
1 0.382324 0.404297 0.009766 0.062500
1 0.668457 0.404785 0.029297 0.145508
1 0.649658 0.407715 0.015137 0.139648
1 0.694092 0.409668 0.020020 0.081055
1 0.801025 0.414062 0.007324 0.042969
1 0.848877 0.415039 0.005371 0.023438
1 0.887207 0.396973 0.008789 0.018555
1 0.938965 0.416504 0.007812 0.034180
1 0.951416 0.419434 0.007324 0.036133
0 0.093506 0.416504 0.017090 0.028320
0 0.198975 0.423340 0.010254 0.055664
0 0.216064 0.428223 0.019043 0.065430
0 0.242920 0.423340 0.058105 0.104492
0 0.164307 0.416992 0.021973 0.054688
0 0.131104 0.418945 0.060059 0.115234
0 0.285889 0.458984 0.122559 0.156250
0 0.970703 0.420898 0.031250 0.033203
0 0.920410 0.426270 0.019531 0.022461
0 0.992432 0.416504 0.010254 0.024414