1 0.550781 0.385254 0.003906 0.018555
0 0.561768 0.378906 0.005371 0.009766
0 0.334717 0.405762 0.028809 0.049805
0 0.309326 0.442871 0.059082 0.131836
0 0.519775 0.396973 0.014160 0.022461
0 0.502441 0.396973 0.021484 0.041992
0 0.501709 0.402344 0.019043 0.033203
0 0.491455 0.407227 0.011230 0.039062
0 0.479248 0.408691 0.025879 0.041992
0 0.182373 0.440918 0.207520 0.254883
0 0.595215 0.382324 0.014648 0.010742
0 0.590820 0.400391 0.010742 0.025391
0 0.596436 0.400391 0.011230 0.031250
0 0.601807 0.402832 0.014160 0.038086
0 0.610596 0.405273 0.016113 0.044922
0 0.616699 0.408203 0.011719 0.056641
0 0.624512 0.406738 0.014648 0.071289
0 0.626465 0.412109 0.010742 0.066406
0 0.629639 0.420410 0.004395 0.061523