1 0.168213 0.426758 0.005371 0.019531
1 0.125000 0.419922 0.007812 0.035156
1 0.133545 0.423828 0.008301 0.031250
1 0.444092 0.423340 0.003418 0.014648
1 0.470947 0.412109 0.006348 0.042969
1 0.479980 0.417969 0.007812 0.029297
1 0.486084 0.418945 0.008301 0.027344
1 0.592041 0.409180 0.012207 0.060547
1 0.610352 0.409668 0.007812 0.051758
1 0.604736 0.411621 0.010254 0.055664
1 0.614746 0.408691 0.009766 0.057617
1 0.621338 0.405762 0.009277 0.073242
1 0.635254 0.403809 0.016602 0.055664
1 0.740479 0.402832 0.017090 0.073242
1 0.875488 0.400391 0.025391 0.117188
1 0.905273 0.395508 0.032227 0.121094
1 0.669678 0.462402 0.034668 0.233398
1 0.699463 0.462402 0.053223 0.250977
0 0.225098 0.436523 0.007812 0.007812
0 0.239258 0.425293 0.024414 0.032227
0 0.215576 0.422363 0.018066 0.028320
0 0.212646 0.429199 0.017090 0.026367
0 0.185303 0.427734 0.020020 0.029297
0 0.162109 0.419434 0.017578 0.032227
0 0.158691 0.424316 0.013672 0.020508
0 0.057861 0.515137 0.109863 0.278320
0 0.300293 0.433105 0.042969 0.059570
0 0.417236 0.427734 0.022949 0.048828
0 0.370361 0.456055 0.098145 0.136719