1 0.416016 0.377441 0.010742 0.020508
1 0.604736 0.413574 0.028809 0.125977
1 0.682373 0.407227 0.050293 0.222656
0 0.298828 0.366699 0.013672 0.026367
0 0.385986 0.378418 0.009277 0.012695
0 0.514893 0.388184 0.033691 0.014648
0 0.318115 0.375488 0.005371 0.014648
0 0.321533 0.375977 0.005371 0.013672
0 0.315186 0.364258 0.005371 0.011719
0 0.305908 0.373047 0.011230 0.033203
0 0.352539 0.371582 0.012695 0.028320
0 0.395996 0.377441 0.003906 0.010742
0 0.360352 0.371094 0.014648 0.019531
0 0.368408 0.373047 0.010254 0.009766
0 0.373291 0.379883 0.016113 0.015625
0 0.360352 0.382324 0.015625 0.012695
0 0.399658 0.384277 0.011230 0.004883
0 0.422363 0.385254 0.004883 0.004883
0 0.386230 0.383789 0.009766 0.005859