1 0.595947 0.381836 0.007324 0.011719
1 0.605469 0.388672 0.008789 0.021484
1 0.618408 0.382812 0.007324 0.021484
1 0.465576 0.439453 0.055176 0.304688
0 0.546631 0.399902 0.008301 0.024414
0 0.551758 0.402344 0.010742 0.033203
0 0.562012 0.406250 0.021484 0.042969
0 0.564941 0.414062 0.011719 0.048828
0 0.582520 0.415527 0.039062 0.059570
0 0.588623 0.421875 0.047363 0.068359
0 0.628418 0.436523 0.053711 0.119141
0 0.672852 0.452637 0.083008 0.182617
0 0.743652 0.475098 0.168945 0.280273
0 0.877686 0.569824 0.239746 0.469727
0 0.512939 0.395508 0.015137 0.021484
0 0.502930 0.396973 0.009766 0.022461
0 0.386963 0.385254 0.109863 0.225586
0 0.194824 0.504395 0.258789 0.297852