1 0.957275 0.433594 0.080566 0.435547
1 0.844971 0.423340 0.024902 0.194336
1 0.810791 0.438477 0.028809 0.316406
1 0.741943 0.347168 0.014160 0.032227
1 0.745605 0.396973 0.025391 0.124023
1 0.753662 0.462402 0.027832 0.125977
1 0.731934 0.453613 0.023438 0.147461
1 0.791992 0.338867 0.007812 0.025391
1 0.776367 0.418945 0.028320 0.208984
1 0.803467 0.441895 0.075684 0.338867
1 0.882080 0.459473 0.087402 0.327148
1 0.229004 0.389648 0.016602 0.080078
1 0.238770 0.397461 0.008789 0.070312
1 0.251465 0.395508 0.017578 0.074219
1 0.685303 0.414551 0.036621 0.147461
1 0.658447 0.415527 0.028809 0.149414
1 0.652344 0.414551 0.031250 0.168945
1 0.629150 0.420898 0.030762 0.160156
1 0.119873 0.357422 0.006348 0.017578
1 0.110840 0.365234 0.006836 0.035156
1 0.051758 0.342285 0.005859 0.008789
1 0.057617 0.341797 0.006836 0.009766
1 0.015137 0.345215 0.005859 0.006836
1 0.005615 0.400879 0.005371 0.073242
1 0.031494 0.399414 0.011230 0.074219
1 0.054443 0.394043 0.007324 0.077148
1 0.031982 0.397949 0.020996 0.081055
1 0.022217 0.404297 0.027832 0.093750
1 0.057373 0.404297 0.012207 0.091797
1 0.045898 0.402832 0.019531 0.096680
1 0.123535 0.405273 0.010742 0.097656
1 0.113770 0.406250 0.018555 0.093750
0 0.012695 0.395996 0.019531 0.059570
0 0.144531 0.397949 0.087891 0.055664