1 0.978516 0.458984 0.038086 0.222656
1 0.788330 0.413086 0.035645 0.175781
1 0.764648 0.407715 0.032227 0.188477
1 0.692871 0.401855 0.025391 0.165039
1 0.652832 0.384277 0.023438 0.143555
1 0.659180 0.416016 0.034180 0.158203
1 0.673828 0.425781 0.027344 0.166016
1 0.302002 0.345215 0.004395 0.008789
1 0.433594 0.354980 0.009766 0.073242
1 0.465332 0.373535 0.010742 0.122070
1 0.454346 0.356934 0.018066 0.077148
1 0.513428 0.401855 0.021973 0.170898
1 0.492188 0.394531 0.021484 0.177734
1 0.415283 0.356445 0.013184 0.048828
1 0.372559 0.352539 0.011719 0.066406
1 0.383545 0.348633 0.020996 0.082031
1 0.403076 0.345215 0.020996 0.065430
1 0.354492 0.355957 0.016602 0.065430
1 0.305420 0.363770 0.039551 0.053711
1 0.015381 0.316406 0.010254 0.017578
1 0.131104 0.317871 0.011230 0.020508
1 0.058350 0.315918 0.013184 0.018555
1 0.031494 0.316406 0.005371 0.009766
1 0.256348 0.332520 0.013672 0.043945
0 0.034668 0.338379 0.036133 0.034180
0 0.054199 0.363770 0.045898 0.077148
0 0.018555 0.367676 0.031250 0.090820
0 0.080811 0.367676 0.058105 0.084961
0 0.105469 0.371582 0.052734 0.090820
0 0.158203 0.369629 0.070312 0.118164
0 0.214355 0.375977 0.109375 0.132812