1 0.406738 0.409668 0.019531 0.133789
1 0.376709 0.410645 0.012207 0.129883
1 0.427979 0.405762 0.026855 0.147461
1 0.452393 0.411133 0.026855 0.134766
1 0.363525 0.417480 0.035645 0.147461
1 0.391113 0.406250 0.029297 0.169922
1 0.164551 0.414551 0.009766 0.016602
1 0.551270 0.403809 0.011719 0.059570
1 0.542725 0.403320 0.016113 0.087891
1 0.607422 0.410645 0.009766 0.038086
1 0.598145 0.404785 0.009766 0.047852
1 0.737061 0.392578 0.014160 0.056641
1 0.652100 0.407227 0.010254 0.054688
1 0.562012 0.399902 0.022461 0.098633
1 0.047119 0.404785 0.015137 0.047852
1 0.060059 0.403809 0.008789 0.026367
0 0.342285 0.415527 0.011719 0.051758
0 0.350586 0.430176 0.015625 0.026367
0 0.819824 0.402832 0.104492 0.081055
0 0.933594 0.395020 0.127930 0.098633
0 0.067627 0.622070 0.129395 0.515625