1 0.637939 0.404785 0.008301 0.051758
1 0.385010 0.395508 0.008301 0.033203
1 0.646973 0.404297 0.013672 0.054688
1 0.832275 0.376953 0.014160 0.039062
1 0.840820 0.438477 0.012695 0.083984
1 0.790283 0.411133 0.039551 0.138672
1 0.833252 0.432129 0.010254 0.104492
1 0.823975 0.420410 0.027832 0.139648
1 0.850830 0.424805 0.029785 0.132812
0 0.520264 0.411133 0.016113 0.009766
0 0.535156 0.407715 0.014648 0.016602
0 0.486328 0.406250 0.027344 0.048828
0 0.327148 0.453613 0.142578 0.198242
0 0.470947 0.416504 0.031738 0.047852