1 0.328857 0.406250 0.019043 0.109375
1 0.353027 0.403320 0.022461 0.109375
1 0.503418 0.376953 0.001953 0.007812
1 0.506348 0.360352 0.002930 0.007812
1 0.570068 0.366699 0.009277 0.016602
1 0.783691 0.428223 0.023438 0.139648
1 0.717041 0.452637 0.016113 0.118164
1 0.753662 0.414551 0.025879 0.194336
1 0.615723 0.386719 0.019531 0.121094
1 0.509521 0.371094 0.004395 0.019531
0 0.359131 0.417969 0.053223 0.082031
0 0.407227 0.376465 0.047852 0.108398
0 0.463135 0.384766 0.015137 0.031250
0 0.484131 0.357422 0.008301 0.011719
0 0.488281 0.363770 0.010742 0.014648
0 0.495117 0.371094 0.010742 0.019531