1 0.073730 0.375977 0.007812 0.056641
1 0.051270 0.367676 0.008789 0.059570
1 0.085449 0.372559 0.017578 0.061523
1 0.226807 0.378418 0.014160 0.061523
1 0.222656 0.377441 0.017578 0.069336
1 0.981689 0.201660 0.019043 0.036133
1 0.939697 0.206055 0.023926 0.048828
1 0.983643 0.372070 0.027832 0.251953
1 0.754639 0.313965 0.013184 0.028320
1 0.734131 0.353516 0.020996 0.056641
1 0.781494 0.299805 0.027832 0.044922
1 0.546631 0.371094 0.006348 0.056641
1 0.539307 0.378906 0.013184 0.058594
1 0.542480 0.372559 0.015625 0.071289
1 0.525879 0.378906 0.013672 0.062500
1 0.575928 0.342773 0.006348 0.019531
1 0.584717 0.364258 0.007324 0.046875
1 0.600586 0.339844 0.004883 0.015625
1 0.577393 0.381348 0.014160 0.067383
1 0.610596 0.340332 0.003418 0.012695
1 0.617188 0.340820 0.013672 0.021484
1 0.589844 0.380859 0.019531 0.101562
1 0.643555 0.369629 0.010742 0.079102
1 0.635498 0.375488 0.013184 0.104492
1 0.617920 0.389160 0.013184 0.110352
1 0.604248 0.389648 0.020020 0.121094
1 0.627441 0.390625 0.024414 0.117188
1 0.653564 0.385254 0.016113 0.112305
1 0.675049 0.379395 0.021973 0.122070
1 0.651123 0.404785 0.020020 0.096680
1 0.482666 0.376953 0.012207 0.060547
1 0.363037 0.370117 0.013184 0.068359
0 0.405518 0.341309 0.016113 0.016602
0 0.375732 0.337891 0.015137 0.007812
0 0.394531 0.342285 0.010742 0.016602
0 0.403076 0.355469 0.018066 0.031250
0 0.455078 0.340820 0.007812 0.013672
0 0.444336 0.341797 0.011719 0.017578
0 0.383789 0.341797 0.018555 0.011719
0 0.382568 0.360352 0.024902 0.035156
0 0.481445 0.341797 0.010742 0.013672
0 0.303467 0.357910 0.031738 0.030273
0 0.425293 0.346680 0.020508 0.029297
0 0.330322 0.357422 0.026855 0.044922
0 0.354004 0.368164 0.031250 0.042969
0 0.273438 0.355957 0.052734 0.043945
0 0.271484 0.363281 0.036133 0.037109
0 0.263672 0.371582 0.020508 0.026367
0 0.243408 0.364746 0.030762 0.041992
0 0.223145 0.370117 0.041016 0.048828
0 0.195312 0.369629 0.029297 0.045898
0 0.134033 0.414062 0.115723 0.144531
0 0.810303 0.435059 0.210449 0.303711
0 0.514404 0.340332 0.007324 0.012695
0 0.507568 0.339355 0.007324 0.012695