1 0.622314 0.386230 0.007324 0.051758
1 0.660400 0.358398 0.003418 0.005859
1 0.662598 0.364746 0.004883 0.012695
1 0.668945 0.370117 0.013672 0.041016
1 0.657959 0.387695 0.011230 0.078125
1 0.671875 0.386230 0.015625 0.071289
1 0.690430 0.384277 0.013672 0.061523
1 0.716064 0.384277 0.008301 0.071289
1 0.710205 0.389648 0.008301 0.085938
1 0.724365 0.382324 0.018066 0.083008
1 0.781250 0.381348 0.014648 0.088867
1 0.834473 0.378906 0.021484 0.132812
1 0.883301 0.432617 0.029297 0.021484
1 0.923828 0.391602 0.030273 0.164062
1 0.756104 0.352051 0.032715 0.084961
1 0.755127 0.416504 0.024902 0.184570
1 0.735352 0.432617 0.015625 0.140625
1 0.746826 0.438965 0.019043 0.141602
1 0.982178 0.419434 0.030762 0.237305
1 0.247314 0.398438 0.013184 0.029297
1 0.158936 0.407715 0.010254 0.026367
1 0.704102 0.403320 0.014648 0.154297
0 0.542236 0.395996 0.027832 0.049805
0 0.304688 0.397949 0.023438 0.018555
0 0.274414 0.410156 0.039062 0.037109
0 0.207275 0.410156 0.010254 0.044922
0 0.319092 0.419922 0.049316 0.062500
0 0.507324 0.414551 0.058594 0.096680
0 0.413086 0.422852 0.064453 0.083984
0 0.108643 0.554688 0.211426 0.445312