1 0.487793 0.387695 0.023438 0.074219
1 0.456055 0.393555 0.007812 0.097656
1 0.447510 0.388672 0.015137 0.101562
1 0.470703 0.354980 0.013672 0.067383
1 0.528809 0.381348 0.014648 0.096680
1 0.546143 0.341309 0.015137 0.032227
1 0.573730 0.382324 0.010742 0.059570
1 0.563965 0.364258 0.013672 0.056641
1 0.613037 0.369141 0.021973 0.109375
1 0.654541 0.387207 0.020020 0.124023
1 0.702393 0.386719 0.022949 0.125000
1 0.716797 0.402344 0.016602 0.095703
1 0.874512 0.389648 0.028320 0.146484
1 0.775391 0.412109 0.024414 0.154297
1 0.008545 0.375488 0.011230 0.081055
1 0.088379 0.376465 0.006836 0.055664
1 0.081299 0.374512 0.010254 0.059570
1 0.874268 0.392578 0.045410 0.150391
1 0.734375 0.382812 0.022461 0.130859
0 0.490479 0.385254 0.027832 0.065430
0 0.124023 0.380859 0.054688 0.068359
0 0.175781 0.412598 0.088867 0.174805
0 0.285889 0.434082 0.187012 0.311523