1 0.770752 0.373047 0.007324 0.009766
0 0.464355 0.385742 0.018555 0.019531
0 0.575195 0.392090 0.023438 0.014648
0 0.132812 0.426270 0.161133 0.190430
0 0.046143 0.448730 0.086426 0.215820
0 0.478027 0.384277 0.010742 0.020508
0 0.558838 0.394043 0.009277 0.010742
0 0.550537 0.393555 0.007324 0.007812
0 0.539551 0.389160 0.015625 0.016602
0 0.636230 0.411133 0.033203 0.033203
0 0.645508 0.416016 0.031250 0.035156
0 0.650391 0.419922 0.013672 0.033203
0 0.678955 0.412598 0.058105 0.059570
0 0.699951 0.416504 0.070801 0.061523
0 0.732178 0.422363 0.069824 0.088867
0 0.775879 0.422363 0.136719 0.098633
0 0.809326 0.432617 0.081543 0.103516
0 0.836426 0.441406 0.125977 0.123047
0 0.892578 0.448242 0.178711 0.144531
0 0.923096 0.461426 0.148926 0.157227
0 0.976074 0.502441 0.042969 0.137695
0 0.361328 0.400879 0.058594 0.092773
0 0.506836 0.385742 0.012695 0.019531
0 0.487061 0.386230 0.014160 0.020508
0 0.498779 0.391113 0.014160 0.026367