1 0.171875 0.332520 0.006836 0.022461
1 0.153076 0.362793 0.007324 0.038086
1 0.146240 0.348633 0.002441 0.009766
1 0.133301 0.350098 0.008789 0.020508
0 0.320557 0.336914 0.021973 0.013672
0 0.338135 0.336914 0.010254 0.013672
0 0.347168 0.345703 0.011719 0.011719
0 0.342285 0.359863 0.016602 0.028320
0 0.333984 0.364746 0.024414 0.034180
0 0.367432 0.367676 0.023926 0.036133
0 0.417480 0.391113 0.073242 0.053711
0 0.888672 0.546387 0.217773 0.356445
0 0.263428 0.337402 0.021973 0.014648
0 0.281738 0.365234 0.031250 0.044922
0 0.301514 0.362793 0.018066 0.030273
0 0.288818 0.380371 0.034668 0.053711
0 0.213867 0.400879 0.068359 0.104492