1 0.557617 0.401367 0.004883 0.033203
1 0.562500 0.405762 0.007812 0.036133
1 0.616211 0.405762 0.007812 0.065430
1 0.606689 0.408203 0.011230 0.060547
1 0.622070 0.413086 0.016602 0.078125
1 0.194580 0.420410 0.014160 0.086914
1 0.180908 0.412598 0.017090 0.063477
1 0.569580 0.405762 0.006348 0.036133
0 0.531250 0.405273 0.021484 0.025391
0 0.512207 0.408203 0.012695 0.021484
0 0.687988 0.350586 0.037109 0.021484
0 0.702393 0.351074 0.027832 0.018555
0 0.765625 0.337402 0.113281 0.041992
0 0.453857 0.415039 0.036621 0.058594
0 0.407227 0.416016 0.019531 0.029297
0 0.385010 0.419922 0.030762 0.035156
0 0.322510 0.427246 0.041504 0.053711
0 0.279785 0.435547 0.051758 0.068359
0 0.137939 0.447266 0.095215 0.111328