1 0.080322 0.373047 0.010254 0.070312
1 0.086670 0.367188 0.009277 0.035156
1 0.095703 0.372559 0.013672 0.073242
1 0.118164 0.370117 0.012695 0.068359
1 0.107910 0.371582 0.012695 0.067383
1 0.125977 0.381836 0.009766 0.076172
1 0.159912 0.390625 0.010254 0.091797
1 0.188721 0.381836 0.011230 0.089844
1 0.194580 0.383789 0.023926 0.099609
1 0.242432 0.379395 0.024902 0.102539
1 0.226807 0.386719 0.015137 0.091797
1 0.662842 0.355469 0.008301 0.025391
1 0.509766 0.354004 0.006836 0.006836
1 0.391357 0.372070 0.013184 0.072266
1 0.405518 0.349609 0.014160 0.035156
1 0.604248 0.386719 0.011230 0.099609
1 0.593018 0.388672 0.016113 0.095703
1 0.673584 0.393066 0.025879 0.094727
1 0.704346 0.387207 0.019043 0.106445
1 0.707031 0.389160 0.014648 0.102539
0 0.023193 0.352051 0.016113 0.006836
0 0.021240 0.374023 0.030762 0.041016
0 0.562744 0.373047 0.038574 0.062500
0 0.532227 0.380371 0.036133 0.055664
0 0.501221 0.385254 0.048340 0.057617
0 0.648682 0.373535 0.021973 0.038086
0 0.633545 0.374512 0.019043 0.040039
0 0.617432 0.371582 0.022949 0.063477
0 0.693115 0.366211 0.018066 0.031250
0 0.687256 0.373535 0.021973 0.036133
0 0.723389 0.371094 0.014160 0.035156
0 0.753174 0.339844 0.039551 0.023438
0 0.740723 0.387695 0.038086 0.074219
0 0.791016 0.405273 0.101562 0.181641
0 0.856201 0.427246 0.136230 0.227539
0 0.934326 0.444336 0.126465 0.285156
0 0.963623 0.495117 0.067871 0.244141