1 0.449219 0.298340 0.003906 0.004883
1 0.464600 0.296387 0.005371 0.010742
1 0.488525 0.298340 0.003418 0.008789
1 0.484375 0.298340 0.005859 0.008789
1 0.500000 0.299316 0.003906 0.008789
1 0.504395 0.298828 0.004883 0.009766
1 0.520996 0.301758 0.003906 0.005859
1 0.382080 0.293945 0.003418 0.007812
1 0.014160 0.309082 0.022461 0.043945
1 0.413818 0.385742 0.006348 0.035156
1 0.441162 0.379395 0.003418 0.020508
1 0.438232 0.378418 0.004395 0.014648
1 0.456055 0.381348 0.005859 0.020508
1 0.464844 0.394043 0.009766 0.041992
1 0.501953 0.390625 0.004883 0.029297
1 0.507568 0.390137 0.004395 0.028320
1 0.513428 0.387207 0.005371 0.034180
1 0.522705 0.388184 0.004395 0.032227
1 0.519043 0.387695 0.005859 0.033203
1 0.704590 0.436035 0.046875 0.229492
1 0.770508 0.418457 0.049805 0.266602
0 0.472900 0.381348 0.008301 0.018555
0 0.489746 0.384766 0.020508 0.023438
0 0.711426 0.408203 0.075195 0.087891
0 0.495605 0.388672 0.005859 0.011719
0 0.497559 0.387695 0.004883 0.015625
0 0.521973 0.386230 0.037109 0.032227
0 0.523682 0.388672 0.016113 0.025391
0 0.582520 0.378906 0.085938 0.062500
0 0.592285 0.390137 0.035156 0.040039
0 0.597900 0.395020 0.028809 0.034180
0 0.633545 0.411621 0.078613 0.063477
0 0.762451 0.424316 0.155762 0.114258
0 0.781982 0.415039 0.112793 0.099609
0 0.821045 0.387207 0.031738 0.030273
0 0.800293 0.426270 0.135742 0.124023
0 0.885254 0.436523 0.224609 0.181641
0 0.904541 0.472168 0.186035 0.211914
0 0.944580 0.436035 0.105957 0.227539
0 0.955322 0.550781 0.084473 0.193359
0 0.435059 0.368652 0.007812 0.008789
0 0.369141 0.378418 0.072266 0.084961
0 0.374268 0.403809 0.021973 0.040039
0 0.361572 0.395508 0.017090 0.066406
0 0.346436 0.388672 0.034668 0.082031
0 0.343262 0.415039 0.020508 0.048828
0 0.277832 0.392090 0.114258 0.127930
0 0.237061 0.398438 0.098145 0.109375
0 0.215088 0.405273 0.086426 0.119141
0 0.139160 0.395020 0.091797 0.155273
0 0.103027 0.403809 0.111328 0.165039
0 0.057373 0.410645 0.108887 0.168945
0 0.032715 0.431641 0.059570 0.167969
0 0.425537 0.390625 0.025879 0.044922