1 0.794678 0.400879 0.020020 0.231445
1 0.791504 0.405762 0.031250 0.237305
1 0.744385 0.407227 0.022949 0.226562
1 0.761719 0.404297 0.048828 0.250000
1 0.883789 0.397461 0.025391 0.130859
1 0.944580 0.400879 0.024902 0.098633
1 0.965820 0.382324 0.026367 0.129883
1 0.995117 0.389648 0.004883 0.099609
1 0.966309 0.416504 0.017578 0.094727
1 0.842773 0.377441 0.008789 0.045898
0 0.354492 0.394531 0.027344 0.031250
0 0.299805 0.376465 0.013672 0.014648
0 0.329346 0.393555 0.053223 0.050781
0 0.266602 0.409668 0.067383 0.086914
0 0.175293 0.412109 0.051758 0.056641
0 0.462402 0.366211 0.009766 0.015625
0 0.671143 0.365234 0.017090 0.041016
0 0.677490 0.372559 0.025879 0.036133
0 0.684570 0.390137 0.014648 0.047852
0 0.699951 0.377441 0.020996 0.061523
0 0.614014 0.366211 0.020996 0.015625
0 0.564941 0.359863 0.013672 0.016602
0 0.552734 0.409180 0.061523 0.091797
0 0.521729 0.375000 0.019043 0.042969
0 0.510986 0.385254 0.028809 0.051758
0 0.452881 0.367676 0.014160 0.016602
0 0.420654 0.377441 0.031738 0.032227
0 0.444580 0.376953 0.018066 0.027344
0 0.418457 0.397949 0.035156 0.049805