1 0.415039 0.434082 0.003906 0.020508
1 0.392578 0.425293 0.003906 0.006836
1 0.395020 0.442383 0.003906 0.031250
1 0.397461 0.441406 0.004883 0.031250
1 0.391846 0.445312 0.006348 0.035156
1 0.422119 0.433105 0.004395 0.024414
1 0.437744 0.430664 0.004395 0.009766
1 0.432373 0.433105 0.005371 0.018555
1 0.434326 0.436035 0.004395 0.012695
1 0.429443 0.444824 0.002441 0.022461
1 0.480713 0.433594 0.004395 0.019531
1 0.489502 0.433105 0.006348 0.022461
1 0.495850 0.431641 0.004395 0.021484
1 0.499268 0.430664 0.005371 0.025391
1 0.510010 0.435547 0.004395 0.023438
1 0.520020 0.432617 0.002930 0.015625
1 0.517578 0.431152 0.003906 0.014648
1 0.534668 0.440918 0.004883 0.030273
1 0.542236 0.437988 0.003418 0.028320
1 0.539551 0.441895 0.005859 0.034180
1 0.546387 0.440918 0.004883 0.030273
1 0.555664 0.433105 0.005859 0.018555
1 0.551025 0.427246 0.004395 0.006836
1 0.551270 0.448730 0.007812 0.041992
1 0.567383 0.431152 0.003906 0.014648
1 0.569824 0.430664 0.006836 0.019531
1 0.572998 0.439453 0.002441 0.021484
1 0.569092 0.462891 0.007324 0.064453
1 0.561035 0.461426 0.014648 0.071289
1 0.601318 0.467773 0.003418 0.042969
1 0.598633 0.463867 0.006836 0.052734
1 0.617676 0.454590 0.006836 0.073242
1 0.621338 0.445801 0.011230 0.088867
1 0.607178 0.445312 0.021973 0.091797
1 0.660400 0.476074 0.005371 0.032227
1 0.656006 0.444824 0.008301 0.094727
1 0.628174 0.433105 0.027832 0.125977
1 0.687256 0.477539 0.004395 0.035156
1 0.645996 0.473633 0.004883 0.042969
1 0.647705 0.439453 0.016113 0.117188
1 0.687744 0.439453 0.015137 0.117188
1 0.681396 0.434570 0.004395 0.105469
1 0.661865 0.436035 0.013184 0.118164
1 0.673340 0.431641 0.026367 0.132812
1 0.697998 0.441895 0.008301 0.114258
1 0.751953 0.441895 0.008789 0.120117
1 0.742920 0.446777 0.015137 0.108398
1 0.778564 0.443359 0.010254 0.121094
1 0.772705 0.441895 0.020996 0.129883
1 0.804932 0.441895 0.018066 0.135742
1 0.765381 0.436035 0.027832 0.137695
1 0.728027 0.431152 0.023438 0.157227
1 0.706055 0.438477 0.031250 0.140625
1 0.792969 0.438965 0.033203 0.145508
1 0.833740 0.434082 0.043457 0.223633
0 0.402832 0.442871 0.006836 0.020508
0 0.439941 0.446289 0.013672 0.021484