1 0.712402 0.384277 0.019531 0.106445
1 0.727783 0.432129 0.029785 0.245117
1 0.744629 0.423340 0.036133 0.286133
1 0.678467 0.386719 0.013184 0.064453
1 0.668701 0.385254 0.013184 0.071289
1 0.656006 0.387207 0.011230 0.067383
1 0.645508 0.390625 0.013672 0.064453
0 0.531738 0.402832 0.005859 0.032227
0 0.535400 0.402344 0.009277 0.031250
0 0.544922 0.400879 0.020508 0.034180
0 0.575684 0.391113 0.069336 0.063477
0 0.570312 0.406738 0.024414 0.051758
0 0.522705 0.391113 0.010254 0.014648
0 0.493164 0.393066 0.015625 0.014648
0 0.507080 0.403809 0.020996 0.030273
0 0.424561 0.392090 0.011230 0.020508
0 0.432373 0.398438 0.018066 0.025391
0 0.413086 0.406250 0.016602 0.025391
0 0.390137 0.393555 0.008789 0.009766
0 0.392334 0.407715 0.010254 0.022461
0 0.373291 0.390137 0.024902 0.016602
0 0.381592 0.407227 0.017090 0.031250
0 0.365479 0.392578 0.010254 0.007812
0 0.343018 0.402344 0.036621 0.050781
0 0.365234 0.412598 0.020508 0.032227
0 0.342285 0.416992 0.024414 0.037109
0 0.307373 0.386230 0.041504 0.004883
0 0.312500 0.409668 0.041992 0.047852
0 0.267090 0.414062 0.056641 0.054688
0 0.242676 0.403320 0.016602 0.013672
0 0.264404 0.427246 0.058105 0.051758
0 0.223145 0.424805 0.035156 0.062500
0 0.206543 0.435547 0.013672 0.048828
0 0.148682 0.408203 0.116699 0.093750
0 0.139648 0.432129 0.074219 0.051758
0 0.056152 0.432617 0.100586 0.078125