1 0.436279 0.393066 0.003418 0.008789
1 0.317139 0.387695 0.006348 0.009766
1 0.572998 0.403809 0.004395 0.020508
0 0.455811 0.411621 0.005371 0.014648
0 0.444824 0.409668 0.018555 0.030273
0 0.420898 0.428711 0.043945 0.066406
0 0.324951 0.439453 0.038574 0.095703
0 0.314209 0.442871 0.022949 0.098633
0 0.220947 0.367188 0.151855 0.142578
0 0.056885 0.508301 0.107910 0.272461
0 0.208984 0.501953 0.228516 0.273438
0 0.464844 0.411621 0.004883 0.014648
0 0.476562 0.403809 0.019531 0.032227
0 0.951172 0.390625 0.076172 0.087891
0 0.498047 0.405762 0.030273 0.026367
0 0.625977 0.437988 0.036133 0.100586
0 0.683838 0.413086 0.098145 0.126953
0 0.532715 0.404297 0.016602 0.025391
0 0.547119 0.404785 0.020996 0.028320
0 0.821289 0.471680 0.235352 0.318359
0 0.938477 0.535156 0.118164 0.357422