1 0.229736 0.387695 0.005371 0.009766
1 0.219238 0.390137 0.006836 0.004883
1 0.250244 0.389648 0.008301 0.011719
1 0.259766 0.393555 0.006836 0.025391
1 0.271240 0.426270 0.006348 0.065430
1 0.265137 0.418945 0.011719 0.076172
1 0.273438 0.432617 0.009766 0.070312
1 0.291016 0.389160 0.008789 0.016602
1 0.300537 0.393066 0.008301 0.024414
1 0.311279 0.384766 0.009277 0.023438
1 0.317627 0.386719 0.007324 0.011719
1 0.427734 0.379883 0.004883 0.005859
1 0.418701 0.384766 0.007324 0.013672
1 0.409180 0.390625 0.007812 0.021484
1 0.626221 0.369629 0.012207 0.020508
1 0.610596 0.371094 0.017090 0.019531
1 0.509521 0.373535 0.006348 0.012695
1 0.752686 0.352539 0.011230 0.013672
1 0.772217 0.350586 0.010254 0.021484
1 0.916992 0.375488 0.008789 0.069336
1 0.928955 0.370605 0.015137 0.038086
1 0.990967 0.625977 0.013184 0.029297
1 0.157959 0.446777 0.043457 0.288086
1 0.035889 0.458984 0.065918 0.257812
1 0.005127 0.529297 0.004395 0.130859
1 0.186523 0.472656 0.032227 0.294922
1 0.174561 0.464844 0.058105 0.337891
1 0.131104 0.461914 0.078613 0.449219
1 0.074951 0.478516 0.066895 0.435547
1 0.488770 0.502441 0.097656 0.420898
0 0.322754 0.431152 0.099609 0.079102
0 0.415527 0.416992 0.068359 0.087891
0 0.599121 0.430664 0.119141 0.101562
0 0.470215 0.432617 0.169922 0.119141
0 0.827393 0.393555 0.109863 0.082031
0 0.955322 0.424316 0.084473 0.139648
0 0.712891 0.437500 0.172852 0.162109
0 0.230469 0.430176 0.067383 0.077148
0 0.010742 0.435059 0.015625 0.061523