1 0.420410 0.413086 0.006836 0.048828
1 0.017090 0.465332 0.015625 0.061523
1 0.434814 0.409180 0.008301 0.048828
1 0.428223 0.412109 0.010742 0.054688
1 0.406738 0.415039 0.010742 0.046875
1 0.351807 0.387207 0.004395 0.006836
1 0.350586 0.417969 0.005859 0.058594
1 0.355957 0.415039 0.008789 0.070312
1 0.345459 0.414551 0.010254 0.069336
1 0.331299 0.416016 0.007324 0.056641
1 0.336182 0.399414 0.006348 0.015625
1 0.277100 0.413574 0.007324 0.057617
1 0.203613 0.437012 0.006836 0.049805
1 0.195312 0.430664 0.009766 0.062500
1 0.177734 0.427734 0.012695 0.074219
1 0.165283 0.433594 0.006348 0.066406
1 0.169922 0.431152 0.014648 0.071289
1 0.108887 0.425781 0.008789 0.080078
1 0.097412 0.408691 0.004395 0.022461
1 0.092041 0.439453 0.015137 0.076172
1 0.102295 0.432617 0.021973 0.089844
1 0.364990 0.420898 0.011230 0.062500
1 0.069824 0.411133 0.007812 0.011719
1 0.061523 0.439453 0.010742 0.087891
1 0.028320 0.458496 0.012695 0.057617
1 0.015381 0.458496 0.013184 0.063477
1 0.537354 0.410156 0.012207 0.066406
1 0.669922 0.384766 0.007812 0.025391
1 0.676025 0.427246 0.005371 0.016602
1 0.677979 0.407227 0.014160 0.060547
1 0.581787 0.412598 0.011230 0.063477
1 0.589844 0.408203 0.017578 0.072266
1 0.692871 0.400391 0.011719 0.066406
1 0.691650 0.400879 0.011230 0.069336
1 0.699951 0.409180 0.009277 0.054688
1 0.718262 0.387695 0.006836 0.031250
1 0.714355 0.392090 0.010742 0.026367
1 0.742188 0.393555 0.006836 0.050781
1 0.734131 0.398438 0.014160 0.082031
1 0.755371 0.377930 0.007812 0.048828
1 0.748047 0.400879 0.014648 0.073242
1 0.761475 0.394531 0.009277 0.070312
1 0.768799 0.391602 0.009277 0.074219
1 0.781738 0.394531 0.009766 0.060547
1 0.795410 0.392090 0.014648 0.067383
1 0.803955 0.390625 0.008301 0.060547
1 0.806396 0.376465 0.005371 0.036133
1 0.809814 0.393066 0.008301 0.069336
1 0.812256 0.392578 0.007324 0.064453
1 0.851807 0.359863 0.004395 0.010742
1 0.861328 0.364258 0.006836 0.031250
1 0.854736 0.377441 0.009277 0.045898
1 0.884766 0.382324 0.011719 0.063477
1 0.907471 0.376465 0.012207 0.061523
0 0.467041 0.421875 0.037598 0.044922
0 0.645508 0.417969 0.056641 0.082031
0 0.749756 0.369629 0.022949 0.010742
0 0.720459 0.400879 0.021973 0.034180