1 0.586426 0.302734 0.004883 0.009766
1 0.589844 0.303711 0.002930 0.007812
1 0.594971 0.303711 0.001465 0.007812
1 0.596924 0.305664 0.002441 0.011719
1 0.513672 0.312988 0.003906 0.008789
1 0.506592 0.312988 0.003418 0.010742
1 0.498291 0.312988 0.003418 0.010742
1 0.492676 0.313965 0.003906 0.010742
1 0.481689 0.313965 0.003418 0.012695
1 0.478516 0.315918 0.004883 0.008789
1 0.434326 0.326172 0.002441 0.011719
1 0.437256 0.325195 0.003418 0.013672
1 0.432373 0.335449 0.004395 0.012695
1 0.423584 0.350586 0.004395 0.009766
1 0.420410 0.360352 0.003906 0.015625
1 0.417969 0.367188 0.004883 0.011719
1 0.412109 0.370117 0.002930 0.015625
1 0.409912 0.371582 0.002441 0.014648
1 0.408203 0.368652 0.002930 0.018555
1 0.405273 0.369629 0.002930 0.022461
1 0.402832 0.370605 0.002930 0.018555
1 0.399902 0.372070 0.002930 0.015625
1 0.391357 0.364258 0.002441 0.007812
1 0.392822 0.366699 0.003418 0.010742
1 0.395264 0.372070 0.004395 0.015625
1 0.442139 0.369629 0.002441 0.016602
1 0.440674 0.369141 0.002441 0.013672
1 0.439941 0.372070 0.001953 0.013672
1 0.437500 0.368652 0.003906 0.018555
1 0.460205 0.391602 0.007324 0.029297
1 0.447266 0.390625 0.005859 0.035156
1 0.868164 0.374023 0.004883 0.011719
1 0.877686 0.373047 0.006348 0.013672
1 0.884521 0.373535 0.005371 0.012695
1 0.898438 0.375000 0.002930 0.009766
1 0.901611 0.374023 0.003418 0.009766
1 0.889648 0.374512 0.005859 0.010742
1 0.906006 0.373535 0.005371 0.010742
1 0.910400 0.373047 0.004395 0.011719
1 0.934814 0.373535 0.004395 0.006836
1 0.944336 0.374023 0.003906 0.003906
1 0.609619 0.404785 0.013184 0.071289
0 0.532227 0.355957 0.007812 0.010742
0 0.522217 0.358398 0.007324 0.011719
0 0.516113 0.359375 0.006836 0.009766
0 0.512207 0.360840 0.008789 0.010742
0 0.507568 0.361816 0.006348 0.010742
0 0.500488 0.361328 0.008789 0.011719
0 0.501465 0.367676 0.009766 0.016602
0 0.491455 0.360840 0.009277 0.010742
0 0.483398 0.360840 0.006836 0.008789
0 0.492188 0.369629 0.011719 0.016602
0 0.473877 0.369629 0.012207 0.016602
0 0.483643 0.375488 0.015137 0.020508
0 0.485352 0.382812 0.016602 0.025391
0 0.508301 0.380371 0.012695 0.020508
0 0.463379 0.381348 0.014648 0.020508
0 0.536865 0.372559 0.030762 0.022461
0 0.422852 0.381836 0.017578 0.021484
0 0.672852 0.340820 0.025391 0.011719
0 0.838867 0.363770 0.044922 0.034180
0 0.875977 0.380371 0.022461 0.000977
0 0.994385 0.502930 0.006348 0.003906
0 0.961182 0.508301 0.060059 0.034180
0 0.368896 0.411621 0.059082 0.098633