1 0.071533 0.415527 0.011230 0.020508
1 0.995117 0.389648 0.004883 0.142578
1 0.986816 0.394531 0.021484 0.140625
1 0.965088 0.390137 0.031738 0.151367
1 0.913574 0.414062 0.015625 0.074219
1 0.697021 0.400391 0.007324 0.027344
1 0.388916 0.420898 0.006348 0.017578
1 0.372559 0.429199 0.008789 0.038086
1 0.379639 0.432129 0.006348 0.032227
0 0.354492 0.437988 0.025391 0.034180
0 0.324707 0.436523 0.035156 0.052734
0 0.299805 0.441895 0.025391 0.045898
0 0.280273 0.446777 0.030273 0.041992
0 0.247070 0.447266 0.056641 0.052734
0 0.207031 0.441895 0.042969 0.071289
0 0.193115 0.452637 0.020020 0.049805
0 0.149170 0.439453 0.083496 0.076172
0 0.142822 0.449707 0.052246 0.061523
0 0.113525 0.453125 0.058105 0.064453
0 0.079102 0.457031 0.060547 0.066406
0 0.027100 0.456543 0.048340 0.086914
0 0.642578 0.406250 0.019531 0.039062
0 0.614746 0.411133 0.037109 0.058594
0 0.544922 0.412598 0.007812 0.032227