1 0.050537 0.341797 0.004395 0.007812
1 0.084717 0.371582 0.000488 0.000977
1 0.085938 0.357910 0.002930 0.026367
1 0.090088 0.356934 0.003418 0.028320
1 0.094482 0.358887 0.010254 0.045898
1 0.071045 0.396484 0.021973 0.070312
1 0.265381 0.361816 0.007324 0.010742
1 0.288574 0.362793 0.005859 0.008789
1 0.296143 0.364258 0.003418 0.005859
1 0.123779 0.393066 0.013184 0.073242
1 0.135010 0.393555 0.013184 0.072266
1 0.139404 0.403809 0.020996 0.075195
1 0.157471 0.394043 0.010254 0.069336
1 0.171143 0.391113 0.011230 0.067383
1 0.181885 0.391113 0.014160 0.071289
1 0.164795 0.409180 0.020996 0.076172
1 0.951172 0.459961 0.092773 0.515625
1 0.484619 0.406738 0.024902 0.125977
1 0.521729 0.406250 0.016113 0.132812
1 0.507812 0.404297 0.024414 0.125000
1 0.488770 0.431641 0.021484 0.083984
1 0.554688 0.441406 0.057617 0.328125
1 0.540527 0.445312 0.073242 0.373047
1 0.602783 0.477539 0.076660 0.537109
1 0.673340 0.485840 0.087891 0.543945
1 0.457520 0.379395 0.006836 0.067383
1 0.299561 0.401855 0.019043 0.096680
1 0.396729 0.524902 0.133301 0.721680
1 0.390625 0.552734 0.175781 0.730469