1 0.371094 0.211426 0.003906 0.002930
1 0.374512 0.211426 0.002930 0.002930
1 0.378418 0.210938 0.003906 0.003906
1 0.383545 0.211426 0.003418 0.004883
1 0.145264 0.381348 0.004395 0.006836
1 0.149170 0.382812 0.004395 0.013672
1 0.158447 0.380859 0.005371 0.017578
1 0.246094 0.171387 0.001953 0.012695
1 0.250732 0.168945 0.002441 0.011719
1 0.254639 0.168945 0.005371 0.011719
1 0.277344 0.229492 0.004883 0.009766
1 0.385010 0.306152 0.004395 0.016602
1 0.396729 0.295898 0.004395 0.009766
1 0.401367 0.295898 0.004883 0.009766
1 0.388916 0.306152 0.004395 0.010742
1 0.580811 0.273438 0.004395 0.007812
1 0.445068 0.297852 0.002441 0.005859
1 0.447754 0.294434 0.002930 0.010742
1 0.450928 0.292480 0.004395 0.014648
1 0.467529 0.291992 0.005371 0.009766
1 0.477295 0.290039 0.003418 0.009766
1 0.484375 0.290527 0.003906 0.006836
1 0.537598 0.280273 0.005859 0.013672
1 0.526123 0.287598 0.004395 0.022461
1 0.519531 0.288574 0.005859 0.024414
1 0.509277 0.284180 0.004883 0.011719
1 0.497559 0.286621 0.003906 0.010742
1 0.500732 0.287109 0.003418 0.009766
1 0.488770 0.289062 0.003906 0.009766
1 0.493164 0.289551 0.002930 0.006836
1 0.331787 0.378906 0.005371 0.037109
1 0.325439 0.377441 0.004395 0.036133
1 0.315430 0.370605 0.002930 0.018555
1 0.318604 0.379883 0.005371 0.031250
1 0.305664 0.379883 0.006836 0.027344
1 0.290283 0.382324 0.007324 0.034180
1 0.286133 0.382812 0.004883 0.033203
1 0.271240 0.382812 0.006348 0.029297
1 0.281982 0.382812 0.007324 0.033203
1 0.277344 0.385742 0.006836 0.029297
1 0.212891 0.383301 0.007812 0.028320
1 0.240967 0.389160 0.008301 0.041992
1 0.252930 0.389648 0.005859 0.039062
1 0.257812 0.390625 0.007812 0.037109
1 0.246582 0.389160 0.007812 0.041992
1 0.223633 0.382812 0.003906 0.027344
1 0.230713 0.390137 0.004395 0.038086
1 0.205078 0.399414 0.005859 0.029297
1 0.198975 0.394043 0.008301 0.041992
1 0.191162 0.399414 0.009277 0.050781
1 0.182373 0.402344 0.008301 0.042969
1 0.109863 0.389160 0.004883 0.036133
1 0.119629 0.390625 0.011719 0.039062
1 0.236328 0.402832 0.011719 0.049805
1 0.022705 0.445801 0.026855 0.174805
1 0.018799 0.458008 0.031738 0.179688
1 0.590820 0.356934 0.007812 0.055664
1 0.598389 0.358398 0.005371 0.064453
1 0.694580 0.341797 0.003418 0.031250
1 0.689941 0.335938 0.006836 0.015625
1 0.690674 0.348145 0.009277 0.032227
1 0.679932 0.355469 0.003418 0.046875
1 0.683350 0.354004 0.007324 0.049805
1 0.660156 0.335938 0.001953 0.005859
1 0.666260 0.345703 0.005371 0.029297
1 0.662109 0.341797 0.005859 0.019531
1 0.670898 0.345703 0.005859 0.027344
1 0.677734 0.361328 0.011719 0.058594
1 0.612305 0.355469 0.008789 0.029297
1 0.711182 0.401367 0.020020 0.037109
1 0.709473 0.374023 0.026367 0.126953
1 0.739258 0.372559 0.027344 0.129883
1 0.843262 0.366699 0.020508 0.213867
1 0.795410 0.373535 0.032227 0.200195
1 0.863770 0.369629 0.040039 0.237305
1 0.825195 0.365723 0.039062 0.247070
0 0.060303 0.373047 0.019043 0.017578
0 0.138184 0.401367 0.036133 0.033203
0 0.400391 0.368164 0.025391 0.013672
0 0.375244 0.383301 0.026855 0.036133
0 0.429688 0.359375 0.011719 0.003906
0 0.478271 0.364746 0.013184 0.018555
0 0.461670 0.367676 0.020020 0.026367
0 0.426025 0.360352 0.015137 0.003906
0 0.444580 0.379883 0.024902 0.042969
0 0.527832 0.358887 0.008789 0.016602
0 0.519531 0.360352 0.003906 0.015625
0 0.513184 0.358887 0.011719 0.016602
0 0.493652 0.368652 0.022461 0.038086
0 0.508545 0.375000 0.021973 0.029297
0 0.396973 0.386230 0.023438 0.036133
0 0.424072 0.387207 0.035645 0.051758
0 0.603271 0.347168 0.025879 0.051758