1 0.382568 0.338867 0.003418 0.015625
1 0.370605 0.340820 0.004883 0.013672
1 0.362305 0.343262 0.004883 0.018555
1 0.264404 0.344238 0.006348 0.030273
1 0.258057 0.337402 0.005371 0.024414
1 0.614258 0.338867 0.005859 0.035156
1 0.604492 0.337402 0.005859 0.034180
1 0.619629 0.338867 0.004883 0.035156
1 0.720947 0.376465 0.018066 0.083008
1 0.737061 0.379395 0.012207 0.079102
1 0.753662 0.380859 0.015137 0.076172
1 0.937744 0.416992 0.014160 0.072266
0 0.478271 0.339844 0.011230 0.017578
0 0.469971 0.340820 0.008301 0.015625
0 0.459717 0.341309 0.012207 0.018555
0 0.399414 0.366211 0.044922 0.070312
0 0.341553 0.398926 0.075684 0.100586
0 0.022217 0.384277 0.038574 0.071289
0 0.159668 0.489258 0.284180 0.396484
0 0.548828 0.358887 0.009766 0.045898
0 0.551758 0.367188 0.004883 0.046875
0 0.572998 0.357910 0.038574 0.083008
0 0.580322 0.368164 0.034668 0.042969
0 0.582520 0.384766 0.039062 0.068359
0 0.599121 0.394043 0.052734 0.079102
0 0.519531 0.374512 0.037109 0.055664