1 0.625977 0.389160 0.003906 0.024414
1 0.256348 0.410645 0.015625 0.067383
1 0.232178 0.407715 0.012207 0.075195
1 0.221436 0.412109 0.011230 0.064453
1 0.207275 0.414551 0.011230 0.059570
1 0.202637 0.407227 0.015625 0.085938
1 0.179443 0.410156 0.016113 0.080078
1 0.487061 0.395508 0.004395 0.023438
0 0.899658 0.370117 0.040527 0.048828
0 0.939209 0.364258 0.060059 0.058594
0 0.797363 0.376953 0.013672 0.023438
0 0.766113 0.375000 0.047852 0.031250
0 0.546387 0.396484 0.007812 0.011719
0 0.558838 0.396484 0.010254 0.015625
0 0.570068 0.396973 0.002441 0.010742
0 0.524902 0.402344 0.023438 0.029297