1 0.586182 0.384277 0.008301 0.043945
1 0.593018 0.382812 0.007324 0.042969
1 0.604980 0.384766 0.005859 0.044922
1 0.599365 0.384766 0.009277 0.054688
1 0.611816 0.382324 0.008789 0.053711
1 0.645508 0.356445 0.003906 0.007812
1 0.641846 0.366211 0.007324 0.035156
1 0.641602 0.402344 0.003906 0.031250
1 0.633545 0.387695 0.019043 0.082031
1 0.649902 0.382324 0.009766 0.075195
1 0.655518 0.381836 0.013184 0.089844
1 0.695557 0.362793 0.009277 0.032227
1 0.794922 0.344727 0.022461 0.039062
1 0.722412 0.386230 0.014160 0.110352
1 0.710693 0.393066 0.030762 0.122070
1 0.734863 0.395020 0.024414 0.110352
1 0.777588 0.380859 0.016113 0.111328
1 0.762939 0.386230 0.023926 0.108398
1 0.875977 0.401855 0.007812 0.034180
1 0.864502 0.385254 0.033691 0.159180
1 0.836670 0.386719 0.034668 0.160156
1 0.882324 0.402832 0.005859 0.012695
1 0.895508 0.388672 0.036133 0.160156
1 0.932129 0.375488 0.038086 0.178711
1 0.221436 0.400879 0.005371 0.010742
1 0.286133 0.402344 0.006836 0.029297
0 0.484131 0.384766 0.019043 0.011719
0 0.453369 0.395020 0.023926 0.047852
0 0.481201 0.405762 0.030762 0.045898
0 0.506104 0.398926 0.005371 0.028320
0 0.514160 0.396973 0.013672 0.047852
0 0.529053 0.397461 0.030762 0.054688
0 0.553955 0.406250 0.045410 0.066406
0 0.363525 0.397949 0.022949 0.018555
0 0.315674 0.400879 0.034668 0.032227
0 0.235840 0.396484 0.028320 0.023438
0 0.125244 0.405762 0.090332 0.059570
0 0.421143 0.406250 0.042480 0.070312