1 0.975098 0.378418 0.034180 0.178711
1 0.934326 0.385254 0.034668 0.172852
1 0.790283 0.386230 0.019043 0.092773
1 0.572266 0.387695 0.004883 0.019531
1 0.636719 0.378418 0.009766 0.026367
1 0.548828 0.406738 0.005859 0.053711
1 0.545410 0.407227 0.007812 0.058594
0 0.572510 0.398438 0.016113 0.033203
0 0.586914 0.416016 0.044922 0.066406
0 0.672119 0.435547 0.109863 0.142578
0 0.482178 0.412109 0.022949 0.031250
0 0.495605 0.417969 0.007812 0.052734
0 0.516602 0.413574 0.045898 0.073242
0 0.421875 0.398926 0.017578 0.008789
0 0.415527 0.405273 0.004883 0.009766
0 0.422119 0.414062 0.018066 0.027344
0 0.399902 0.403320 0.026367 0.037109
0 0.387939 0.412598 0.021973 0.016602
0 0.446533 0.418945 0.041504 0.060547