1 0.449463 0.408203 0.008301 0.037109
1 0.325928 0.394043 0.012207 0.030273
1 0.721924 0.344727 0.006348 0.003906
1 0.744141 0.344238 0.013672 0.043945
1 0.759766 0.394531 0.030273 0.197266
0 0.563965 0.384766 0.023438 0.007812
0 0.502197 0.387207 0.035645 0.012695
0 0.486816 0.402344 0.032227 0.027344
0 0.441650 0.403320 0.007324 0.021484
0 0.557373 0.383301 0.020020 0.012695
0 0.561279 0.394043 0.016113 0.018555
0 0.412354 0.434082 0.070801 0.112305
0 0.218018 0.380371 0.192871 0.291992
0 0.647461 0.385742 0.112305 0.218750
0 0.699707 0.435547 0.115234 0.179688
0 0.019531 0.531738 0.033203 0.202148
0 0.458496 0.397461 0.000977 0.017578