1 0.314453 0.388672 0.006836 0.019531
1 0.309814 0.397461 0.005371 0.021484
1 0.291504 0.384277 0.002930 0.004883
0 0.717773 0.363281 0.023438 0.019531
0 0.587891 0.407227 0.029297 0.082031
0 0.594971 0.413574 0.039551 0.094727
0 0.608887 0.422852 0.039062 0.115234
0 0.665771 0.413574 0.111816 0.153320
0 0.551514 0.385742 0.031738 0.019531
0 0.519287 0.386230 0.007324 0.024414
0 0.482910 0.395996 0.070312 0.147461
0 0.341797 0.398438 0.015625 0.029297
0 0.260010 0.398438 0.062012 0.060547
0 0.250488 0.411621 0.039062 0.040039
0 0.249023 0.419922 0.030273 0.046875
0 0.234619 0.420898 0.017090 0.048828
0 0.226562 0.417480 0.013672 0.041992
0 0.160645 0.406250 0.088867 0.074219
0 0.198730 0.427734 0.061523 0.083984
0 0.287598 0.418945 0.035156 0.046875
0 0.059082 0.382324 0.112305 0.090820
0 0.087646 0.444336 0.073730 0.097656
0 0.024170 0.485352 0.042480 0.187500
0 0.359131 0.403320 0.010254 0.029297
0 0.378174 0.403320 0.036621 0.058594