1 0.355713 0.398438 0.006348 0.011719
1 0.349609 0.399414 0.005859 0.015625
1 0.365479 0.400391 0.005371 0.013672
1 0.330078 0.398438 0.006836 0.025391
1 0.339111 0.389160 0.013184 0.030273
1 0.296143 0.408691 0.005371 0.073242
1 0.304443 0.406250 0.012207 0.072266
1 0.312256 0.429199 0.013184 0.090820
1 0.322266 0.429688 0.014648 0.087891
1 0.337891 0.427734 0.018555 0.091797
1 0.490723 0.437988 0.019531 0.094727
1 0.544922 0.433105 0.014648 0.059570
1 0.554199 0.437988 0.012695 0.094727
1 0.627197 0.402344 0.007324 0.023438
1 0.623291 0.437012 0.022949 0.096680
1 0.643066 0.435547 0.016602 0.105469
1 0.655273 0.410156 0.010742 0.062500
1 0.287598 0.423828 0.020508 0.103516
1 0.598145 0.422852 0.010742 0.074219
0 0.436035 0.401367 0.061523 0.058594
0 0.448730 0.419922 0.020508 0.048828
0 0.439453 0.422852 0.015625 0.054688
0 0.415039 0.422852 0.041992 0.064453
0 0.513916 0.410156 0.006348 0.015625
0 0.488525 0.423340 0.048340 0.090820
0 0.524658 0.411133 0.016113 0.031250
0 0.552734 0.382324 0.034180 0.045898
0 0.562744 0.420410 0.055176 0.086914