1 0.521729 0.419434 0.013184 0.075195
1 0.531494 0.427734 0.008301 0.054688
1 0.554199 0.419434 0.012695 0.059570
1 0.543701 0.431641 0.014160 0.087891
1 0.733398 0.533691 0.098633 0.665039
1 0.802979 0.788086 0.014160 0.033203
1 0.451416 0.742676 0.006348 0.028320
1 0.817871 0.524902 0.166016 0.750977
1 0.327148 0.638672 0.007812 0.109375
1 0.341553 0.509277 0.092285 0.495117
1 0.335693 0.535156 0.089355 0.544922
1 0.444824 0.515137 0.143555 0.750977
1 0.415283 0.531738 0.133301 0.745117
1 0.138916 0.519043 0.082520 0.518555
1 0.075195 0.525879 0.077148 0.590820
0 0.111328 0.437500 0.009766 0.072266
0 0.182373 0.423828 0.011230 0.017578
0 0.171875 0.443359 0.013672 0.050781
0 0.205811 0.437988 0.065918 0.061523
0 0.510254 0.429199 0.023438 0.047852
0 0.668457 0.429688 0.098633 0.125000
0 0.782471 0.441406 0.165527 0.074219
0 0.108154 0.421387 0.002441 0.014648