1 0.475586 0.408203 0.020508 0.109375
1 0.442383 0.412109 0.021484 0.105469
1 0.417480 0.416016 0.020508 0.089844
1 0.400146 0.403320 0.015137 0.070312
0 0.416992 0.421875 0.030273 0.039062
0 0.444824 0.420410 0.028320 0.034180
0 0.694092 0.402832 0.053223 0.063477
0 0.365967 0.437988 0.039551 0.098633
0 0.331543 0.445801 0.065430 0.133789
0 0.289062 0.466797 0.063477 0.166016
0 0.164307 0.467773 0.207520 0.310547
0 0.066162 0.564941 0.126465 0.366211
0 0.756348 0.494141 0.124023 0.289062
0 0.585449 0.420410 0.015625 0.038086
0 0.569824 0.410156 0.021484 0.072266
0 0.536865 0.420898 0.080566 0.142578