1 0.386719 0.436035 0.003906 0.022461
1 0.383301 0.436035 0.004883 0.024414
1 0.535645 0.449219 0.011719 0.058594
1 0.549072 0.446777 0.013184 0.059570
1 0.561768 0.447754 0.009277 0.057617
1 0.735596 0.479980 0.038574 0.151367
1 0.766602 0.474121 0.034180 0.166992
0 0.067627 0.420410 0.011230 0.014648
0 0.177979 0.428223 0.015137 0.020508
0 0.137939 0.423340 0.033691 0.018555
0 0.294189 0.435059 0.026855 0.040039
0 0.229248 0.424316 0.010254 0.018555
0 0.245117 0.421875 0.018555 0.035156
0 0.213867 0.426270 0.015625 0.018555
0 0.224609 0.428711 0.015625 0.021484
0 0.201172 0.428223 0.014648 0.020508