1 0.479736 0.393066 0.005371 0.016602
1 0.458740 0.382812 0.004395 0.009766
1 0.453369 0.386230 0.002441 0.008789
1 0.402344 0.384277 0.005859 0.016602
1 0.393311 0.392090 0.007324 0.030273
1 0.399170 0.384766 0.008301 0.015625
1 0.349609 0.372559 0.009766 0.014648
1 0.158203 0.481934 0.016602 0.051758
1 0.022217 0.463379 0.038574 0.163086
1 0.184326 0.417480 0.040527 0.178711
1 0.147705 0.428711 0.027832 0.181641
1 0.119873 0.421875 0.033691 0.185547
1 0.096680 0.430664 0.025391 0.177734
1 0.115234 0.440430 0.029297 0.171875
1 0.163330 0.439453 0.031738 0.166016
1 0.543701 0.422852 0.043457 0.220703
1 0.609863 0.417480 0.034180 0.170898
0 0.504150 0.398926 0.010254 0.020508
0 0.489258 0.400391 0.021484 0.029297
0 0.463379 0.402344 0.019531 0.029297
0 0.438721 0.397949 0.029785 0.049805
0 0.441162 0.409668 0.033691 0.047852
0 0.360352 0.428223 0.071289 0.098633
0 0.648926 0.394531 0.061523 0.136719
0 0.668213 0.418457 0.079590 0.155273
0 0.768066 0.453613 0.173828 0.225586
0 0.909180 0.562988 0.176758 0.502930