1 0.298340 0.434082 0.052734 0.235352
0 0.552734 0.383789 0.021484 0.033203
0 0.549072 0.391113 0.011230 0.026367
0 0.551758 0.393066 0.006836 0.028320
0 0.506592 0.386230 0.008301 0.014648
0 0.558105 0.394043 0.012695 0.032227
0 0.559814 0.395996 0.009277 0.032227
0 0.512451 0.379883 0.013184 0.027344
0 0.490479 0.395508 0.004395 0.021484
0 0.463135 0.397461 0.055176 0.082031
0 0.390381 0.419434 0.046387 0.086914
0 0.375977 0.426758 0.043945 0.095703
0 0.354736 0.438477 0.048340 0.113281
0 0.299072 0.448730 0.103027 0.135742
0 0.187744 0.505859 0.167480 0.220703
0 0.059082 0.521973 0.112305 0.307617
0 0.593262 0.405762 0.026367 0.067383
0 0.592285 0.409180 0.017578 0.064453
0 0.592529 0.411621 0.016113 0.063477
0 0.600342 0.412598 0.023926 0.077148
0 0.603027 0.418945 0.016602 0.083984
0 0.631348 0.423828 0.057617 0.128906
0 0.658936 0.432129 0.050293 0.151367
0 0.718750 0.435547 0.118164 0.216797
0 0.802734 0.446289 0.194336 0.324219
0 0.915283 0.535156 0.164551 0.455078