1 0.955078 0.354492 0.008789 0.013672
1 0.967285 0.351562 0.014648 0.019531
1 0.768311 0.355957 0.008301 0.032227
1 0.904297 0.377441 0.009766 0.071289
1 0.891602 0.379883 0.018555 0.074219
1 0.936523 0.353027 0.011719 0.014648
1 0.866211 0.372070 0.014648 0.068359
1 0.670654 0.375977 0.006348 0.066406
1 0.676270 0.375977 0.010742 0.064453
1 0.850098 0.372070 0.009766 0.070312
1 0.706299 0.379395 0.013184 0.069336
1 0.799072 0.475586 0.060059 0.408203
1 0.471924 0.345215 0.004395 0.026367
1 0.479492 0.346191 0.004883 0.026367
1 0.414795 0.352539 0.006348 0.035156
1 0.419434 0.352539 0.007812 0.035156
0 0.961426 0.352051 0.035156 0.016602
0 0.968750 0.355957 0.020508 0.010742
0 0.839111 0.367188 0.020996 0.042969
0 0.834717 0.372559 0.013184 0.026367
0 0.782471 0.366211 0.012207 0.025391
0 0.730957 0.359375 0.039062 0.029297
0 0.666992 0.364258 0.054688 0.037109