1 0.391846 0.395996 0.006348 0.038086
1 0.437500 0.399902 0.005859 0.034180
1 0.477539 0.398926 0.005859 0.032227
1 0.453613 0.398926 0.007812 0.032227
1 0.428223 0.393555 0.005859 0.021484
1 0.419922 0.394531 0.009766 0.044922
1 0.513916 0.397461 0.007324 0.033203
1 0.483643 0.403320 0.007324 0.029297
1 0.526855 0.399902 0.008789 0.034180
1 0.552002 0.392090 0.016113 0.067383
1 0.570801 0.395996 0.021484 0.059570
1 0.568115 0.393066 0.014160 0.069336
1 0.675781 0.389648 0.021484 0.107422
1 0.726318 0.394531 0.037598 0.205078
1 0.765381 0.395508 0.038574 0.199219
1 0.995605 0.422363 0.003906 0.090820
1 0.374512 0.392090 0.007812 0.034180
1 0.297607 0.387695 0.007324 0.025391
1 0.291016 0.402344 0.004883 0.050781
1 0.287354 0.402832 0.006348 0.040039
1 0.282227 0.401855 0.005859 0.047852
1 0.275146 0.391113 0.004395 0.026367
1 0.278320 0.398926 0.005859 0.047852
1 0.272217 0.400391 0.010254 0.041016
1 0.259766 0.399902 0.008789 0.040039
1 0.256348 0.402832 0.011719 0.045898
1 0.245850 0.385742 0.004395 0.015625
1 0.241455 0.384766 0.005371 0.019531
1 0.235107 0.386719 0.009277 0.017578
1 0.225830 0.386719 0.006348 0.019531
1 0.221924 0.388184 0.006348 0.020508
1 0.141357 0.405762 0.008301 0.051758
1 0.182617 0.404297 0.011719 0.052734
1 0.197266 0.399414 0.010742 0.058594
1 0.152344 0.413574 0.007812 0.034180
1 0.120117 0.410645 0.003906 0.045898
1 0.123291 0.396973 0.009277 0.026367
0 0.335449 0.437012 0.095703 0.157227
0 0.159912 0.408691 0.013184 0.036133
0 0.125977 0.414062 0.026367 0.035156
0 0.043701 0.421387 0.034668 0.061523
0 0.017822 0.406250 0.029785 0.095703