1 0.657471 0.432129 0.034668 0.235352
1 0.714844 0.431152 0.058594 0.247070
0 0.557617 0.405273 0.039062 0.044922
0 0.626953 0.382324 0.027344 0.026367
0 0.624023 0.401367 0.034180 0.031250
0 0.525879 0.403809 0.030273 0.124023
0 0.455322 0.405762 0.113770 0.155273
0 0.439697 0.424805 0.119629 0.154297
0 0.404785 0.454590 0.067383 0.176758
0 0.308105 0.474609 0.199219 0.255859
0 0.219727 0.533691 0.330078 0.331055
0 0.091064 0.604492 0.176270 0.492188
0 0.682617 0.420410 0.028320 0.086914
0 0.726318 0.405762 0.092285 0.125977
0 0.751221 0.444824 0.059082 0.157227
0 0.780273 0.447754 0.056641 0.190430
0 0.888916 0.437988 0.217285 0.276367
0 0.922363 0.488770 0.150391 0.268555
0 0.968750 0.565918 0.057617 0.350586