1 0.459961 0.385742 0.004883 0.027344
1 0.487305 0.427734 0.026367 0.208984
1 0.512451 0.432617 0.028809 0.191406
1 0.524414 0.426270 0.045898 0.223633
1 0.363770 0.391113 0.009766 0.047852
1 0.325684 0.390137 0.008789 0.065430
1 0.305420 0.394043 0.007324 0.073242
1 0.298828 0.394531 0.010742 0.101562
1 0.285889 0.388672 0.007324 0.060547
1 0.280273 0.383789 0.012695 0.058594
1 0.247803 0.363281 0.010254 0.017578
1 0.231689 0.360352 0.010254 0.019531
1 0.202637 0.358398 0.008789 0.023438
1 0.252930 0.368164 0.007812 0.017578
1 0.174316 0.375488 0.020508 0.051758
1 0.158203 0.395020 0.015625 0.096680
1 0.135010 0.402344 0.039551 0.191406
1 0.633301 0.383301 0.007812 0.020508
1 0.612793 0.424316 0.059570 0.215820
1 0.711670 0.371582 0.015137 0.045898
1 0.335449 0.395020 0.010742 0.061523
0 0.539307 0.397949 0.015137 0.032227
0 0.444092 0.397949 0.007324 0.040039
0 0.427979 0.396484 0.026855 0.056641
0 0.422119 0.405273 0.010254 0.046875
0 0.416260 0.404297 0.011230 0.052734
0 0.378662 0.399414 0.031738 0.076172
0 0.232178 0.426270 0.123535 0.118164
0 0.738770 0.452637 0.094727 0.266602
0 0.874756 0.461914 0.245605 0.775391