1 0.383057 0.323242 0.005371 0.013672
1 0.379150 0.324707 0.004395 0.010742
1 0.375488 0.325195 0.004883 0.009766
1 0.351318 0.324219 0.002441 0.011719
1 0.345703 0.324707 0.003906 0.010742
1 0.339355 0.325684 0.008789 0.022461
1 0.318115 0.339844 0.007324 0.054688
1 0.321289 0.340820 0.004883 0.056641
1 0.308105 0.342285 0.011719 0.055664
1 0.292969 0.342285 0.012695 0.067383
1 0.282227 0.344727 0.011719 0.062500
1 0.424316 0.329102 0.004883 0.025391
1 0.428955 0.330566 0.005371 0.026367
1 0.449951 0.327148 0.005371 0.033203
1 0.444092 0.331055 0.006348 0.023438
1 0.437744 0.329102 0.004395 0.031250
1 0.434326 0.328613 0.008301 0.034180
1 0.476562 0.331543 0.002930 0.022461
1 0.473877 0.332031 0.004395 0.023438
1 0.468750 0.328613 0.006836 0.032227
1 0.460938 0.333008 0.006836 0.027344
1 0.488770 0.331055 0.004883 0.025391
1 0.495117 0.327637 0.006836 0.032227
1 0.505127 0.322266 0.003418 0.017578
1 0.524902 0.331543 0.005859 0.034180
1 0.537842 0.328613 0.002441 0.034180
1 0.538818 0.332520 0.004395 0.041992
1 0.545654 0.317871 0.003418 0.010742
1 0.549072 0.316895 0.004395 0.014648
1 0.553223 0.320801 0.003906 0.018555
1 0.541748 0.334961 0.008301 0.046875
1 0.681396 0.319824 0.004395 0.016602
1 0.677002 0.352051 0.006348 0.061523
1 0.670654 0.351074 0.015137 0.063477
1 0.557129 0.316895 0.004883 0.014648
1 0.570312 0.317383 0.006836 0.019531
1 0.581543 0.316406 0.004883 0.013672
1 0.585205 0.316895 0.007324 0.016602
1 0.594482 0.339844 0.009277 0.064453
1 0.588867 0.353027 0.008789 0.067383
1 0.601562 0.333496 0.008789 0.061523
1 0.620361 0.318848 0.012207 0.032227
1 0.607910 0.346191 0.012695 0.077148
1 0.633301 0.358398 0.014648 0.087891
1 0.619385 0.360840 0.016113 0.084961
1 0.809814 0.380859 0.021973 0.183594
1 0.753906 0.388672 0.024414 0.189453
1 0.724365 0.468262 0.004395 0.067383
1 0.781494 0.398926 0.037598 0.276367
1 0.820068 0.408691 0.029785 0.245117
1 0.894287 0.414062 0.056152 0.296875
1 0.857178 0.424316 0.047363 0.276367
1 0.843506 0.426270 0.063965 0.291992
1 0.928955 0.423340 0.027832 0.266602
1 0.902588 0.420898 0.032715 0.279297
1 0.976074 0.422363 0.042969 0.319336
1 0.917236 0.434570 0.051270 0.314453
1 0.959961 0.457520 0.075195 0.383789
1 0.727295 0.407227 0.054199 0.263672
1 0.519043 0.333496 0.006836 0.032227
0 0.399902 0.346680 0.014648 0.031250
0 0.377441 0.350098 0.022461 0.040039
0 0.351562 0.360352 0.038086 0.060547
0 0.719971 0.332520 0.075684 0.151367
0 0.904785 0.364746 0.155273 0.270508