1 0.652100 0.373535 0.008301 0.055664
1 0.658936 0.376953 0.009277 0.050781
1 0.669434 0.363281 0.007812 0.054688
1 0.665283 0.370605 0.011230 0.061523
1 0.603516 0.368652 0.012695 0.071289
1 0.569336 0.368164 0.007812 0.072266
1 0.553711 0.388672 0.032227 0.191406
1 0.585449 0.385742 0.035156 0.216797
1 0.617920 0.389648 0.028809 0.193359
1 0.688965 0.374023 0.053711 0.193359
1 0.715576 0.375977 0.061035 0.199219
1 0.863770 0.376465 0.025391 0.200195
1 0.881592 0.381348 0.050293 0.200195
1 0.455566 0.380371 0.014648 0.137695
1 0.442871 0.372070 0.019531 0.154297
1 0.431396 0.380371 0.037598 0.153320
1 0.459473 0.368652 0.037109 0.172852
1 0.378418 0.379883 0.019531 0.148438
1 0.399902 0.374023 0.031250 0.156250
1 0.170898 0.387695 0.009766 0.046875
1 0.183105 0.389648 0.012695 0.060547
1 0.320801 0.382812 0.008789 0.031250
1 0.067383 0.392578 0.009766 0.056641
1 0.031738 0.397461 0.008789 0.056641
1 0.039551 0.397461 0.012695 0.054688
0 0.873047 0.375000 0.066406 0.070312
0 0.792725 0.382324 0.130371 0.106445
0 0.409424 0.401855 0.044434 0.065430