1 0.030029 0.429199 0.003418 0.006836
1 0.029297 0.437012 0.007812 0.020508
0 0.657227 0.388672 0.023438 0.031250
0 0.659424 0.436035 0.023926 0.067383
0 0.696777 0.435059 0.082031 0.079102
0 0.816650 0.380859 0.160645 0.132812
0 0.777100 0.442383 0.079590 0.121094
0 0.854980 0.442871 0.137695 0.147461
0 0.947266 0.453125 0.100586 0.173828
0 0.558594 0.403809 0.015625 0.026367
0 0.532715 0.434570 0.013672 0.037109
0 0.548096 0.436035 0.033691 0.049805
0 0.604248 0.412598 0.092285 0.161133
0 0.491943 0.429688 0.021973 0.046875
0 0.500244 0.434570 0.030762 0.041016
0 0.417725 0.425293 0.002441 0.014648
0 0.428711 0.425293 0.014648 0.018555
0 0.437744 0.426758 0.009277 0.017578
0 0.456299 0.423828 0.028809 0.054688
0 0.394287 0.419434 0.015137 0.026367
0 0.352051 0.431641 0.012695 0.021484
0 0.331299 0.421875 0.011230 0.007812
0 0.338379 0.430664 0.015625 0.023438
0 0.276855 0.428711 0.015625 0.019531
0 0.263184 0.431152 0.011719 0.014648
0 0.286133 0.443848 0.014648 0.022461
0 0.253906 0.439941 0.020508 0.022461
0 0.257568 0.441895 0.008301 0.018555
0 0.241699 0.441895 0.030273 0.018555
0 0.212402 0.455078 0.032227 0.048828
0 0.183594 0.461426 0.027344 0.047852
0 0.163086 0.464355 0.026367 0.051758
0 0.137695 0.463867 0.037109 0.062500
0 0.098633 0.469238 0.055664 0.071289
0 0.043701 0.474121 0.062012 0.081055