1 0.353760 0.390137 0.003418 0.014648
1 0.356445 0.392578 0.003906 0.009766
1 0.317871 0.208496 0.004883 0.010742
1 0.547607 0.395020 0.004395 0.024414
1 0.216064 0.216309 0.006348 0.010742
1 0.551514 0.394531 0.004395 0.023438
1 0.246338 0.216309 0.005371 0.008789
1 0.283936 0.211914 0.005371 0.011719
1 0.221924 0.213379 0.007324 0.016602
1 0.253906 0.214355 0.006836 0.010742
1 0.554688 0.394043 0.005859 0.022461
1 0.324707 0.204102 0.011719 0.023438
1 0.365234 0.210449 0.005859 0.008789
1 0.400879 0.206543 0.007812 0.014648
1 0.339355 0.213867 0.003906 0.003906
1 0.407471 0.207031 0.007324 0.013672
1 0.460205 0.208496 0.007324 0.008789
1 0.468750 0.203125 0.008789 0.019531
1 0.533203 0.206543 0.008789 0.012695
1 0.455566 0.209961 0.005859 0.005859
1 0.478271 0.205078 0.007324 0.015625
1 0.492432 0.205566 0.012207 0.014648
1 0.507080 0.203613 0.011230 0.018555
1 0.433105 0.208984 0.003906 0.007812
1 0.558594 0.393555 0.004883 0.023438
1 0.572998 0.209473 0.007324 0.006836
1 0.587646 0.208984 0.006348 0.007812
1 0.607178 0.207031 0.009277 0.011719
1 0.615479 0.206055 0.006348 0.013672
1 0.621338 0.208984 0.004395 0.007812
1 0.657715 0.210449 0.004883 0.006836
1 0.627197 0.208984 0.006348 0.007812
1 0.564453 0.205566 0.008789 0.014648
1 0.646973 0.212402 0.005859 0.002930
1 0.544678 0.203613 0.010254 0.018555
1 0.562256 0.391113 0.003418 0.024414
1 0.295898 0.214355 0.006836 0.006836
1 0.164062 0.218750 0.007812 0.013672
1 0.583496 0.394043 0.004883 0.026367
1 0.635742 0.379883 0.005859 0.015625
1 0.642090 0.380371 0.007812 0.018555
1 0.691895 0.375488 0.007812 0.012695
1 0.706787 0.373535 0.008301 0.014648
1 0.674316 0.378906 0.012695 0.021484
0 0.348145 0.404785 0.007812 0.026367
0 0.354248 0.409180 0.010254 0.023438
0 0.320312 0.424316 0.014648 0.030273
0 0.427490 0.406250 0.013184 0.021484
0 0.437256 0.406250 0.007324 0.023438
0 0.367188 0.424805 0.031250 0.041016
0 0.450928 0.402832 0.022949 0.034180
0 0.462646 0.408203 0.017090 0.025391
0 0.479492 0.401855 0.011719 0.028320
0 0.489502 0.402344 0.016113 0.033203
0 0.493164 0.407227 0.021484 0.035156
0 0.510010 0.401855 0.018066 0.024414
0 0.530762 0.389160 0.018555 0.016602
0 0.529785 0.409180 0.024414 0.037109
0 0.402100 0.415039 0.021973 0.029297
0 0.621582 0.412598 0.038086 0.053711
0 0.626953 0.416992 0.015625 0.050781
0 0.642822 0.419434 0.038574 0.061523
0 0.661133 0.424316 0.024414 0.069336
0 0.680908 0.423828 0.039551 0.083984
0 0.708252 0.424805 0.045410 0.089844
0 0.726318 0.434082 0.059082 0.108398