1 0.009521 0.347656 0.013184 0.048828
1 0.591553 0.362793 0.011230 0.028320
1 0.609375 0.365234 0.009766 0.025391
1 0.778320 0.420410 0.036133 0.184570
1 0.557617 0.361328 0.004883 0.015625
1 0.568115 0.363770 0.008301 0.020508
1 0.548584 0.364258 0.006348 0.021484
1 0.459229 0.357910 0.007324 0.008789
1 0.449707 0.357422 0.005859 0.009766
1 0.610840 0.364258 0.007812 0.017578
0 0.177002 0.353516 0.006348 0.015625
0 0.196533 0.349609 0.013184 0.007812
0 0.232910 0.375488 0.025391 0.051758
0 0.221924 0.378906 0.024902 0.056641
0 0.206055 0.381836 0.032227 0.062500
0 0.359375 0.377441 0.026367 0.045898
0 0.370850 0.381836 0.032715 0.052734
0 0.519287 0.389160 0.005371 0.057617
0 0.534424 0.388184 0.031738 0.061523
0 0.485840 0.371582 0.031250 0.038086
0 0.486328 0.395508 0.032227 0.058594
0 0.421143 0.383301 0.043457 0.045898
0 0.452881 0.400879 0.051270 0.077148