1 0.637207 0.377930 0.005859 0.027344
1 0.641602 0.377441 0.008789 0.020508
1 0.724121 0.363281 0.006836 0.019531
1 0.718994 0.363770 0.006348 0.018555
1 0.712891 0.368164 0.008789 0.023438
1 0.777344 0.469238 0.062500 0.360352
1 0.802979 0.469238 0.129395 0.401367
1 0.534912 0.387207 0.011230 0.014648
1 0.521973 0.455566 0.084961 0.356445
1 0.510986 0.483887 0.074707 0.340820
1 0.326416 0.413574 0.005371 0.028320
1 0.263916 0.409668 0.006348 0.043945
1 0.364014 0.462891 0.054199 0.281250
1 0.347412 0.468750 0.064941 0.294922
1 0.400391 0.455566 0.050781 0.370117
1 0.459473 0.496094 0.105469 0.417969
1 0.415039 0.518066 0.095703 0.436523
1 0.638672 0.514648 0.034180 0.130859
1 0.611328 0.458008 0.060547 0.388672
1 0.268555 0.413574 0.009766 0.043945
1 0.277100 0.411621 0.008301 0.047852
1 0.318115 0.476074 0.064941 0.301758
1 0.208496 0.467285 0.030273 0.297852
1 0.177002 0.429199 0.011230 0.061523
1 0.254883 0.469238 0.099609 0.459961
1 0.160156 0.470703 0.028320 0.246094
1 0.153320 0.509277 0.060547 0.448242
1 0.216553 0.494141 0.079590 0.291016
1 0.160156 0.578125 0.021484 0.103516
1 0.014160 0.714844 0.022461 0.091797
1 0.204834 0.505371 0.141113 0.467773
1 0.095459 0.497070 0.078613 0.457031
1 0.138672 0.526367 0.138672 0.509766
1 0.671875 0.460449 0.083008 0.319336
0 0.630615 0.389160 0.008301 0.034180
0 0.698242 0.405762 0.022461 0.055664
0 0.724121 0.409668 0.048828 0.075195
0 0.755371 0.412109 0.024414 0.089844
0 0.548584 0.396484 0.020020 0.027344
0 0.946045 0.416504 0.103027 0.166992