1 0.599121 0.343750 0.004883 0.007812
1 0.620605 0.340332 0.004883 0.010742
1 0.634521 0.337402 0.004395 0.012695
1 0.638184 0.337402 0.004883 0.012695
1 0.679443 0.333984 0.004395 0.009766
1 0.683594 0.334473 0.005859 0.008789
1 0.689941 0.331055 0.002930 0.013672
1 0.803223 0.324707 0.003906 0.006836
1 0.811279 0.323730 0.005371 0.006836
1 0.826416 0.320312 0.005371 0.011719
1 0.884521 0.318359 0.005371 0.009766
1 0.889648 0.317383 0.004883 0.009766
1 0.921875 0.318848 0.003906 0.002930
1 0.926270 0.316895 0.003906 0.006836
1 0.930176 0.316406 0.003906 0.005859
1 0.942383 0.315918 0.004883 0.006836
1 0.946777 0.314941 0.004883 0.006836
1 0.526123 0.352051 0.004395 0.008789
1 0.565918 0.381348 0.008789 0.069336
1 0.380615 0.377930 0.004395 0.027344
1 0.378174 0.381836 0.002441 0.017578
1 0.375000 0.377930 0.003906 0.035156
1 0.395264 0.381348 0.003418 0.018555
1 0.392334 0.377930 0.004395 0.025391
1 0.396484 0.367676 0.001953 0.006836
1 0.390137 0.395996 0.005859 0.036133
1 0.385010 0.396973 0.005371 0.034180
1 0.512695 0.524414 0.145508 0.521484
1 0.793701 0.491211 0.148926 0.539062
1 0.189209 0.499023 0.125488 0.505859
1 0.216797 0.495605 0.100586 0.569336