1 0.637939 0.375977 0.004395 0.033203
1 0.722168 0.362793 0.001953 0.010742
1 0.727783 0.360840 0.002441 0.004883
1 0.733154 0.383789 0.011230 0.050781
1 0.748535 0.374512 0.008789 0.040039
1 0.759766 0.375000 0.004883 0.037109
1 0.755371 0.378906 0.010742 0.060547
1 0.775635 0.374023 0.005371 0.039062
1 0.770508 0.377441 0.004883 0.047852
1 0.778320 0.373047 0.006836 0.027344
1 0.796631 0.375977 0.009277 0.044922
1 0.785400 0.388672 0.022949 0.095703
1 0.848145 0.364746 0.011719 0.028320
1 0.863037 0.365723 0.006348 0.022461
1 0.876465 0.365234 0.005859 0.021484
1 0.868652 0.363770 0.013672 0.026367
1 0.890625 0.358887 0.008789 0.038086
1 0.883301 0.360352 0.016602 0.033203
1 0.903076 0.362305 0.009277 0.033203
1 0.908936 0.358887 0.004395 0.024414
1 0.917480 0.353516 0.008789 0.027344
1 0.914795 0.356445 0.011230 0.027344
1 0.924561 0.354492 0.008301 0.033203
1 0.936035 0.367188 0.011719 0.058594
1 0.962158 0.344727 0.007324 0.025391
1 0.972900 0.371582 0.016113 0.061523
1 0.958252 0.360352 0.015137 0.035156
1 0.707031 0.405762 0.009766 0.081055
1 0.717041 0.378906 0.019043 0.060547
1 0.743652 0.406738 0.018555 0.122070
1 0.698730 0.411133 0.028320 0.119141
1 0.665527 0.425781 0.020508 0.080078
1 0.677002 0.414062 0.024902 0.103516
1 0.634033 0.377441 0.004395 0.032227
1 0.598389 0.380371 0.005371 0.022461
1 0.591064 0.379395 0.004395 0.024414
1 0.540771 0.379395 0.003418 0.018555
1 0.565674 0.407715 0.014160 0.102539
1 0.570801 0.412109 0.027344 0.117188
1 0.579346 0.417480 0.033691 0.133789
1 0.535400 0.408203 0.025879 0.119141
1 0.473877 0.402344 0.011230 0.109375
1 0.469238 0.412598 0.020508 0.112305
1 0.452393 0.397949 0.021973 0.094727
1 0.446289 0.398926 0.015625 0.081055
1 0.154053 0.385254 0.013184 0.030273
1 0.124756 0.397949 0.008301 0.014648
1 0.115723 0.397949 0.008789 0.020508
1 0.105957 0.401855 0.012695 0.022461
1 0.509766 0.416016 0.027344 0.109375
1 0.073242 0.412109 0.010742 0.048828
1 0.137207 0.393066 0.010742 0.020508
1 0.024658 0.447266 0.036621 0.160156
1 0.008301 0.475098 0.010742 0.096680
0 0.647217 0.382812 0.020020 0.037109
0 0.655273 0.384277 0.010742 0.034180
0 0.690186 0.389160 0.022949 0.053711
0 0.669922 0.388672 0.007812 0.042969
0 0.879883 0.510254 0.235352 0.270508
0 0.614502 0.376465 0.002441 0.018555
0 0.112305 0.395508 0.121094 0.097656
0 0.590820 0.373535 0.007812 0.008789
0 0.576416 0.378906 0.003418 0.011719
0 0.549561 0.367188 0.010254 0.009766
0 0.546387 0.381836 0.010742 0.019531
0 0.553711 0.379395 0.011719 0.022461
0 0.490723 0.400391 0.029297 0.054688
0 0.425537 0.403809 0.032715 0.063477
0 0.253174 0.616699 0.426270 0.573242