1 0.107666 0.390625 0.013184 0.083984
1 0.186279 0.416016 0.019043 0.042969
1 0.230469 0.455566 0.084961 0.444336
1 0.364014 0.386719 0.005371 0.007812
1 0.540283 0.472168 0.083496 0.358398
1 0.843262 0.348145 0.005859 0.014648
1 0.865479 0.365234 0.011230 0.048828
1 0.683838 0.487305 0.054199 0.345703
1 0.717529 0.481934 0.082520 0.426758
1 0.984619 0.450684 0.025879 0.043945
1 0.993896 0.460938 0.007324 0.007812
1 0.993652 0.677734 0.007812 0.027344
0 0.443604 0.372070 0.009277 0.005859
0 0.432373 0.371094 0.011230 0.007812
0 0.417969 0.370605 0.012695 0.010742
0 0.342773 0.373047 0.013672 0.009766
0 0.729492 0.381348 0.223633 0.166992
0 0.814941 0.406250 0.105469 0.105469
0 0.912598 0.403809 0.169922 0.102539