1 0.640137 0.372070 0.005859 0.009766
1 0.624512 0.382812 0.006836 0.037109
1 0.574219 0.389160 0.005859 0.030273
1 0.578369 0.386230 0.006348 0.034180
1 0.581787 0.385742 0.006348 0.039062
1 0.602051 0.386719 0.008789 0.033203
1 0.562744 0.389648 0.007324 0.037109
1 0.568848 0.387207 0.007812 0.038086
1 0.436523 0.397949 0.006836 0.016602
1 0.407959 0.402832 0.006348 0.012695
1 0.412598 0.402344 0.003906 0.015625
1 0.419922 0.401367 0.003906 0.015625
1 0.442871 0.398926 0.007812 0.016602
1 0.447510 0.403320 0.002441 0.007812
1 0.450195 0.401367 0.002930 0.013672
1 0.456543 0.394043 0.003906 0.018555
1 0.469482 0.394531 0.005371 0.017578
1 0.464600 0.392090 0.008301 0.022461
1 0.485107 0.391113 0.003418 0.020508
1 0.496826 0.395508 0.004395 0.009766
1 0.501221 0.391113 0.002441 0.018555
1 0.512207 0.388672 0.003906 0.023438
1 0.510498 0.389648 0.005371 0.021484
1 0.506592 0.390625 0.002441 0.019531
1 0.516113 0.386719 0.004883 0.025391
1 0.518555 0.387695 0.003906 0.023438
1 0.982910 0.319824 0.005859 0.012695
1 0.997070 0.317871 0.000977 0.010742
1 0.993896 0.319824 0.004395 0.010742
1 0.966553 0.323730 0.003418 0.012695
1 0.973877 0.323242 0.006348 0.009766
1 0.917969 0.333008 0.007812 0.019531
1 0.872070 0.365723 0.009766 0.075195
1 0.894775 0.368652 0.015137 0.061523
1 0.679688 0.397461 0.013672 0.060547
1 0.668457 0.395020 0.014648 0.069336
1 0.903809 0.349121 0.010742 0.038086
0 0.543945 0.386230 0.002930 0.006836
0 0.554443 0.393066 0.023926 0.022461
0 0.602783 0.386230 0.020996 0.028320
0 0.623779 0.382812 0.018066 0.029297
0 0.682129 0.363770 0.010742 0.010742
0 0.655273 0.380859 0.050781 0.044922
0 0.684082 0.393555 0.024414 0.070312