1 0.133301 0.334961 0.009766 0.025391
1 0.226807 0.359863 0.010254 0.024414
1 0.452637 0.387207 0.005859 0.032227
1 0.588623 0.351074 0.006348 0.012695
1 0.664551 0.431641 0.030273 0.224609
1 0.710205 0.336426 0.022949 0.073242
1 0.687500 0.372559 0.034180 0.127930
1 0.377441 0.396973 0.007812 0.040039
1 0.235107 0.361328 0.011230 0.021484
0 0.423340 0.385742 0.013672 0.013672
0 0.428467 0.387695 0.012207 0.015625
0 0.375977 0.395508 0.014648 0.035156
0 0.351074 0.395020 0.038086 0.081055
0 0.348633 0.403809 0.027344 0.067383
0 0.345459 0.411133 0.020020 0.068359
0 0.128174 0.365234 0.030762 0.054688
0 0.438477 0.387695 0.008789 0.015625
0 0.458740 0.387695 0.008301 0.037109
0 0.470459 0.388184 0.023926 0.043945
0 0.483154 0.395020 0.013184 0.041992
0 0.311279 0.403320 0.053223 0.113281
0 0.488770 0.396484 0.013672 0.044922
0 0.498047 0.395508 0.022461 0.046875
0 0.509277 0.399902 0.019531 0.055664
0 0.284668 0.427246 0.062500 0.106445
0 0.524170 0.400879 0.032715 0.061523
0 0.542725 0.404785 0.027832 0.071289
0 0.563965 0.406250 0.041016 0.099609
0 0.590332 0.411621 0.059570 0.112305
0 0.620850 0.424316 0.050293 0.145508
0 0.698975 0.405762 0.140137 0.237305
0 0.727051 0.459473 0.112305 0.262695
0 0.862793 0.500977 0.269531 0.494141
0 0.975342 0.500488 0.044434 0.047852
0 0.246094 0.436523 0.064453 0.130859
0 0.083008 0.473145 0.160156 0.252930