1 0.962646 0.356934 0.004395 0.024414
1 0.966797 0.358887 0.003906 0.028320
1 0.665771 0.361816 0.003418 0.036133
1 0.657471 0.373535 0.005371 0.045898
1 0.648438 0.373047 0.003906 0.017578
1 0.652832 0.374512 0.007812 0.049805
1 0.631104 0.361328 0.002441 0.019531
1 0.628662 0.375488 0.006348 0.053711
1 0.619141 0.371582 0.002930 0.036133
1 0.626709 0.377930 0.005371 0.048828
1 0.622803 0.374023 0.007324 0.052734
1 0.575439 0.347656 0.003418 0.017578
1 0.571777 0.346191 0.004883 0.024414
1 0.567139 0.346191 0.006348 0.024414
1 0.561768 0.348145 0.007324 0.034180
1 0.568115 0.366699 0.006348 0.038086
1 0.568115 0.395508 0.006348 0.023438
1 0.529053 0.350098 0.008301 0.034180
1 0.534424 0.349609 0.004395 0.035156
1 0.493408 0.348145 0.005371 0.034180
1 0.502930 0.345215 0.003906 0.030273
1 0.510986 0.349609 0.004395 0.035156
1 0.514893 0.348145 0.005371 0.043945
1 0.517822 0.347656 0.004395 0.042969
1 0.507568 0.354980 0.007324 0.040039
1 0.500000 0.343750 0.009766 0.029297
1 0.456055 0.347168 0.004883 0.041992
1 0.460693 0.344238 0.009277 0.045898
1 0.467285 0.345703 0.006836 0.039062
1 0.474121 0.343750 0.009766 0.046875
1 0.480713 0.348633 0.008301 0.037109
1 0.396484 0.345215 0.004883 0.047852
1 0.394043 0.347656 0.002930 0.048828
1 0.411865 0.341797 0.005371 0.035156
1 0.406982 0.337402 0.006348 0.040039
1 0.399902 0.344727 0.006836 0.042969
1 0.405518 0.343262 0.010254 0.038086
1 0.428711 0.343750 0.003906 0.025391
1 0.424072 0.343262 0.007324 0.028320
1 0.416748 0.340820 0.010254 0.039062
1 0.432617 0.347168 0.005859 0.041992
1 0.446045 0.324707 0.006348 0.010742
1 0.451172 0.344727 0.007812 0.042969
1 0.436768 0.345215 0.007324 0.034180
1 0.443848 0.349121 0.008789 0.049805
1 0.369629 0.328613 0.012695 0.038086
1 0.350586 0.349121 0.005859 0.038086
1 0.358398 0.340332 0.011719 0.055664
1 0.368652 0.343262 0.010742 0.049805
1 0.465820 0.382324 0.010742 0.047852
1 0.474365 0.388184 0.011230 0.057617
1 0.417236 0.363281 0.005371 0.017578
1 0.421631 0.370605 0.008301 0.028320
1 0.437256 0.366699 0.007324 0.014648
1 0.427734 0.364746 0.012695 0.020508
1 0.450195 0.366211 0.009766 0.017578
1 0.407471 0.395996 0.008301 0.057617
1 0.413818 0.388184 0.008301 0.059570
1 0.342529 0.339844 0.008301 0.029297
1 0.325928 0.343750 0.005371 0.048828
1 0.333252 0.348145 0.004395 0.040039
1 0.338379 0.349121 0.012695 0.038086
1 0.320801 0.340820 0.014648 0.054688
1 0.292480 0.337891 0.004883 0.056641
1 0.300537 0.340820 0.004395 0.056641
1 0.181885 0.332520 0.013184 0.073242
1 0.205811 0.347168 0.004395 0.045898
1 0.216064 0.346680 0.009277 0.046875
1 0.209717 0.347168 0.006348 0.043945
1 0.246826 0.348633 0.005371 0.041016
1 0.268066 0.347656 0.007812 0.044922
1 0.251221 0.346191 0.010254 0.045898
1 0.260254 0.343262 0.010742 0.053711
1 0.224609 0.346680 0.007812 0.044922
1 0.236084 0.344238 0.004395 0.051758
1 0.232178 0.343750 0.010254 0.052734
1 0.241699 0.344727 0.009766 0.050781
1 0.201660 0.344238 0.011719 0.051758
1 0.195801 0.358398 0.011719 0.019531
1 0.189697 0.338867 0.015137 0.060547
1 0.152100 0.339844 0.007324 0.056641
1 0.144043 0.334961 0.014648 0.064453
1 0.090576 0.338867 0.013184 0.050781
1 0.064209 0.330078 0.015137 0.058594
1 0.076416 0.345215 0.008301 0.026367
1 0.048828 0.325195 0.008789 0.070312
1 0.032715 0.328613 0.005859 0.038086
1 0.038574 0.325684 0.022461 0.069336
1 0.010010 0.322266 0.012207 0.064453
1 0.018311 0.321289 0.012207 0.072266
1 0.024902 0.324707 0.013672 0.071289
1 0.573730 0.373535 0.006836 0.036133
1 0.556396 0.367676 0.009277 0.036133
1 0.064941 0.403320 0.007812 0.083984
1 0.071777 0.398926 0.014648 0.096680
0 0.926514 0.354004 0.011230 0.006836
0 0.817383 0.345215 0.035156 0.022461
0 0.822998 0.358887 0.034668 0.028320
0 0.775879 0.368164 0.014648 0.039062
0 0.802490 0.373535 0.023926 0.034180
0 0.917969 0.367676 0.014648 0.045898
0 0.897949 0.376465 0.039062 0.065430
0 0.760010 0.368164 0.015137 0.039062
0 0.739502 0.367676 0.026855 0.045898
0 0.725586 0.378418 0.026367 0.038086
0 0.347412 0.401855 0.071777 0.059570
0 0.533203 0.395996 0.056641 0.057617
0 0.439209 0.431641 0.073730 0.119141