1 0.845947 0.345703 0.018066 0.021484
1 0.812744 0.360840 0.014160 0.036133
1 0.794678 0.356445 0.012207 0.033203
1 0.786133 0.354492 0.007812 0.027344
1 0.754883 0.355469 0.014648 0.050781
1 0.771729 0.356445 0.018066 0.042969
1 0.743408 0.357910 0.016113 0.051758
1 0.735596 0.363281 0.008301 0.044922
1 0.713379 0.347656 0.005859 0.013672
1 0.724121 0.351562 0.017578 0.070312
1 0.382568 0.405762 0.025879 0.161133
1 0.392090 0.413574 0.038086 0.151367
1 0.257812 0.421875 0.028320 0.158203
1 0.269775 0.423340 0.030762 0.137695
1 0.545410 0.422363 0.017578 0.233398
1 0.531982 0.420410 0.022949 0.264648
1 0.567871 0.438965 0.045898 0.250977
1 0.197510 0.486816 0.015137 0.041992
1 0.218750 0.431152 0.060547 0.270508
1 0.138184 0.323242 0.015625 0.039062
1 0.109863 0.428223 0.054688 0.301758
1 0.156494 0.449707 0.068848 0.329102
1 0.026855 0.459961 0.047852 0.324219
0 0.886963 0.368652 0.046387 0.077148
0 0.842773 0.411133 0.110352 0.109375
0 0.973389 0.374023 0.048340 0.103516