1 0.640381 0.354004 0.006348 0.028320
1 0.698975 0.358398 0.006348 0.025391
1 0.809570 0.384277 0.004883 0.016602
1 0.805908 0.381348 0.006348 0.016602
1 0.801758 0.383301 0.007812 0.010742
1 0.766846 0.379395 0.005371 0.014648
1 0.774414 0.378418 0.008789 0.014648
1 0.718018 0.374023 0.007324 0.009766
1 0.686523 0.435547 0.018555 0.171875
1 0.578125 0.436035 0.044922 0.170898
1 0.990723 0.392578 0.013672 0.144531
1 0.408447 0.342285 0.008301 0.040039
1 0.419678 0.355469 0.006348 0.025391
1 0.447021 0.356934 0.011230 0.043945
1 0.472168 0.428711 0.022461 0.166016
1 0.464355 0.437012 0.031250 0.178711
1 0.417236 0.414551 0.006348 0.034180
1 0.476318 0.438965 0.047363 0.202148
1 0.437256 0.448730 0.045410 0.163086
1 0.438721 0.433594 0.059082 0.224609
1 0.516357 0.434082 0.032715 0.155273
1 0.527100 0.429199 0.041504 0.186523
1 0.350098 0.332031 0.005859 0.015625
1 0.345215 0.337891 0.011719 0.033203
1 0.337158 0.344727 0.014160 0.039062
1 0.355957 0.330566 0.006836 0.010742
1 0.369629 0.330078 0.008789 0.015625
1 0.378174 0.335938 0.008301 0.021484
1 0.385742 0.350586 0.009766 0.050781
1 0.367676 0.340332 0.012695 0.036133
1 0.311768 0.350586 0.003418 0.039062
1 0.318848 0.340820 0.005859 0.009766
1 0.327881 0.360352 0.013184 0.052734
1 0.368408 0.346680 0.008301 0.017578
1 0.337646 0.420410 0.020020 0.151367
1 0.337402 0.442871 0.020508 0.147461
1 0.367920 0.364258 0.009277 0.031250
1 0.351074 0.437012 0.020508 0.165039
1 0.364014 0.372559 0.008301 0.028320
1 0.385498 0.419922 0.016113 0.146484
1 0.394775 0.427734 0.021973 0.164062
1 0.381104 0.428711 0.027832 0.167969
1 0.362061 0.433105 0.040527 0.198242
1 0.060059 0.340332 0.003906 0.034180
1 0.051270 0.355469 0.010742 0.060547
1 0.069336 0.324707 0.016602 0.057617
1 0.124512 0.331543 0.007812 0.049805
1 0.119385 0.342285 0.012207 0.094727
1 0.083496 0.346680 0.009766 0.083984
1 0.089600 0.345703 0.012207 0.085938
1 0.099121 0.309570 0.015625 0.044922
1 0.110352 0.318359 0.017578 0.054688
1 0.132324 0.324707 0.011719 0.063477
1 0.094971 0.369141 0.020996 0.105469
1 0.155762 0.318359 0.017578 0.050781
1 0.111572 0.393066 0.025879 0.147461
1 0.168945 0.338379 0.010742 0.043945
1 0.160889 0.396484 0.013184 0.121094
1 0.146729 0.394043 0.025879 0.161133
1 0.129395 0.402344 0.019531 0.138672
1 0.167236 0.392090 0.014160 0.088867
1 0.041504 0.404297 0.020508 0.138672
1 0.026855 0.402832 0.041992 0.157227
1 0.072754 0.404785 0.034180 0.149414
1 0.289795 0.335449 0.005371 0.022461
1 0.262451 0.336426 0.012207 0.043945
1 0.247803 0.328125 0.009277 0.019531
1 0.224365 0.324707 0.005371 0.012695
1 0.232422 0.323242 0.001953 0.005859
1 0.228027 0.331055 0.007812 0.025391
1 0.203369 0.341309 0.008301 0.034180
1 0.205322 0.347168 0.009277 0.028320
1 0.196045 0.327637 0.019043 0.055664
1 0.234131 0.333496 0.013184 0.038086
1 0.219482 0.333496 0.014160 0.026367
1 0.191406 0.412109 0.013672 0.187500
1 0.274170 0.333984 0.014160 0.041016
1 0.258789 0.403809 0.018555 0.141602
1 0.212891 0.418945 0.023438 0.158203
1 0.264893 0.414551 0.020020 0.145508
1 0.205811 0.432617 0.010254 0.113281
1 0.297119 0.396973 0.018066 0.127930
1 0.279785 0.422363 0.035156 0.182617
1 0.248779 0.429688 0.039551 0.197266
1 0.240967 0.434570 0.049316 0.208984
1 0.194336 0.441895 0.040039 0.178711
1 0.176514 0.441895 0.035645 0.182617
1 0.216064 0.443848 0.048340 0.204102
1 0.318604 0.438477 0.032715 0.191406
0 0.848633 0.405762 0.061523 0.051758
0 0.740723 0.408203 0.047852 0.074219
0 0.779053 0.437012 0.097168 0.102539
0 0.581299 0.436523 0.110840 0.119141
0 0.697510 0.380371 0.041504 0.026367
0 0.709717 0.434570 0.030762 0.111328