1 0.539795 0.376465 0.007324 0.040039
1 0.449219 0.379883 0.006836 0.029297
1 0.462891 0.385254 0.006836 0.045898
1 0.455811 0.386230 0.009277 0.047852
1 0.288574 0.354004 0.019531 0.061523
1 0.272461 0.343262 0.011719 0.049805
1 0.244629 0.357422 0.010742 0.035156
1 0.215576 0.349121 0.019043 0.079102
1 0.176514 0.367676 0.029785 0.172852
1 0.051514 0.377441 0.054199 0.221680
1 0.007324 0.339355 0.008789 0.106445
1 0.358887 0.395996 0.024414 0.178711
1 0.331055 0.392090 0.040039 0.190430
1 0.576660 0.372559 0.005859 0.022461
1 0.647705 0.413574 0.036621 0.170898
1 0.426758 0.381348 0.006836 0.045898
0 0.519775 0.372070 0.034668 0.085938
0 0.390137 0.394043 0.033203 0.071289
0 0.362305 0.398926 0.042969 0.088867
0 0.017090 0.496582 0.028320 0.256836
0 0.865723 0.501953 0.263672 0.335938
0 0.562500 0.398926 0.029297 0.055664
0 0.598877 0.391113 0.047363 0.110352
0 0.664795 0.381836 0.115723 0.222656
0 0.473389 0.383789 0.017090 0.025391