1 0.031982 0.387207 0.006348 0.014648
1 0.071533 0.409180 0.007324 0.058594
1 0.048584 0.389648 0.005371 0.017578
1 0.042480 0.402832 0.012695 0.045898
1 0.095459 0.408203 0.007324 0.062500
1 0.089844 0.407715 0.010742 0.065430
1 0.080811 0.428223 0.018066 0.102539
1 0.099854 0.412109 0.008301 0.064453
1 0.114014 0.408691 0.007324 0.055664
1 0.108643 0.420410 0.013184 0.069336
1 0.118652 0.413574 0.008789 0.059570
1 0.125244 0.414062 0.008301 0.050781
1 0.138428 0.423340 0.007324 0.069336
1 0.146484 0.417969 0.010742 0.068359
1 0.133545 0.436035 0.019043 0.084961
1 0.161377 0.430176 0.014160 0.092773
1 0.177246 0.430176 0.013672 0.092773
1 0.172607 0.430664 0.020020 0.089844
1 0.322021 0.417480 0.011230 0.038086
1 0.218994 0.427246 0.006348 0.098633
1 0.398193 0.433594 0.011230 0.068359
1 0.227783 0.432617 0.019043 0.097656
1 0.461914 0.439453 0.027344 0.111328
1 0.479492 0.398438 0.008789 0.052734
1 0.485107 0.434570 0.026855 0.136719
1 0.491699 0.432617 0.033203 0.140625
1 0.867920 0.415527 0.006348 0.032227
1 0.877686 0.409180 0.010254 0.029297
1 0.865234 0.434082 0.012695 0.063477
1 0.547363 0.466797 0.024414 0.082031
1 0.823975 0.437012 0.030762 0.157227
1 0.803467 0.435547 0.031738 0.162109
1 0.514648 0.431641 0.015625 0.140625
1 0.519043 0.438477 0.009766 0.142578
1 0.532715 0.434082 0.036133 0.180664
1 0.566650 0.429199 0.027832 0.141602
1 0.539795 0.442383 0.040527 0.183594
1 0.629395 0.438965 0.020508 0.122070
1 0.589844 0.440430 0.023438 0.136719
1 0.663086 0.429199 0.020508 0.141602
1 0.677734 0.434570 0.028320 0.130859
1 0.643066 0.432617 0.020508 0.140625
1 0.657227 0.430176 0.024414 0.135742
1 0.658447 0.439453 0.024902 0.154297
1 0.702637 0.429688 0.038086 0.167969
1 0.724121 0.446777 0.027344 0.159180
1 0.765625 0.441406 0.033203 0.212891
1 0.740479 0.458008 0.036621 0.183594
1 0.255371 0.424316 0.021484 0.041992
1 0.254639 0.430664 0.015137 0.105469
1 0.276123 0.428223 0.023926 0.112305
1 0.289307 0.433105 0.022949 0.100586
0 0.986084 0.411621 0.022949 0.026367
0 0.969482 0.452637 0.051270 0.090820
0 0.916016 0.451660 0.094727 0.106445
0 0.040283 0.531250 0.074707 0.330078