1 0.084717 0.383789 0.017090 0.109375
1 0.243652 0.411133 0.027344 0.101562
1 0.208008 0.397949 0.021484 0.137695
1 0.228271 0.370117 0.027832 0.111328
1 0.572998 0.384277 0.005371 0.022461
1 0.587402 0.387695 0.003906 0.013672
1 0.086670 0.398438 0.028809 0.152344
1 0.024902 0.409668 0.015625 0.106445
1 0.058105 0.390625 0.034180 0.068359
1 0.352539 0.405762 0.033203 0.116211
1 0.384521 0.412109 0.030762 0.109375
1 0.414307 0.396484 0.038574 0.142578
1 0.451660 0.470215 0.120117 0.448242
1 0.528564 0.381836 0.005371 0.015625
1 0.948486 0.416016 0.077637 0.183594
1 0.957031 0.437012 0.081055 0.139648
1 0.882568 0.382324 0.041504 0.256836
1 0.052979 0.411621 0.027832 0.106445
1 0.017578 0.410645 0.029297 0.112305
1 0.407715 0.418457 0.021484 0.098633
1 0.583008 0.384766 0.004883 0.025391
1 0.578369 0.383301 0.005371 0.024414
1 0.589600 0.386230 0.004395 0.016602
0 0.474854 0.416504 0.105957 0.077148
0 0.603760 0.382812 0.004395 0.017578
0 0.634033 0.369629 0.001465 0.000977
0 0.697998 0.386230 0.097168 0.077148
0 0.987061 0.352539 0.020996 0.058594
0 0.516846 0.402832 0.014160 0.049805
0 0.509766 0.405273 0.015625 0.054688
0 0.505615 0.414551 0.009277 0.057617
0 0.689941 0.389648 0.040039 0.080078
0 0.610596 0.375000 0.009277 0.015625
0 0.695557 0.394043 0.025879 0.075195
0 0.723877 0.399414 0.072754 0.091797
0 0.610840 0.384277 0.016602 0.034180
0 0.620850 0.385254 0.024902 0.032227
0 0.636963 0.385742 0.024902 0.033203