1 0.511963 0.396484 0.006348 0.025391
0 0.411865 0.416016 0.009277 0.039062
0 0.410156 0.419434 0.012695 0.045898
0 0.406982 0.420410 0.006348 0.045898
0 0.385498 0.414551 0.037598 0.071289
0 0.379150 0.423828 0.032715 0.054688
0 0.349121 0.428711 0.041016 0.083984
0 0.339600 0.436035 0.021973 0.088867
0 0.225830 0.408203 0.213379 0.380859
0 0.498291 0.409668 0.017090 0.036133
0 0.479492 0.413574 0.030273 0.043945
0 0.555176 0.414551 0.056641 0.102539
0 0.563721 0.424805 0.045410 0.095703
0 0.586914 0.446777 0.025391 0.100586
0 0.667236 0.471191 0.071777 0.235352
0 0.843018 0.458008 0.309082 0.574219
0 0.953125 0.727051 0.088867 0.403320