1 0.012695 0.575195 0.019531 0.070312
1 0.738525 0.348633 0.016113 0.023438
1 0.915527 0.299805 0.013672 0.029297
1 0.901367 0.303711 0.018555 0.039062
1 0.935547 0.333496 0.057617 0.133789
1 0.977295 0.348145 0.023926 0.118164
1 0.992432 0.304688 0.010254 0.037109
1 0.982666 0.358398 0.029785 0.167969
0 0.631592 0.429199 0.040527 0.075195
0 0.626221 0.437988 0.027832 0.059570
0 0.606445 0.436523 0.038086 0.066406
0 0.575928 0.435059 0.049316 0.079102
0 0.531738 0.438965 0.063477 0.086914
0 0.346436 0.434570 0.147949 0.240234
0 0.958008 0.640625 0.079102 0.402344
0 0.695068 0.454102 0.100098 0.189453
0 0.845215 0.484863 0.293945 0.340820