1 0.546875 0.120117 0.006836 0.031250
1 0.512451 0.140625 0.009277 0.039062
1 0.395020 0.260742 0.008789 0.039062
1 0.516113 0.141602 0.006836 0.027344
1 0.405273 0.252930 0.010742 0.035156
1 0.477295 0.190430 0.006348 0.037109
1 0.483887 0.189453 0.006836 0.027344
1 0.449707 0.200195 0.007812 0.033203
1 0.457520 0.202637 0.009766 0.030273
1 0.263916 0.413086 0.012207 0.082031
1 0.333252 0.426758 0.032715 0.162109
1 0.276611 0.415039 0.015137 0.076172
1 0.404785 0.424805 0.007812 0.142578
1 0.480225 0.403809 0.009277 0.088867
1 0.387451 0.422852 0.017090 0.150391
1 0.393311 0.428711 0.025879 0.156250
1 0.424316 0.433105 0.011719 0.147461
1 0.412842 0.428711 0.029785 0.169922
1 0.433594 0.425293 0.024414 0.174805
1 0.471191 0.433594 0.017578 0.142578
1 0.458740 0.427246 0.039551 0.172852
1 0.494873 0.425781 0.033691 0.154297
1 0.369629 0.432129 0.040039 0.153320
1 0.541260 0.420898 0.049316 0.189453
0 0.639648 0.429199 0.161133 0.100586