1 0.833252 0.373047 0.007324 0.023438
1 0.833008 0.388672 0.010742 0.046875
1 0.861328 0.391602 0.008789 0.048828
1 0.855225 0.389648 0.012207 0.050781
1 0.844482 0.386719 0.026855 0.056641
1 0.887207 0.388184 0.012695 0.057617
1 0.872559 0.381836 0.019531 0.068359
1 0.894531 0.381348 0.006836 0.071289
1 0.913574 0.383301 0.004883 0.069336
1 0.936279 0.373535 0.012207 0.030273
1 0.921387 0.381348 0.019531 0.073242
1 0.979736 0.382812 0.017090 0.070312
1 0.992432 0.375977 0.010254 0.050781
0 0.010986 0.426758 0.016113 0.056641
0 0.124023 0.454590 0.017578 0.024414
0 0.051270 0.472656 0.028320 0.048828
0 0.079590 0.459473 0.062500 0.077148
0 0.024658 0.478027 0.043457 0.057617
0 0.093018 0.471191 0.056152 0.061523
0 0.387207 0.429688 0.009766 0.025391
0 0.444580 0.432129 0.016113 0.034180
0 0.419189 0.442871 0.048340 0.077148
0 0.463623 0.439941 0.039551 0.059570
0 0.379395 0.434082 0.016602 0.041992
0 0.366211 0.444824 0.028320 0.069336
0 0.322021 0.430664 0.070801 0.125000
0 0.223145 0.517090 0.247070 0.278320
0 0.487305 0.438965 0.017578 0.090820
0 0.523926 0.443848 0.083984 0.133789
0 0.990723 0.407715 0.013672 0.022461