1 0.516113 0.393066 0.006836 0.022461
1 0.527344 0.389648 0.004883 0.009766
1 0.284180 0.397949 0.032227 0.086914
1 0.761719 0.485840 0.084961 0.428711
1 0.659912 0.461914 0.083496 0.474609
0 0.543213 0.403320 0.066895 0.048828
0 0.599609 0.406250 0.011719 0.054688
0 0.603516 0.415527 0.007812 0.055664
0 0.617188 0.385742 0.028320 0.156250
0 0.481689 0.409180 0.017090 0.041016
0 0.477783 0.423828 0.022949 0.066406
0 0.474365 0.428711 0.018066 0.072266
0 0.457031 0.432129 0.035156 0.102539
0 0.435303 0.437012 0.052246 0.110352
0 0.382080 0.462891 0.117676 0.177734
0 0.195557 0.536133 0.293457 0.347656