1 0.113281 0.427246 0.022461 0.108398
1 0.144043 0.432617 0.019531 0.107422
1 0.164551 0.433594 0.017578 0.103516
1 0.308105 0.407715 0.008789 0.028320
0 0.557129 0.413574 0.013672 0.043945
0 0.902832 0.430176 0.089844 0.065430
0 0.565918 0.420410 0.013672 0.038086
0 0.088135 0.372070 0.031738 0.007812
0 0.456543 0.401855 0.016602 0.012695
0 0.447510 0.415527 0.017090 0.030273
0 0.441650 0.417480 0.010254 0.028320
0 0.464355 0.414062 0.019531 0.029297
0 0.481201 0.414062 0.014160 0.021484
0 0.490234 0.411133 0.004883 0.013672
0 0.520996 0.446289 0.079102 0.121094