1 0.008301 0.390625 0.009766 0.011719
1 0.069336 0.397461 0.006836 0.007812
1 0.018799 0.387695 0.005371 0.013672
1 0.248535 0.423828 0.007812 0.035156
1 0.389160 0.417480 0.004883 0.020508
1 0.709961 0.436523 0.006836 0.042969
1 0.981201 0.446289 0.015137 0.082031
1 0.966797 0.442871 0.019531 0.108398
0 0.037354 0.443848 0.068848 0.098633
0 0.335205 0.418945 0.010254 0.011719
0 0.374023 0.416016 0.007812 0.011719
0 0.369385 0.432617 0.020020 0.037109
0 0.347412 0.433594 0.031738 0.048828
0 0.270752 0.408203 0.002441 0.001953
0 0.273438 0.401855 0.005859 0.014648
0 0.261963 0.441406 0.020996 0.054688
0 0.296387 0.428223 0.058594 0.094727
0 0.201416 0.440430 0.043457 0.083984
0 0.127930 0.439941 0.125000 0.147461
0 0.614258 0.432617 0.005859 0.027344
0 0.656006 0.448730 0.042480 0.051758
0 0.794922 0.456055 0.119141 0.101562