1 0.126709 0.388672 0.007324 0.017578
1 0.158691 0.376953 0.004883 0.007812
1 0.169189 0.382812 0.005371 0.021484
1 0.200928 0.383301 0.008301 0.026367
1 0.208008 0.384277 0.005859 0.022461
1 0.218262 0.384277 0.005859 0.022461
1 0.214111 0.382812 0.008301 0.025391
1 0.242188 0.390137 0.005859 0.040039
1 0.237305 0.390137 0.009766 0.045898
1 0.245605 0.388672 0.006836 0.033203
1 0.267334 0.390625 0.014160 0.037109
1 0.280762 0.390137 0.013672 0.045898
1 0.296631 0.370605 0.003418 0.008789
1 0.292236 0.389160 0.010254 0.049805
1 0.307617 0.386719 0.008789 0.039062
1 0.303467 0.388184 0.005371 0.038086
1 0.541992 0.360352 0.009766 0.039062
1 0.542969 0.381348 0.013672 0.067383
1 0.537598 0.383789 0.019531 0.054688
1 0.557129 0.400879 0.015625 0.120117
1 0.575684 0.394531 0.011719 0.097656
1 0.568115 0.406738 0.024902 0.118164
1 0.589355 0.399902 0.019531 0.071289
1 0.603271 0.389160 0.013184 0.083008
1 0.620605 0.412109 0.026367 0.160156
1 0.615723 0.429199 0.031250 0.157227
1 0.968018 0.649414 0.015137 0.074219
1 0.800781 0.345215 0.029297 0.067383
1 0.908203 0.331055 0.012695 0.060547
1 0.898438 0.337402 0.016602 0.051758
1 0.859619 0.417480 0.040527 0.206055
1 0.687012 0.418457 0.039062 0.204102
1 0.649902 0.421875 0.039062 0.205078
1 0.968750 0.477539 0.057617 0.619141
0 0.033691 0.400879 0.017578 0.018555
0 0.094482 0.397949 0.013184 0.008789
0 0.103760 0.399902 0.015137 0.012695
0 0.115723 0.399902 0.022461 0.008789
0 0.125488 0.399902 0.011719 0.006836
0 0.146973 0.408203 0.036133 0.054688
0 0.157959 0.417480 0.023926 0.047852
0 0.182129 0.416504 0.039062 0.055664
0 0.211670 0.422363 0.045410 0.053711
0 0.424072 0.392090 0.118652 0.206055
0 0.494873 0.450684 0.127441 0.145508
0 0.083496 0.418457 0.026367 0.040039
0 0.114258 0.444824 0.064453 0.084961
0 0.055664 0.423340 0.035156 0.053711