1 0.277100 0.366699 0.004395 0.018555
1 0.592285 0.324219 0.002930 0.003906
1 0.627686 0.323242 0.004395 0.003906
1 0.661133 0.320312 0.003906 0.007812
1 0.685547 0.320801 0.002930 0.004883
1 0.691650 0.322266 0.002441 0.001953
1 0.875000 0.368164 0.011719 0.025391
1 0.884033 0.370117 0.011230 0.027344
1 0.033936 0.372070 0.006348 0.013672
1 0.025391 0.374512 0.006836 0.008789
1 0.984863 0.495605 0.025391 0.409180
1 0.791260 0.460449 0.071777 0.366211
1 0.879639 0.485840 0.094238 0.311523
1 0.659668 0.386230 0.005859 0.020508
1 0.690918 0.387695 0.003906 0.019531
1 0.686523 0.388672 0.004883 0.023438
1 0.714600 0.393066 0.010254 0.057617
1 0.702881 0.400391 0.011230 0.046875
1 0.646729 0.393555 0.005371 0.027344
1 0.641602 0.392578 0.005859 0.023438
1 0.539795 0.380859 0.007324 0.009766
1 0.532959 0.378906 0.005371 0.013672
1 0.485840 0.383789 0.008789 0.023438
1 0.437744 0.380371 0.005371 0.018555
1 0.477539 0.426758 0.025391 0.095703
1 0.458008 0.426270 0.023438 0.100586
1 0.427979 0.390137 0.005371 0.014648
1 0.434326 0.425293 0.023926 0.108398
1 0.414307 0.432617 0.019043 0.093750
1 0.358154 0.415527 0.013184 0.077148
1 0.329346 0.406738 0.018066 0.088867
1 0.300049 0.415039 0.027832 0.121094
1 0.281982 0.428223 0.015137 0.092773
1 0.249023 0.417969 0.021484 0.113281
0 0.661621 0.383301 0.009766 0.018555
0 0.667236 0.383789 0.011230 0.015625
0 0.667969 0.384766 0.006836 0.013672
0 0.677246 0.384766 0.014648 0.015625
0 0.642334 0.378418 0.007324 0.018555
0 0.681396 0.384766 0.014160 0.015625
0 0.699707 0.384766 0.021484 0.023438
0 0.704346 0.385254 0.011230 0.016602
0 0.730957 0.374023 0.025391 0.033203
0 0.737793 0.402344 0.037109 0.052734
0 0.744385 0.425293 0.051270 0.088867
0 0.632324 0.393066 0.014648 0.028320
0 0.614990 0.374023 0.002441 0.007812
0 0.597656 0.376953 0.034180 0.017578
0 0.592285 0.395020 0.006836 0.030273
0 0.567383 0.400391 0.046875 0.052734
0 0.556885 0.404785 0.033691 0.041992
0 0.553711 0.406738 0.027344 0.041992
0 0.539795 0.407715 0.013184 0.043945
0 0.527832 0.408691 0.030273 0.047852
0 0.526611 0.411133 0.022949 0.042969
0 0.525146 0.413574 0.017090 0.043945
0 0.507568 0.413574 0.033691 0.051758
0 0.477051 0.417969 0.071289 0.060547
0 0.609375 0.408691 0.037109 0.063477