1 0.609619 0.359375 0.009277 0.017578
1 0.597412 0.363281 0.007324 0.009766
1 0.604980 0.361328 0.004883 0.013672
1 0.600342 0.361816 0.007324 0.012695
1 0.617188 0.360840 0.005859 0.012695
1 0.220947 0.369629 0.022949 0.040039
1 0.240967 0.362793 0.017090 0.030273
1 0.261475 0.363770 0.011230 0.022461
1 0.185303 0.345703 0.021973 0.039062
1 0.148438 0.349609 0.022461 0.033203
1 0.081055 0.473145 0.056641 0.338867
1 0.086914 0.461914 0.056641 0.367188
0 0.451416 0.369629 0.010254 0.010742
0 0.443604 0.379395 0.012207 0.016602
0 0.456787 0.387207 0.013184 0.026367
0 0.389648 0.405273 0.040039 0.062500
0 0.530273 0.369629 0.009766 0.012695
0 0.551758 0.379395 0.036133 0.077148
0 0.556396 0.395020 0.024902 0.051758
0 0.573975 0.404785 0.035645 0.071289
0 0.577881 0.409668 0.028809 0.077148
0 0.579346 0.417969 0.018066 0.072266
0 0.610596 0.418945 0.069824 0.105469
0 0.268799 0.444824 0.087402 0.139648
0 0.167725 0.467285 0.147949 0.208008
0 0.491455 0.368164 0.023926 0.009766
0 0.477051 0.379883 0.012695 0.017578
0 0.511475 0.390137 0.025879 0.036133
0 0.502930 0.409668 0.041016 0.059570