1 0.267090 0.369141 0.001953 0.019531
1 0.263428 0.378906 0.008301 0.048828
1 0.292725 0.362305 0.009277 0.035156
1 0.028809 0.359863 0.004883 0.018555
1 0.166748 0.370605 0.010254 0.018555
1 0.152344 0.368652 0.005859 0.022461
1 0.640381 0.401367 0.008301 0.085938
1 0.588379 0.380371 0.010742 0.067383
1 0.610596 0.394531 0.017090 0.105469
1 0.599365 0.393555 0.023926 0.123047
1 0.677734 0.388672 0.018555 0.142578
1 0.656982 0.398438 0.030762 0.123047
1 0.654541 0.393066 0.022949 0.141602
1 0.714355 0.398926 0.029297 0.127930
1 0.690918 0.393555 0.029297 0.144531
1 0.627686 0.395996 0.021973 0.120117
1 0.305664 0.390137 0.010742 0.069336
1 0.336670 0.391113 0.017090 0.069336
1 0.361572 0.370117 0.006348 0.019531
1 0.528564 0.361328 0.004395 0.011719
1 0.543701 0.383789 0.012207 0.080078
1 0.522217 0.392090 0.012207 0.083008
1 0.543457 0.388672 0.011719 0.083984
1 0.532959 0.395508 0.017090 0.083984
1 0.533447 0.401367 0.018066 0.087891
1 0.561035 0.391113 0.012695 0.069336
1 0.551514 0.393555 0.017090 0.074219
1 0.567627 0.384766 0.007324 0.078125
1 0.572021 0.389160 0.010254 0.092773
1 0.407715 0.386230 0.006836 0.059570
1 0.414307 0.384766 0.012207 0.062500
1 0.349854 0.363770 0.005371 0.032227
1 0.353760 0.363770 0.007324 0.032227
1 0.379150 0.360352 0.003418 0.013672
1 0.395996 0.382324 0.003906 0.049805
1 0.402100 0.386230 0.011230 0.079102
1 0.384277 0.376953 0.008789 0.060547
1 0.388428 0.375977 0.010254 0.056641
1 0.375732 0.385254 0.011230 0.077148
1 0.195312 0.383301 0.009766 0.057617
1 0.185547 0.387695 0.004883 0.066406
1 0.181641 0.369141 0.005859 0.029297
1 0.174072 0.388672 0.010254 0.062500
1 0.179443 0.388184 0.008301 0.065430
1 0.257324 0.387207 0.009766 0.067383
1 0.250488 0.386230 0.008789 0.075195
1 0.245605 0.387695 0.010742 0.074219
1 0.229248 0.358398 0.007324 0.019531
1 0.233887 0.389160 0.013672 0.063477
1 0.211426 0.379883 0.007812 0.042969
1 0.218994 0.388184 0.012207 0.071289
1 0.209229 0.388184 0.018066 0.075195
0 0.940918 0.412598 0.113281 0.083008
0 0.070312 0.390137 0.037109 0.049805