1 0.354004 0.413574 0.009766 0.051758
1 0.342773 0.416504 0.007812 0.045898
1 0.285400 0.414551 0.003418 0.028320
1 0.281006 0.414062 0.005371 0.027344
1 0.502686 0.397949 0.006348 0.010742
1 0.489746 0.400879 0.004883 0.010742
1 0.667236 0.378906 0.027832 0.099609
1 0.698730 0.447266 0.037109 0.222656
1 0.916748 0.476074 0.049316 0.250977
1 0.891113 0.473633 0.053711 0.275391
0 0.389893 0.421387 0.027832 0.075195
0 0.394775 0.426758 0.026855 0.083984
0 0.430420 0.429688 0.070801 0.119141
0 0.454590 0.448242 0.086914 0.128906
0 0.263428 0.413086 0.035645 0.087891
0 0.237061 0.412598 0.043457 0.108398
0 0.244873 0.429688 0.015137 0.089844
0 0.223633 0.423828 0.041992 0.128906
0 0.175537 0.433594 0.097168 0.142578