1 0.454834 0.419922 0.005371 0.021484
1 0.460938 0.420410 0.004883 0.020508
1 0.545898 0.391113 0.003906 0.006836
1 0.560791 0.410645 0.009277 0.055664
1 0.572510 0.412109 0.008301 0.048828
1 0.592773 0.410645 0.014648 0.061523
1 0.581299 0.409668 0.011230 0.073242
1 0.684570 0.402344 0.012695 0.123047
1 0.693848 0.429688 0.028320 0.152344
1 0.727295 0.409180 0.029785 0.164062
1 0.760498 0.434570 0.020996 0.119141
1 0.775391 0.415039 0.040039 0.187500
1 0.806641 0.416992 0.039062 0.169922
1 0.803711 0.425293 0.035156 0.186523
1 0.885986 0.414062 0.023926 0.187500
1 0.847900 0.426270 0.035645 0.172852
1 0.993408 0.411133 0.008301 0.134766
1 0.908447 0.424316 0.023926 0.172852
1 0.930908 0.441406 0.035645 0.212891
1 0.913086 0.481445 0.033203 0.166016
1 0.988525 0.484375 0.015137 0.078125
1 0.968750 0.436523 0.057617 0.240234
1 0.364746 0.421875 0.002930 0.013672
1 0.292725 0.428223 0.003418 0.026367
1 0.184326 0.418945 0.005371 0.013672
1 0.164795 0.414551 0.011230 0.024414
0 0.383545 0.420410 0.012207 0.016602
0 0.441895 0.417969 0.009766 0.015625
0 0.433105 0.424316 0.017578 0.024414
0 0.475586 0.423828 0.004883 0.035156
0 0.507324 0.424805 0.031250 0.072266
0 0.506592 0.431641 0.016113 0.072266
0 0.531250 0.432129 0.054688 0.083008
0 0.346436 0.428223 0.020996 0.026367
0 0.298340 0.424316 0.022461 0.018555
0 0.317871 0.431152 0.029297 0.038086
0 0.235107 0.434570 0.030762 0.041016