1 0.535400 0.372070 0.002441 0.009766
1 0.857666 0.438965 0.020996 0.112305
1 0.874756 0.437988 0.020996 0.120117
0 0.440186 0.360352 0.008301 0.007812
0 0.436523 0.366699 0.015625 0.008789
0 0.298340 0.392090 0.013672 0.024414
0 0.049805 0.402832 0.035156 0.083008
0 0.028320 0.459473 0.050781 0.143555
0 0.231201 0.400391 0.036621 0.041016
0 0.316895 0.397461 0.010742 0.029297
0 0.372314 0.408203 0.028809 0.039062
0 0.414551 0.407715 0.049805 0.055664
0 0.494629 0.387695 0.016602 0.029297
0 0.500732 0.389160 0.016113 0.022461
0 0.550049 0.372070 0.017090 0.015625
0 0.553223 0.373535 0.007812 0.014648
0 0.559570 0.377441 0.015625 0.022461
0 0.564941 0.378906 0.010742 0.019531
0 0.579834 0.378418 0.023926 0.020508
0 0.638428 0.416504 0.001465 0.000977
0 0.643066 0.401855 0.014648 0.028320
0 0.729980 0.390625 0.011719 0.027344
0 0.946777 0.382324 0.027344 0.008789
0 0.927490 0.413574 0.054199 0.055664
0 0.683105 0.451172 0.113281 0.146484