1 0.349609 0.390137 0.012695 0.059570
1 0.517822 0.388184 0.004395 0.028320
1 0.527100 0.387695 0.004395 0.017578
1 0.477295 0.382812 0.005371 0.021484
1 0.481201 0.388184 0.008301 0.030273
1 0.332764 0.385742 0.008301 0.066406
1 0.339111 0.384766 0.013184 0.070312
1 0.316895 0.389160 0.009766 0.073242
1 0.326904 0.393066 0.015137 0.061523
1 0.306396 0.387207 0.014160 0.073242
1 0.199707 0.375000 0.021484 0.068359
1 0.172363 0.347656 0.016602 0.027344
1 0.154541 0.349609 0.018066 0.017578
1 0.117920 0.337891 0.007324 0.013672
1 0.110352 0.336426 0.030273 0.045898
1 0.082031 0.341797 0.014648 0.037109
1 0.079102 0.348633 0.008789 0.027344
1 0.066650 0.354980 0.014160 0.024414
1 0.281494 0.395996 0.016113 0.067383
0 0.440918 0.369141 0.033203 0.015625
0 0.473389 0.412109 0.018066 0.062500
0 0.446045 0.414062 0.062988 0.080078
0 0.378906 0.399902 0.063477 0.100586
0 0.158691 0.541504 0.311523 0.368164