1 0.535645 0.351562 0.004883 0.015625
1 0.533447 0.359863 0.004395 0.026367
1 0.563965 0.349121 0.002930 0.010742
1 0.562012 0.349121 0.003906 0.010742
1 0.558105 0.348145 0.005859 0.012695
1 0.553467 0.347168 0.002441 0.012695
1 0.547363 0.347656 0.002930 0.011719
1 0.551270 0.347168 0.005859 0.012695
1 0.545410 0.349121 0.003906 0.010742
1 0.541016 0.348633 0.005859 0.011719
1 0.682617 0.340332 0.004883 0.012695
1 0.698242 0.334473 0.006836 0.016602
1 0.705811 0.336914 0.007324 0.009766
1 0.754883 0.316895 0.011719 0.034180
1 0.774902 0.323730 0.011719 0.022461
1 0.788818 0.317383 0.018066 0.029297
1 0.383545 0.379883 0.004395 0.017578
1 0.346680 0.382324 0.004883 0.028320
1 0.361816 0.384766 0.004883 0.029297
1 0.369385 0.382812 0.005371 0.029297
1 0.250732 0.373535 0.008301 0.010742
1 0.166748 0.378906 0.008301 0.015625
1 0.143555 0.381836 0.006836 0.007812
1 0.135742 0.380371 0.009766 0.014648
1 0.123291 0.381348 0.011230 0.018555
1 0.093750 0.087891 0.013672 0.025391
1 0.137207 0.091797 0.008789 0.009766
1 0.146240 0.092285 0.007324 0.008789
1 0.152588 0.094238 0.002441 0.002930
1 0.156982 0.091309 0.007324 0.008789
1 0.126465 0.083984 0.013672 0.029297
1 0.921143 0.079102 0.013184 0.076172
1 0.781982 0.073242 0.006348 0.003906
1 0.669434 0.069336 0.005859 0.013672
1 0.673828 0.067871 0.010742 0.016602
1 0.646729 0.074219 0.007324 0.005859
1 0.637939 0.075195 0.004395 0.003906
1 0.630859 0.062500 0.009766 0.029297
1 0.516602 0.065430 0.015625 0.027344
1 0.432861 0.076660 0.006348 0.006836
1 0.448486 0.072266 0.012207 0.015625
1 0.419189 0.065918 0.009277 0.028320
1 0.400879 0.066406 0.007812 0.029297
1 0.409668 0.062988 0.016602 0.036133
1 0.369141 0.077637 0.009766 0.010742
1 0.379150 0.071289 0.011230 0.021484
1 0.236816 0.076172 0.010742 0.027344
1 0.246826 0.074219 0.012207 0.031250
1 0.246338 0.079590 0.009277 0.020508
1 0.291260 0.077637 0.011230 0.018555
1 0.305176 0.078125 0.007812 0.015625
1 0.279541 0.073730 0.012207 0.028320
1 0.891357 0.046387 0.011230 0.022461
1 0.879883 0.075684 0.007812 0.063477
1 0.887695 0.079102 0.014648 0.064453
1 0.849121 0.063965 0.008789 0.018555
1 0.839600 0.056641 0.015137 0.033203
1 0.857422 0.058105 0.011719 0.030273
1 0.828369 0.068359 0.004395 0.011719
1 0.822021 0.062988 0.012207 0.022461
1 0.628662 0.390137 0.015137 0.086914
1 0.903320 0.350098 0.011719 0.125977
1 0.894287 0.290039 0.008301 0.031250
1 0.823486 0.325195 0.013184 0.050781
1 0.841309 0.366699 0.023438 0.141602
1 0.863525 0.354492 0.029785 0.181641
1 0.889893 0.359863 0.033691 0.168945
1 0.838135 0.365234 0.031738 0.179688
1 0.871094 0.067383 0.017578 0.052734
1 0.885742 0.099121 0.023438 0.071289
0 0.545654 0.368164 0.023926 0.029297
0 0.559326 0.368164 0.018066 0.027344
0 0.568604 0.368652 0.018066 0.028320
0 0.616699 0.373535 0.058594 0.120117
0 0.501953 0.373047 0.013672 0.037109
0 0.464355 0.397949 0.057617 0.090820
0 0.256104 0.399414 0.018066 0.041016
0 0.287354 0.395508 0.059082 0.072266
0 0.237061 0.402344 0.036621 0.048828
0 0.208008 0.405762 0.034180 0.047852
0 0.178467 0.409180 0.044434 0.054688
0 0.140381 0.414551 0.044434 0.057617
0 0.085693 0.413574 0.074707 0.069336
0 0.687988 0.387207 0.046875 0.092773
0 0.724365 0.386719 0.056152 0.115234
0 0.778076 0.395996 0.107910 0.141602
0 0.937988 0.473145 0.119141 0.286133