1 0.534424 0.378906 0.006348 0.011719
1 0.343506 0.407227 0.005371 0.015625
1 0.564209 0.382324 0.006348 0.010742
1 0.654297 0.362793 0.000977 0.008789
1 0.654297 0.374512 0.000977 0.014648
1 0.668213 0.392090 0.006348 0.055664
1 0.672363 0.397949 0.008789 0.083008
1 0.679688 0.409668 0.021484 0.094727
1 0.697510 0.409668 0.020996 0.104492
1 0.729492 0.404785 0.016602 0.108398
1 0.714600 0.408203 0.020020 0.107422
1 0.760986 0.407227 0.013184 0.085938
1 0.745850 0.410645 0.020020 0.133789
1 0.788818 0.385742 0.009277 0.064453
1 0.779785 0.399902 0.021484 0.104492
1 0.641602 0.362305 0.001953 0.017578
1 0.637207 0.389160 0.013672 0.081055
1 0.611572 0.416504 0.020020 0.172852
1 0.626221 0.416016 0.023926 0.181641
1 0.829102 0.399902 0.019531 0.124023
1 0.848633 0.400391 0.020508 0.119141
1 0.872314 0.400879 0.024902 0.118164
0 0.445557 0.383789 0.019043 0.013672
0 0.538818 0.387207 0.011230 0.004883
0 0.543945 0.410645 0.018555 0.041992
0 0.522705 0.402832 0.035645 0.041992
0 0.451172 0.411621 0.033203 0.055664
0 0.394775 0.400879 0.007324 0.010742
0 0.353760 0.409180 0.021973 0.025391
0 0.354736 0.422852 0.020020 0.041016
0 0.376953 0.422363 0.034180 0.049805
0 0.418945 0.436523 0.065430 0.089844
0 0.494873 0.457031 0.096191 0.138672
0 0.331787 0.424805 0.027832 0.048828
0 0.592529 0.391602 0.004395 0.017578
0 0.580078 0.390625 0.014648 0.025391
0 0.575195 0.397949 0.017578 0.030273
0 0.033691 0.446777 0.061523 0.059570
0 0.234619 0.491699 0.227051 0.262695