1 0.593750 0.415527 0.010742 0.053711
1 0.758057 0.403320 0.006348 0.050781
1 0.763916 0.395020 0.008301 0.065430
1 0.519775 0.417480 0.014160 0.059570
1 0.319092 0.431152 0.006348 0.055664
1 0.323486 0.426758 0.008301 0.064453
1 0.201660 0.450684 0.058594 0.278320
1 0.484619 0.441895 0.074707 0.239258
0 0.730225 0.408691 0.009277 0.012695
0 0.739502 0.412598 0.035645 0.036133
0 0.661133 0.394043 0.129883 0.092773
0 0.840820 0.390137 0.150391 0.086914
0 0.356689 0.421875 0.061035 0.068359
0 0.443848 0.407227 0.139648 0.097656
0 0.142090 0.402832 0.166992 0.137695