1 0.755859 0.392578 0.004883 0.013672
1 0.751953 0.395996 0.011719 0.016602
1 0.767822 0.394531 0.007324 0.013672
1 0.779541 0.398926 0.008301 0.020508
1 0.818848 0.389160 0.009766 0.061523
1 0.810791 0.391602 0.012207 0.058594
1 0.828369 0.382812 0.011230 0.064453
1 0.846436 0.379395 0.011230 0.092773
1 0.833740 0.385742 0.015137 0.083984
1 0.864502 0.356934 0.009277 0.047852
1 0.858154 0.402344 0.026855 0.130859
1 0.875244 0.377441 0.008301 0.069336
1 0.892334 0.357910 0.005371 0.014648
1 0.897217 0.379395 0.011230 0.071289
1 0.879883 0.357422 0.009766 0.033203
1 0.905762 0.380371 0.010742 0.075195
1 0.915283 0.376465 0.017090 0.098633
1 0.925049 0.381836 0.017090 0.093750
1 0.946289 0.377930 0.010742 0.095703
1 0.935303 0.384766 0.019043 0.103516
1 0.953613 0.379395 0.011719 0.092773
1 0.961426 0.374512 0.006836 0.090820
1 0.961914 0.383789 0.021484 0.109375
1 0.950684 0.388672 0.023438 0.111328
1 0.994629 0.359863 0.005859 0.049805
1 0.988281 0.358887 0.010742 0.047852
1 0.967041 0.376953 0.013184 0.083984
1 0.979492 0.369141 0.023438 0.087891
1 0.888184 0.407227 0.024414 0.123047
1 0.697510 0.399902 0.007324 0.045898
1 0.650391 0.402832 0.008789 0.040039
1 0.627930 0.401367 0.007812 0.042969
1 0.621826 0.399902 0.007324 0.045898
1 0.608643 0.402832 0.007324 0.040039
1 0.602051 0.401855 0.007812 0.036133
1 0.594727 0.389160 0.004883 0.016602
1 0.587891 0.404297 0.008789 0.042969
1 0.593262 0.406738 0.008789 0.032227
1 0.596680 0.409668 0.006836 0.026367
1 0.349121 0.421875 0.006836 0.029297
1 0.342041 0.426758 0.010254 0.015625
1 0.342529 0.422852 0.007324 0.031250
1 0.334473 0.426758 0.004883 0.019531
1 0.330566 0.429688 0.003906 0.017578
1 0.326172 0.428223 0.005859 0.020508
1 0.315186 0.421387 0.004395 0.028320
1 0.318848 0.419922 0.009766 0.037109
1 0.295898 0.421387 0.006836 0.034180
1 0.300781 0.409180 0.010742 0.058594
1 0.310303 0.420410 0.008301 0.036133
1 0.286621 0.423828 0.009766 0.035156
1 0.278076 0.413574 0.011230 0.051758
1 0.223633 0.423828 0.007812 0.039062
1 0.230225 0.416016 0.013184 0.050781
1 0.241455 0.412109 0.014160 0.058594
1 0.212646 0.418457 0.011230 0.049805
1 0.197998 0.417480 0.007324 0.051758
1 0.186768 0.417480 0.016113 0.084961
1 0.173340 0.416016 0.013672 0.087891
1 0.143066 0.411133 0.004883 0.041016
1 0.164062 0.440430 0.020508 0.130859
1 0.151123 0.439453 0.018066 0.138672
1 0.130371 0.393555 0.002930 0.021484
1 0.135254 0.440918 0.011719 0.077148
1 0.060303 0.415527 0.012207 0.063477
1 0.091797 0.390625 0.013672 0.041016
1 0.114746 0.425781 0.012695 0.105469
1 0.107178 0.451172 0.013184 0.156250
1 0.096924 0.454102 0.029785 0.162109
1 0.073730 0.453125 0.020508 0.162109
1 0.038086 0.416016 0.014648 0.097656
1 0.042236 0.423828 0.020020 0.097656
1 0.006836 0.421875 0.007812 0.076172
1 0.017578 0.420898 0.021484 0.095703
0 0.703369 0.404785 0.004395 0.018555
0 0.977539 0.451660 0.040039 0.159180
0 0.657959 0.404297 0.009277 0.031250
0 0.570312 0.404785 0.016602 0.053711
0 0.458008 0.408203 0.035156 0.060547
0 0.504883 0.410645 0.014648 0.036133
0 0.536865 0.388184 0.055176 0.116211
0 0.215576 0.435059 0.014160 0.012695
0 0.213379 0.421387 0.009766 0.040039