1 0.649658 0.390137 0.004395 0.012695
1 0.642334 0.387695 0.015137 0.017578
1 0.671387 0.388672 0.003906 0.011719
1 0.656738 0.387207 0.011719 0.020508
1 0.665039 0.385742 0.017578 0.027344
1 0.681152 0.388672 0.016602 0.029297
1 0.723877 0.417480 0.027832 0.112305
1 0.547852 0.439453 0.025391 0.148438
0 0.471924 0.423828 0.010254 0.013672
0 0.477051 0.425293 0.003906 0.016602
0 0.507568 0.425293 0.007324 0.022461
0 0.512695 0.426270 0.008789 0.024414
0 0.520020 0.423340 0.011719 0.032227
0 0.491943 0.423828 0.027832 0.041016
0 0.530518 0.418457 0.017090 0.051758
0 0.530029 0.428711 0.011230 0.041016
0 0.532471 0.431152 0.008301 0.043945
0 0.573975 0.395996 0.033691 0.020508
0 0.551758 0.432129 0.033203 0.055664
0 0.581055 0.443359 0.045898 0.083984
0 0.599121 0.455078 0.047852 0.095703
0 0.659912 0.475098 0.121582 0.159180
0 0.389893 0.406250 0.053223 0.072266
0 0.402344 0.423340 0.021484 0.061523
0 0.398193 0.426758 0.016113 0.066406
0 0.387939 0.424805 0.020996 0.074219
0 0.350098 0.408203 0.075195 0.078125
0 0.348633 0.420410 0.068359 0.088867
0 0.343018 0.428223 0.058105 0.100586
0 0.329590 0.441406 0.033203 0.083984
0 0.325439 0.425781 0.018066 0.082031
0 0.266357 0.421875 0.118652 0.150391
0 0.257324 0.433594 0.062500 0.142578
0 0.220215 0.439453 0.084961 0.177734
0 0.152832 0.428711 0.099609 0.230469
0 0.060791 0.425781 0.115723 0.353516
0 0.443848 0.399902 0.057617 0.133789