1 0.432129 0.421875 0.003906 0.023438
1 0.443115 0.416992 0.005371 0.021484
1 0.446289 0.419922 0.006836 0.027344
1 0.451660 0.418945 0.006836 0.029297
1 0.456787 0.419922 0.007324 0.031250
1 0.461914 0.419922 0.005859 0.031250
1 0.495850 0.417480 0.005371 0.026367
1 0.507324 0.409668 0.001953 0.006836
1 0.512695 0.413574 0.009766 0.049805
1 0.520996 0.422852 0.006836 0.041016
1 0.529053 0.421875 0.007324 0.056641
1 0.629150 0.443359 0.016113 0.140625
1 0.614990 0.439941 0.025879 0.166992
1 0.674805 0.429688 0.024414 0.158203
1 0.756104 0.437500 0.052246 0.187500
1 0.906006 0.426270 0.011230 0.120117
1 0.930420 0.432129 0.015137 0.110352
1 0.970459 0.423340 0.025879 0.149414
1 0.242432 0.418945 0.010254 0.060547
1 0.233643 0.416504 0.012207 0.055664
1 0.098877 0.398438 0.012207 0.058594
1 0.108398 0.397461 0.012695 0.056641
1 0.125977 0.376953 0.008789 0.013672
1 0.132080 0.418457 0.016113 0.083008
1 0.181885 0.445801 0.020020 0.141602
1 0.209473 0.441406 0.025391 0.126953
0 0.482666 0.420898 0.010254 0.029297
0 0.486572 0.422363 0.016113 0.026367
0 0.411865 0.412109 0.044434 0.101562
0 0.423584 0.435059 0.015137 0.067383
0 0.416748 0.435547 0.010254 0.076172
0 0.393066 0.439941 0.065430 0.092773