1 0.696289 0.377441 0.013672 0.047852
0 0.597656 0.393066 0.053711 0.098633
0 0.593506 0.411621 0.031738 0.088867
0 0.612061 0.415039 0.033691 0.107422
0 0.656982 0.418457 0.088379 0.139648
0 0.532471 0.393555 0.007324 0.017578
0 0.500000 0.397461 0.010742 0.019531
0 0.514160 0.396484 0.017578 0.031250
0 0.490967 0.396484 0.012207 0.021484
0 0.484131 0.399414 0.008301 0.021484
0 0.471191 0.396973 0.018555 0.036133
0 0.458008 0.398438 0.012695 0.021484
0 0.387939 0.410156 0.051270 0.068359
0 0.333008 0.422363 0.043945 0.090820
0 0.308838 0.429688 0.043457 0.111328
0 0.239258 0.434082 0.118164 0.153320
0 0.061279 0.396484 0.116699 0.677734