1 0.080322 0.395020 0.006348 0.010742
1 0.087646 0.400391 0.008301 0.017578
1 0.226074 0.391113 0.002930 0.006836
1 0.219727 0.409180 0.006836 0.039062
1 0.224854 0.408203 0.006348 0.039062
1 0.344482 0.400879 0.005371 0.024414
1 0.335938 0.391602 0.004883 0.007812
1 0.763916 0.420410 0.027832 0.225586
1 0.312988 0.413574 0.007812 0.049805
1 0.294678 0.420898 0.029785 0.085938
1 0.399902 0.402832 0.006836 0.040039
1 0.469238 0.404297 0.009766 0.041016
1 0.237549 0.420410 0.026855 0.092773
1 0.473633 0.410156 0.006836 0.029297
1 0.407715 0.420898 0.016602 0.083984
1 0.505615 0.397461 0.006348 0.048828
1 0.502197 0.401855 0.008301 0.043945
1 0.484619 0.408691 0.007324 0.034180
1 0.581299 0.411133 0.009277 0.080078
1 0.571045 0.414062 0.014160 0.095703
1 0.553223 0.407715 0.009766 0.071289
1 0.544678 0.413086 0.014160 0.080078
1 0.597900 0.383301 0.006348 0.030273
1 0.560303 0.417969 0.020996 0.113281
1 0.588867 0.413574 0.022461 0.112305
0 0.070312 0.416504 0.100586 0.069336
0 0.338135 0.409668 0.012207 0.028320
0 0.321045 0.407227 0.023926 0.046875
0 0.311035 0.412598 0.025391 0.049805
0 0.378418 0.400391 0.015625 0.025391
0 0.365967 0.406250 0.024902 0.025391
0 0.418457 0.409180 0.016602 0.029297