1 0.768066 0.407227 0.017578 0.146484
1 0.655029 0.390137 0.015137 0.079102
1 0.263916 0.425781 0.027832 0.142578
1 0.268555 0.430176 0.028320 0.145508
0 0.230713 0.393555 0.013184 0.009766
0 0.247314 0.397949 0.013184 0.018555
0 0.284424 0.394043 0.017090 0.012695
0 0.293701 0.395508 0.007324 0.013672
0 0.299805 0.395020 0.008789 0.018555
0 0.314209 0.395996 0.028809 0.020508
0 0.434082 0.393555 0.009766 0.019531
0 0.666748 0.136719 0.082520 0.005859
0 0.388916 0.117188 0.070801 0.005859
0 0.154541 0.100098 0.082520 0.006836
0 0.517578 0.437988 0.094727 0.145508