1 0.255615 0.433105 0.018066 0.092773
1 0.273682 0.419922 0.022949 0.068359
1 0.238281 0.431152 0.016602 0.084961
1 0.222168 0.434082 0.025391 0.106445
1 0.062012 0.446289 0.041992 0.189453
1 0.827148 0.431641 0.044922 0.246094
0 0.568115 0.403320 0.046387 0.039062
0 0.559082 0.420898 0.007812 0.017578
0 0.572998 0.411621 0.031738 0.038086
0 0.578369 0.415527 0.026855 0.038086
0 0.590332 0.416992 0.041016 0.052734
0 0.599121 0.406250 0.025391 0.027344
0 0.595947 0.427246 0.022949 0.041992
0 0.599121 0.436523 0.012695 0.037109
0 0.612549 0.421875 0.019043 0.072266
0 0.683105 0.357422 0.072266 0.025391
0 0.696777 0.412109 0.159180 0.113281
0 0.680420 0.429199 0.148926 0.106445
0 0.961426 0.388672 0.046875 0.083984
0 0.494385 0.416992 0.020020 0.025391
0 0.455322 0.405762 0.043457 0.018555
0 0.467041 0.424805 0.028809 0.044922
0 0.456543 0.428711 0.045898 0.042969
0 0.401611 0.438477 0.048340 0.082031
0 0.378662 0.438965 0.066895 0.083008
0 0.357910 0.446289 0.083984 0.082031
0 0.523438 0.425293 0.043945 0.077148