1 0.072754 0.388672 0.006836 0.033203
1 0.389893 0.393555 0.009277 0.041016
1 0.431641 0.394531 0.006836 0.041016
1 0.419434 0.396973 0.005859 0.034180
1 0.411865 0.393555 0.009277 0.041016
1 0.166748 0.391113 0.012207 0.065430
1 0.457031 0.398438 0.003906 0.027344
1 0.462158 0.396484 0.006348 0.031250
1 0.533936 0.395996 0.006348 0.043945
1 0.543457 0.404785 0.013672 0.026367
1 0.543457 0.398926 0.006836 0.055664
1 0.797607 0.406250 0.015137 0.070312
1 0.810059 0.405273 0.013672 0.072266
1 0.696289 0.406738 0.012695 0.059570
1 0.562988 0.404297 0.007812 0.042969
1 0.564209 0.405762 0.019043 0.041992
0 0.093018 0.377930 0.052246 0.054688
0 0.198730 0.382324 0.028320 0.034180
0 0.180176 0.378906 0.015625 0.017578
0 0.168701 0.394531 0.034668 0.044922
0 0.513184 0.394531 0.025391 0.025391
0 0.253662 0.437012 0.131348 0.155273