1 0.391357 0.379395 0.007324 0.020508
0 0.827881 0.391113 0.033691 0.041992
0 0.712646 0.388184 0.045410 0.047852
0 0.679443 0.387207 0.024902 0.043945
0 0.637939 0.416016 0.081543 0.121094
0 0.764160 0.416504 0.102539 0.124023
0 0.890869 0.403809 0.119629 0.159180
0 0.150146 0.394531 0.050293 0.042969
0 0.104980 0.395996 0.049805 0.045898
0 0.080566 0.404297 0.041016 0.046875
0 0.250732 0.395996 0.060059 0.047852
0 0.441895 0.380371 0.069336 0.065430
0 0.530518 0.377441 0.074707 0.092773
0 0.514648 0.433105 0.113281 0.186523
0 0.345459 0.372070 0.012207 0.019531
0 0.954102 0.430664 0.086914 0.185547