1 0.318848 0.429688 0.007812 0.041016
1 0.844482 0.408691 0.008301 0.022461
1 0.680176 0.395508 0.009766 0.048828
1 0.901367 0.383301 0.016602 0.047852
1 0.767822 0.403320 0.014160 0.072266
1 0.791016 0.409180 0.014648 0.078125
1 0.683105 0.398926 0.010742 0.038086
1 0.669922 0.399414 0.016602 0.054688
1 0.819336 0.405273 0.014648 0.095703
1 0.803467 0.407227 0.020996 0.095703
1 0.833008 0.408203 0.025391 0.095703
1 0.602783 0.420410 0.020996 0.104492
1 0.622314 0.414551 0.019043 0.108398
1 0.536377 0.426758 0.010254 0.091797
1 0.510254 0.402832 0.014648 0.057617
1 0.493164 0.395020 0.018555 0.057617
1 0.525391 0.419922 0.020508 0.111328
1 0.496094 0.425293 0.010742 0.038086
1 0.482178 0.439453 0.024902 0.074219
1 0.491211 0.444824 0.043945 0.083008
1 0.566406 0.438965 0.066406 0.225586
1 0.444824 0.417480 0.004883 0.020508
1 0.456787 0.419922 0.017090 0.068359
1 0.415527 0.433594 0.026367 0.128906
1 0.295410 0.424316 0.017578 0.106445
1 0.269043 0.415527 0.010742 0.043945
1 0.209961 0.460938 0.037109 0.150391
1 0.886963 0.376953 0.012207 0.031250
1 0.874756 0.413574 0.031738 0.059570
0 0.010986 0.462402 0.016113 0.102539
0 0.005127 0.479492 0.004395 0.087891