1 0.336670 0.397461 0.006348 0.011719
1 0.212646 0.417969 0.013184 0.068359
1 0.230713 0.432617 0.002441 0.025391
1 0.199219 0.429688 0.012695 0.041016
1 0.099854 0.436523 0.007324 0.039062
1 0.267578 0.452637 0.041992 0.170898
1 0.419189 0.406738 0.008301 0.034180
1 0.491455 0.398926 0.002441 0.028320
1 0.487549 0.390625 0.006348 0.050781
1 0.662842 0.367188 0.009277 0.052734
0 0.322754 0.418457 0.011719 0.024414
0 0.335938 0.417480 0.021484 0.028320
0 0.352783 0.418945 0.024902 0.029297
0 0.295898 0.410645 0.043945 0.057617
0 0.149170 0.438477 0.045410 0.033203
0 0.047363 0.499023 0.088867 0.210938
0 0.578125 0.393555 0.014648 0.023438
0 0.742920 0.372559 0.021973 0.022461
0 0.799805 0.455078 0.164062 0.248047
0 0.910645 0.479492 0.173828 0.455078
0 0.554199 0.396484 0.036133 0.054688