1 0.878906 0.425293 0.006836 0.051758
1 0.889160 0.421387 0.016602 0.061523
1 0.908203 0.422363 0.008789 0.049805
1 0.161377 0.370117 0.015137 0.052734
0 0.785400 0.416504 0.022949 0.026367
0 0.877441 0.421875 0.053711 0.041016
0 0.824951 0.424316 0.090332 0.049805
0 0.418945 0.389160 0.051758 0.036133
0 0.950195 0.429688 0.057617 0.052734
0 0.982178 0.432129 0.024902 0.055664
0 0.651855 0.399902 0.046875 0.075195
0 0.714600 0.448242 0.126465 0.171875
0 0.593994 0.401855 0.038574 0.057617
0 0.520996 0.429688 0.093750 0.148438
0 0.343506 0.379883 0.018066 0.031250
0 0.325928 0.381348 0.029785 0.038086
0 0.259277 0.376465 0.034180 0.040039
0 0.291016 0.385254 0.046875 0.065430
0 0.099365 0.365723 0.057129 0.040039