1 0.283203 0.383301 0.009766 0.028320
1 0.871582 0.380371 0.034180 0.209961
1 0.907715 0.420410 0.069336 0.331055
1 0.792236 0.419434 0.075684 0.260742
1 0.025635 0.410156 0.017090 0.064453
1 0.062988 0.407227 0.007812 0.076172
1 0.439697 0.395508 0.011230 0.056641
1 0.409668 0.394043 0.016602 0.071289
1 0.371826 0.372070 0.004395 0.009766
1 0.375000 0.374512 0.009766 0.028320
1 0.327148 0.398438 0.011719 0.066406
1 0.316895 0.397461 0.016602 0.066406
1 0.080322 0.408691 0.011230 0.073242
1 0.069580 0.400879 0.018066 0.055664
1 0.122803 0.404297 0.014160 0.078125
1 0.111084 0.408691 0.011230 0.069336
1 0.101074 0.405273 0.013672 0.093750
1 0.126953 0.406738 0.018555 0.075195
1 0.585693 0.375000 0.005371 0.025391
1 0.180908 0.410645 0.017090 0.040039
1 0.220459 0.402344 0.020020 0.076172
1 0.228760 0.405273 0.020020 0.072266
1 0.541992 0.375000 0.004883 0.027344
1 0.513428 0.384766 0.005371 0.011719
1 0.525391 0.388184 0.001953 0.004883
1 0.250000 0.404297 0.015625 0.066406
1 0.535400 0.378906 0.010254 0.021484
1 0.256836 0.403320 0.013672 0.066406
1 0.618896 0.375977 0.006348 0.019531
1 0.548340 0.373047 0.013672 0.033203
1 0.559082 0.375977 0.008789 0.027344
1 0.573730 0.372559 0.007812 0.032227
1 0.581055 0.376465 0.008789 0.022461
1 0.576416 0.380859 0.010254 0.015625
1 0.564453 0.381348 0.006836 0.014648
1 0.613770 0.373535 0.011719 0.026367
1 0.603516 0.376953 0.006836 0.019531
1 0.598145 0.376465 0.010742 0.022461
1 0.627197 0.372559 0.008301 0.024414
1 0.520508 0.378906 0.009766 0.023438
1 0.502686 0.376465 0.006348 0.028320
1 0.644531 0.393066 0.016602 0.112305
1 0.672852 0.392090 0.015625 0.116211
1 0.698975 0.403320 0.035645 0.177734
1 0.658447 0.408203 0.030762 0.179688
0 0.360596 0.422363 0.065918 0.081055