1 0.469727 0.355957 0.002930 0.014648
1 0.544189 0.348633 0.003418 0.021484
1 0.441162 0.369141 0.008301 0.042969
1 0.433594 0.365723 0.005859 0.036133
1 0.635742 0.376465 0.020508 0.127930
1 0.658691 0.377930 0.021484 0.117188
1 0.192627 0.424316 0.039551 0.184570
1 0.469238 0.355957 0.002930 0.016602
1 0.473389 0.354004 0.003418 0.016602
0 0.489258 0.357422 0.026367 0.023438
0 0.463867 0.353027 0.008789 0.014648
0 0.534424 0.351562 0.006348 0.013672
0 0.510498 0.379395 0.035645 0.057617
0 0.483887 0.363281 0.018555 0.025391