1 0.340820 0.336426 0.008789 0.045898
1 0.477539 0.312012 0.002930 0.012695
1 0.488770 0.314941 0.003906 0.016602
1 0.492676 0.311035 0.003906 0.024414
1 0.790283 0.336426 0.004395 0.026367
1 0.759033 0.411621 0.039551 0.213867
1 0.035889 0.376465 0.022949 0.090820
1 0.017578 0.377930 0.020508 0.087891
0 0.530762 0.293457 0.063477 0.061523
0 0.404785 0.339355 0.032227 0.036133
0 0.389160 0.416016 0.072266 0.125000
0 0.316406 0.451660 0.125977 0.202148
0 0.531982 0.553223 0.295410 0.467773
0 0.170410 0.500488 0.291992 0.315430