1 0.816406 0.395020 0.027344 0.100586
1 0.694824 0.397949 0.060547 0.161133
1 0.366943 0.433594 0.020020 0.113281
1 0.461426 0.429688 0.026367 0.103516
1 0.414062 0.411621 0.089844 0.245117
1 0.505371 0.416992 0.029297 0.117188
0 0.098877 0.461426 0.191895 0.182617
0 0.907471 0.408203 0.139160 0.115234
0 0.663086 0.412598 0.016602 0.032227
0 0.416016 0.402344 0.073242 0.142578
0 0.556885 0.403809 0.007324 0.010742
0 0.606689 0.400879 0.011230 0.012695
0 0.592773 0.404297 0.020508 0.021484
0 0.569092 0.403809 0.010254 0.016602
0 0.539062 0.393066 0.018555 0.026367
0 0.543945 0.416992 0.030273 0.046875