1 0.518311 0.358398 0.003418 0.015625
1 0.648926 0.361328 0.019531 0.093750
0 0.507324 0.368164 0.005859 0.025391
0 0.499023 0.366211 0.014648 0.031250
0 0.497559 0.369141 0.009766 0.025391
0 0.489014 0.370117 0.014160 0.035156
0 0.488037 0.372559 0.011230 0.032227
0 0.478760 0.371582 0.016113 0.036133
0 0.468018 0.374023 0.020020 0.041016
0 0.458740 0.378418 0.017090 0.043945
0 0.447266 0.378418 0.013672 0.061523
0 0.422852 0.375977 0.042969 0.076172
0 0.420654 0.389160 0.018066 0.065430
0 0.409180 0.390625 0.019531 0.074219
0 0.377930 0.385742 0.053711 0.101562
0 0.371094 0.402832 0.033203 0.092773
0 0.345459 0.410156 0.041504 0.113281
0 0.312012 0.420898 0.070312 0.142578
0 0.244873 0.442383 0.117676 0.183594
0 0.107178 0.490723 0.208496 0.301758
0 0.536377 0.389648 0.051270 0.109375
0 0.554199 0.405762 0.076172 0.114258
0 0.582275 0.354980 0.002441 0.020508
0 0.771484 0.371094 0.128906 0.156250
0 0.773193 0.402832 0.107910 0.163086
0 0.843262 0.399902 0.174805 0.196289
0 0.857666 0.425781 0.150879 0.220703
0 0.944336 0.428223 0.106445 0.268555