0 0.344238 0.391113 0.010742 0.018555
0 0.404785 0.405273 0.019531 0.058594
0 0.395508 0.408691 0.016602 0.071289
0 0.367432 0.410645 0.057129 0.084961
0 0.479248 0.395996 0.030762 0.049805
0 0.437744 0.406250 0.058105 0.095703
0 0.489746 0.402832 0.026367 0.038086
0 0.224365 0.456055 0.137207 0.158203
0 0.511963 0.401367 0.030762 0.048828
0 0.526855 0.403320 0.027344 0.048828
0 0.553223 0.399902 0.043945 0.059570
0 0.593262 0.412109 0.029297 0.101562
0 0.624268 0.419922 0.077637 0.132812
0 0.695801 0.411133 0.129883 0.246094
0 0.795654 0.463379 0.234863 0.260742
0 0.087646 0.486816 0.169434 0.334961