1 0.725342 0.401855 0.021973 0.067383
1 0.826904 0.387695 0.021973 0.080078
1 0.543457 0.400879 0.004883 0.026367
1 0.493408 0.397949 0.003418 0.020508
1 0.259521 0.391113 0.017090 0.051758
0 0.541504 0.395996 0.002930 0.028320
0 0.551270 0.392578 0.017578 0.044922
0 0.553711 0.405273 0.013672 0.031250
0 0.563721 0.407227 0.020020 0.033203
0 0.587646 0.423340 0.016113 0.065430
0 0.601318 0.423340 0.028809 0.079102
0 0.635986 0.432617 0.064941 0.117188
0 0.668213 0.448730 0.102051 0.122070
0 0.521484 0.399902 0.010742 0.014648
0 0.480957 0.402344 0.012695 0.019531
0 0.469727 0.405762 0.014648 0.028320
0 0.465332 0.409668 0.009766 0.030273
0 0.452148 0.408203 0.020508 0.041016
0 0.433838 0.418457 0.029785 0.043945
0 0.335205 0.439941 0.071777 0.090820
0 0.118896 0.412598 0.231934 0.370117