1 0.130859 0.416016 0.011719 0.050781
1 0.113770 0.416992 0.008789 0.052734
1 0.059814 0.399414 0.011230 0.019531
0 0.576904 0.438477 0.042480 0.060547
0 0.615723 0.439453 0.039062 0.097656
0 0.633057 0.451660 0.032715 0.114258
0 0.748047 0.415039 0.225586 0.343750
0 0.883057 0.541016 0.229004 0.390625
0 0.487793 0.421875 0.007812 0.031250
0 0.430420 0.437500 0.028809 0.095703
0 0.386963 0.440430 0.080566 0.115234
0 0.295898 0.412109 0.013672 0.005859
0 0.293945 0.430176 0.015625 0.036133
0 0.304199 0.428223 0.014648 0.032227
0 0.321777 0.428223 0.031250 0.041992
0 0.265381 0.424316 0.043457 0.055664
0 0.186035 0.425781 0.061523 0.062500
0 0.075684 0.424316 0.060547 0.055664
0 0.513672 0.440430 0.065430 0.093750