1 0.192871 0.428223 0.005859 0.032227
1 0.187500 0.440918 0.009766 0.034180
1 0.187012 0.447266 0.022461 0.041016
1 0.173584 0.447754 0.016113 0.043945
1 0.437256 0.390137 0.010254 0.038086
1 0.499268 0.400391 0.007324 0.029297
1 0.504395 0.405273 0.009766 0.029297
1 0.828613 0.366699 0.019531 0.045898
1 0.789795 0.413574 0.015137 0.141602
1 0.773926 0.413574 0.025391 0.143555
0 0.203613 0.427734 0.033203 0.048828
0 0.282715 0.405762 0.060547 0.055664
0 0.361084 0.393555 0.026855 0.042969
0 0.395264 0.384277 0.067871 0.045898
0 0.414551 0.436035 0.055664 0.077148
0 0.475342 0.388672 0.050293 0.048828
0 0.467041 0.435547 0.067871 0.107422
0 0.514160 0.403320 0.011719 0.050781
0 0.528809 0.404297 0.041016 0.064453
0 0.566406 0.387207 0.037109 0.059570
0 0.593994 0.386719 0.078613 0.078125
0 0.576172 0.413574 0.028320 0.036133
0 0.611816 0.392090 0.082031 0.061523
0 0.598633 0.425781 0.071289 0.091797
0 0.796143 0.374023 0.033691 0.054688
0 0.757568 0.388672 0.029785 0.068359
0 0.825928 0.386719 0.060059 0.080078
0 0.683350 0.402832 0.194824 0.180664
0 0.890869 0.406250 0.170410 0.164062
0 0.953125 0.471191 0.088867 0.258789