1 0.802734 0.400879 0.023438 0.155273
1 0.822754 0.409668 0.039062 0.182617
1 0.150635 0.407715 0.012207 0.061523
1 0.065430 0.414062 0.014648 0.062500
1 0.024658 0.442871 0.008301 0.073242
1 0.012939 0.393066 0.020020 0.057617
1 0.042969 0.412598 0.026367 0.086914
1 0.225586 0.405273 0.009766 0.042969
1 0.166016 0.424805 0.020508 0.117188
1 0.202637 0.415039 0.032227 0.132812
1 0.503662 0.390625 0.004395 0.021484
1 0.257324 0.415527 0.013672 0.079102
1 0.268555 0.417969 0.012695 0.097656
1 0.133789 0.423828 0.028320 0.154297
1 0.660889 0.392090 0.011230 0.071289
1 0.102051 0.436523 0.027344 0.128906
1 0.125000 0.434082 0.035156 0.151367
1 0.659180 0.405762 0.011719 0.090820
1 0.005859 0.480469 0.005859 0.166016
1 0.643066 0.397461 0.010742 0.105469
1 0.694824 0.397949 0.015625 0.094727
1 0.678223 0.405762 0.027344 0.131836
1 0.246826 0.416016 0.008301 0.091797
1 0.242432 0.420410 0.027832 0.120117
1 0.347168 0.412109 0.012695 0.074219
1 0.338623 0.413574 0.011230 0.081055
1 0.321533 0.414062 0.009277 0.076172
1 0.328125 0.415527 0.018555 0.098633
1 0.404541 0.391113 0.011230 0.034180
1 0.393555 0.396484 0.010742 0.046875
1 0.400635 0.408691 0.017090 0.047852
1 0.430420 0.393066 0.006348 0.024414
1 0.418945 0.401855 0.008789 0.061523
1 0.425049 0.407715 0.013184 0.055664
1 0.449219 0.404785 0.009766 0.057617
0 0.578125 0.384277 0.014648 0.020508
0 0.565186 0.391602 0.030762 0.019531
0 0.566650 0.414551 0.038574 0.057617
0 0.529297 0.405762 0.028320 0.043945