1 0.327881 0.386230 0.004395 0.026367
1 0.411865 0.390625 0.005371 0.027344
1 0.217529 0.403809 0.035645 0.155273
1 0.338379 0.415039 0.030273 0.160156
1 0.354004 0.414551 0.049805 0.170898
1 0.299805 0.474609 0.106445 0.337891
1 0.121338 0.389648 0.047363 0.164062
1 0.136230 0.395020 0.022461 0.172852
1 0.088135 0.397949 0.050293 0.276367
1 0.019531 0.370117 0.033203 0.144531
1 0.160156 0.413086 0.037109 0.220703
1 0.428711 0.411621 0.033203 0.155273
1 0.687988 0.400879 0.013672 0.036133
1 0.979492 0.419434 0.004883 0.034180
1 0.858887 0.428223 0.007812 0.026367
1 0.733398 0.407715 0.006836 0.036133
1 0.706055 0.416504 0.027344 0.077148
1 0.640625 0.415039 0.018555 0.115234
1 0.660400 0.423340 0.030762 0.166992
1 0.612061 0.416992 0.034668 0.193359
1 0.625000 0.433105 0.046875 0.174805
1 0.436035 0.418457 0.030273 0.145508
1 0.582031 0.417969 0.030273 0.171875
1 0.557617 0.420898 0.039062 0.185547
1 0.472168 0.397949 0.007812 0.145508
1 0.459717 0.413086 0.026855 0.189453
1 0.460693 0.425781 0.040527 0.171875
1 0.512939 0.420898 0.042480 0.179688
1 0.492432 0.423828 0.031738 0.179688
1 0.500488 0.418945 0.049805 0.199219
0 0.007324 0.365234 0.008789 0.025391
0 0.044678 0.368652 0.033691 0.030273
0 0.432373 0.380859 0.032715 0.041016