1 0.048828 0.451660 0.009766 0.067383
1 0.036377 0.466797 0.027832 0.144531
1 0.233887 0.435059 0.007812 0.040039
1 0.205811 0.436523 0.016113 0.054688
1 0.433105 0.391113 0.005859 0.016602
1 0.458252 0.388184 0.004395 0.014648
1 0.817871 0.375488 0.018555 0.040039
1 0.829102 0.373047 0.004883 0.011719
1 0.518555 0.425781 0.032227 0.123047
0 0.381104 0.389160 0.074707 0.055664
0 0.157471 0.420410 0.050293 0.063477
0 0.273193 0.411621 0.061035 0.071289
0 0.573975 0.374023 0.078613 0.062500
0 0.585693 0.384277 0.083496 0.077148
0 0.590820 0.408691 0.073242 0.071289
0 0.697021 0.373535 0.018066 0.028320
0 0.712158 0.380371 0.021973 0.069336
0 0.597168 0.411621 0.060547 0.075195
0 0.642090 0.417969 0.133789 0.103516
0 0.780518 0.377441 0.046387 0.083008
0 0.878174 0.401367 0.114746 0.146484
0 0.740234 0.396484 0.060547 0.105469
0 0.501953 0.402344 0.020508 0.054688
0 0.519287 0.388184 0.030762 0.032227
0 0.525635 0.429199 0.054199 0.077148