1 0.090820 0.421875 0.016602 0.074219
1 0.977539 0.353027 0.040039 0.174805
1 0.740234 0.374512 0.013672 0.075195
1 0.691650 0.376953 0.013184 0.056641
0 0.818848 0.369629 0.052734 0.098633
0 0.836426 0.356445 0.039062 0.085938
0 0.619385 0.377441 0.019043 0.032227
0 0.619385 0.388184 0.017090 0.034180
0 0.838867 0.368652 0.032227 0.094727
0 0.917725 0.360352 0.159668 0.144531
0 0.029053 0.459961 0.052246 0.136719
0 0.640625 0.388184 0.030273 0.053711
0 0.396973 0.405273 0.035156 0.033203
0 0.448486 0.402832 0.023926 0.038086
0 0.489258 0.397949 0.012695 0.024414
0 0.423828 0.405762 0.030273 0.043945
0 0.551025 0.391602 0.021973 0.017578
0 0.471680 0.400879 0.030273 0.038086
0 0.532471 0.390625 0.017090 0.021484
0 0.521729 0.393066 0.015137 0.022461
0 0.507324 0.395508 0.019531 0.027344
0 0.566650 0.388672 0.012207 0.015625
0 0.580078 0.387207 0.004883 0.014648
0 0.587891 0.386719 0.011719 0.017578
0 0.602051 0.385254 0.010742 0.018555