1 0.295654 0.442383 0.045410 0.212891
1 0.387451 0.445312 0.047363 0.253906
1 0.439453 0.539551 0.067383 0.067383
1 0.444092 0.439941 0.064941 0.276367
1 0.417236 0.442383 0.081543 0.304688
1 0.473145 0.412598 0.003906 0.018555
1 0.668457 0.395508 0.013672 0.082031
1 0.295654 0.450684 0.043457 0.231445
1 0.311279 0.444824 0.048340 0.239258
1 0.232910 0.422852 0.012695 0.062500
1 0.221680 0.424316 0.010742 0.057617
1 0.210205 0.421875 0.011230 0.062500
1 0.199463 0.425293 0.011230 0.057617
1 0.176758 0.423828 0.016602 0.078125
1 0.132568 0.425781 0.024902 0.087891
1 0.110596 0.422363 0.029785 0.092773
1 0.047363 0.489746 0.088867 0.274414
1 0.575684 0.435059 0.052734 0.221680
0 0.358643 0.415527 0.025879 0.041992
0 0.378174 0.401367 0.021973 0.126953
0 0.323242 0.424316 0.009766 0.053711
0 0.451172 0.417480 0.004883 0.024414
0 0.937012 0.527832 0.121094 0.327148