1 0.692627 0.387695 0.015137 0.101562
1 0.683105 0.385254 0.015625 0.104492
1 0.709229 0.390625 0.011230 0.074219
1 0.717285 0.385742 0.013672 0.083984
1 0.718994 0.391113 0.023926 0.090820
1 0.766357 0.384277 0.022949 0.094727
1 0.795898 0.385742 0.020508 0.091797
1 0.778320 0.400391 0.016602 0.064453
1 0.979980 0.379395 0.012695 0.075195
1 0.991699 0.373047 0.007812 0.023438
1 0.872803 0.402832 0.012207 0.034180
1 0.906494 0.381348 0.038574 0.161133
0 0.424561 0.380371 0.039551 0.026367
0 0.667236 0.392578 0.023926 0.015625
0 0.417725 0.395996 0.053223 0.036133
0 0.387451 0.399902 0.021973 0.010742
0 0.752930 0.388184 0.016602 0.016602
0 0.538574 0.393555 0.029297 0.029297
0 0.550049 0.397461 0.019043 0.023438
0 0.254150 0.416504 0.099121 0.180664
0 0.117920 0.444824 0.229980 0.440430
0 0.487305 0.407715 0.041016 0.049805
0 0.697998 0.401367 0.040527 0.041016
0 0.995117 0.381836 0.004883 0.019531