1 0.559082 0.393555 0.008789 0.039062
1 0.565674 0.391602 0.008301 0.046875
1 0.551270 0.398926 0.012695 0.071289
1 0.543701 0.397949 0.017090 0.073242
1 0.574463 0.391602 0.014160 0.085938
1 0.588379 0.402832 0.005859 0.040039
1 0.859863 0.398438 0.059570 0.283203
1 0.779053 0.399902 0.046387 0.291992
1 0.730469 0.386230 0.059570 0.336914
1 0.368896 0.406250 0.004395 0.041016
1 0.373047 0.406250 0.008789 0.042969
1 0.364746 0.407715 0.007812 0.047852
1 0.346680 0.410156 0.004883 0.046875
1 0.350586 0.411621 0.008789 0.045898
1 0.340820 0.411133 0.006836 0.041016
1 0.333252 0.411621 0.009277 0.053711
1 0.323486 0.401855 0.010254 0.036133
1 0.315430 0.388672 0.008789 0.021484
1 0.083740 0.405273 0.012207 0.046875
1 0.069092 0.406738 0.018066 0.051758
1 0.046143 0.409180 0.014160 0.050781
0 0.425781 0.401367 0.014648 0.015625
0 0.405029 0.409668 0.026855 0.041992
0 0.441162 0.405273 0.022949 0.033203
0 0.510498 0.386719 0.009277 0.011719
0 0.516846 0.386719 0.012207 0.009766
0 0.517578 0.396973 0.014648 0.020508
0 0.546143 0.397461 0.034668 0.019531
0 0.875244 0.365234 0.156738 0.210938
0 0.502686 0.401367 0.024902 0.025391
0 0.272461 0.372070 0.052734 0.078125
0 0.282471 0.439941 0.088379 0.110352
0 0.025635 0.473633 0.045410 0.117188