1 0.713379 0.383301 0.031250 0.065430
0 0.532959 0.396973 0.004395 0.008789
0 0.535889 0.411133 0.008301 0.021484
0 0.488525 0.400391 0.016113 0.033203
0 0.482178 0.411133 0.006348 0.042969
0 0.459473 0.404785 0.039062 0.075195
0 0.514160 0.410156 0.039062 0.066406
0 0.553955 0.405762 0.026855 0.051758
0 0.556396 0.409668 0.020020 0.051758
0 0.569580 0.414551 0.020996 0.065430
0 0.583740 0.423340 0.023926 0.090820
0 0.621582 0.413574 0.055664 0.129883
0 0.635010 0.428223 0.070801 0.149414
0 0.670166 0.448242 0.109863 0.150391
0 0.839600 0.457520 0.240723 0.389648
0 0.457031 0.418945 0.016602 0.072266
0 0.451416 0.422363 0.020020 0.079102
0 0.432617 0.424805 0.041016 0.089844
0 0.406982 0.437988 0.046387 0.125977
0 0.345215 0.447266 0.105469 0.205078
0 0.251465 0.465332 0.145508 0.354492
0 0.119141 0.595703 0.232422 0.533203