1 0.033691 0.420410 0.006836 0.008789
1 0.127197 0.443848 0.008301 0.051758
1 0.942139 0.386230 0.023926 0.075195
1 0.800781 0.405273 0.017578 0.072266
1 0.764648 0.395020 0.014648 0.061523
0 0.352295 0.435059 0.011230 0.018555
0 0.260986 0.444336 0.016113 0.033203
0 0.243896 0.444824 0.028809 0.036133
0 0.216309 0.446289 0.037109 0.039062
0 0.139893 0.441406 0.075684 0.078125
0 0.123291 0.454590 0.020996 0.059570
0 0.089844 0.453125 0.064453 0.072266
0 0.066406 0.462891 0.042969 0.060547
0 0.029541 0.458496 0.053223 0.075195
0 0.014648 0.467773 0.023438 0.074219
0 0.311523 0.460449 0.088867 0.104492
0 0.465332 0.421875 0.003906 0.013672
0 0.448975 0.420898 0.005371 0.013672
0 0.457520 0.422852 0.013672 0.025391
0 0.479736 0.417480 0.009277 0.016602
0 0.435303 0.432617 0.033691 0.052734
0 0.386963 0.439941 0.049316 0.071289
0 0.312012 0.461914 0.088867 0.105469
0 0.475342 0.424805 0.018066 0.029297
0 0.529785 0.420410 0.015625 0.024414
0 0.532227 0.424316 0.005859 0.020508
0 0.534424 0.423828 0.006348 0.019531
0 0.555664 0.416016 0.033203 0.041016
0 0.557617 0.421387 0.023438 0.036133
0 0.578125 0.416992 0.029297 0.039062
0 0.577637 0.426758 0.027344 0.050781
0 0.581787 0.425781 0.021973 0.050781
0 0.581787 0.436523 0.011230 0.033203
0 0.588379 0.429199 0.008789 0.047852
0 0.670410 0.423340 0.157227 0.139648
0 0.699707 0.430664 0.152344 0.097656