1 0.413086 0.441406 0.065430 0.306641
1 0.961182 0.342285 0.029785 0.108398
1 0.557129 0.380371 0.006836 0.028320
1 0.578613 0.432129 0.041992 0.288086
1 0.723877 0.385254 0.028809 0.149414
1 0.850098 0.354980 0.019531 0.092773
1 0.829346 0.348145 0.012207 0.071289
1 0.933594 0.361816 0.027344 0.112305
1 0.768555 0.381836 0.032227 0.169922
0 0.283203 0.417480 0.050781 0.094727
0 0.136963 0.449707 0.085449 0.139648
0 0.200195 0.454590 0.150391 0.163086
0 0.371338 0.415039 0.023926 0.044922
0 0.443115 0.411133 0.020996 0.046875
0 0.428223 0.411621 0.017578 0.065430
0 0.457031 0.414062 0.029297 0.050781
0 0.484619 0.413574 0.043457 0.055664
0 0.953125 0.624512 0.088867 0.389648