1 0.117676 0.376465 0.004883 0.018555
1 0.175049 0.380371 0.008301 0.041992
1 0.295898 0.384766 0.008789 0.033203
1 0.317139 0.389648 0.004395 0.027344
1 0.312500 0.387207 0.005859 0.034180
1 0.328857 0.390625 0.005371 0.025391
1 0.552002 0.394043 0.005371 0.016602
1 0.573975 0.405762 0.008301 0.041992
1 0.565430 0.421875 0.013672 0.076172
1 0.555176 0.416504 0.013672 0.090820
1 0.008545 0.374023 0.005371 0.027344
1 0.917725 0.420410 0.007324 0.047852
1 0.948486 0.425293 0.011230 0.043945
1 0.894531 0.401367 0.002930 0.013672
1 0.751465 0.420410 0.007812 0.061523
1 0.762939 0.442383 0.003418 0.009766
1 0.759766 0.422852 0.009766 0.058594
1 0.769043 0.425781 0.011719 0.046875
1 0.899902 0.429199 0.021484 0.079102
0 0.155029 0.366211 0.015137 0.007812
0 0.152100 0.384766 0.020996 0.033203
0 0.381592 0.391113 0.014160 0.022461
0 0.027344 0.368652 0.021484 0.051758
0 0.067139 0.374023 0.009277 0.021484
0 0.089111 0.372070 0.006348 0.011719
0 0.100098 0.377930 0.016602 0.013672
0 0.090576 0.383789 0.008301 0.013672
0 0.445801 0.471680 0.173828 0.246094
0 0.949951 0.421875 0.065918 0.052734
0 0.782959 0.402344 0.087402 0.076172
0 0.870361 0.406250 0.089355 0.072266
0 0.893555 0.431152 0.043945 0.045898