1 0.160889 0.395020 0.007324 0.018555
1 0.180176 0.395996 0.010742 0.022461
1 0.193848 0.395996 0.003906 0.012695
1 0.663818 0.383301 0.005371 0.020508
1 0.668701 0.385254 0.005371 0.010742
1 0.645752 0.382324 0.004395 0.004883
1 0.808350 0.370605 0.014160 0.024414
1 0.851562 0.377930 0.003906 0.015625
1 0.356445 0.404297 0.003906 0.031250
1 0.328857 0.399902 0.005371 0.032227
1 0.341064 0.402344 0.006348 0.035156
0 0.654541 0.402344 0.019043 0.035156
0 0.633301 0.423828 0.037109 0.087891
0 0.583252 0.426270 0.070801 0.124023
0 0.693848 0.449219 0.100586 0.130859
0 0.786621 0.492188 0.132812 0.220703
0 0.457031 0.441406 0.121094 0.199219