1 0.973877 0.391602 0.009277 0.037109
1 0.963379 0.400879 0.019531 0.038086
1 0.191406 0.432617 0.020508 0.113281
1 0.530273 0.416016 0.005859 0.033203
1 0.602295 0.421875 0.015137 0.132812
1 0.781006 0.382324 0.022949 0.088867
0 0.336670 0.403809 0.002441 0.000977
0 0.336914 0.421875 0.034180 0.041016
0 0.317871 0.421875 0.020508 0.044922
0 0.289795 0.417480 0.052246 0.043945
0 0.552002 0.417480 0.019043 0.040039
0 0.555420 0.417480 0.019043 0.040039
0 0.560791 0.415039 0.021973 0.037109
0 0.583740 0.419922 0.023926 0.064453
0 0.586914 0.416016 0.018555 0.056641
0 0.600830 0.423340 0.036621 0.083008
0 0.663086 0.421875 0.115234 0.099609
0 0.490967 0.415039 0.017090 0.031250
0 0.512207 0.406250 0.026367 0.060547
0 0.471680 0.416504 0.023438 0.043945
0 0.467041 0.419434 0.018066 0.047852
0 0.457275 0.421387 0.011230 0.081055
0 0.403320 0.396484 0.100586 0.216797