0 0.018799 0.376953 0.023926 0.041016
0 0.009277 0.395996 0.012695 0.073242
0 0.049072 0.376465 0.013184 0.014648
0 0.194092 0.382812 0.029785 0.027344
0 0.164795 0.367676 0.023926 0.006836
0 0.148926 0.380859 0.016602 0.029297
0 0.171631 0.383789 0.041504 0.025391
0 0.113525 0.380859 0.011230 0.025391
0 0.129883 0.381348 0.031250 0.026367
0 0.069824 0.395508 0.080078 0.066406
0 0.633057 0.404297 0.032715 0.056641
0 0.218262 0.376953 0.015625 0.009766
0 0.237793 0.391113 0.040039 0.041992
0 0.332031 0.458984 0.187500 0.224609
0 0.452148 0.388184 0.028320 0.028320
0 0.503174 0.391602 0.031738 0.031250
0 0.535400 0.390625 0.031738 0.033203
0 0.552490 0.389648 0.011230 0.037109
0 0.584473 0.423340 0.075195 0.112305
0 0.839600 0.205078 0.010254 0.367188
0 0.921387 0.395508 0.020508 0.011719
0 0.944580 0.393555 0.015137 0.017578
0 0.978760 0.394531 0.020996 0.017578
0 0.752441 0.418457 0.161133 0.288086