1 0.739746 0.373535 0.009766 0.012695
1 0.802734 0.375000 0.015625 0.103516
1 0.760742 0.388184 0.030273 0.133789
1 0.914062 0.396973 0.041016 0.194336
1 0.983887 0.526855 0.011719 0.112305
1 0.970703 0.406738 0.053711 0.407227
1 0.874756 0.402832 0.054199 0.291992
1 0.821045 0.399902 0.030762 0.118164
1 0.404053 0.391602 0.003418 0.011719
1 0.409180 0.386719 0.005859 0.021484
1 0.863770 0.437012 0.060547 0.272461
1 0.936768 0.475098 0.059082 0.198242
1 0.705322 0.386719 0.020020 0.095703
1 0.441895 0.398926 0.004883 0.030273
1 0.413818 0.398438 0.005371 0.029297
1 0.419678 0.397461 0.005371 0.029297
1 0.320557 0.392578 0.013184 0.011719
1 0.311768 0.403809 0.015137 0.075195
1 0.335693 0.401855 0.018066 0.079102
1 0.232178 0.393555 0.010254 0.046875
1 0.248291 0.410645 0.016113 0.073242
1 0.218994 0.431152 0.032715 0.157227
1 0.294678 0.411621 0.026855 0.153320
1 0.384033 0.429688 0.049316 0.191406
1 0.464600 0.414062 0.026855 0.119141
1 0.530762 0.413574 0.039062 0.213867
1 0.119385 0.418945 0.035645 0.197266
1 0.057129 0.444336 0.055664 0.230469
1 0.635254 0.383789 0.006836 0.066406
1 0.641846 0.391602 0.010254 0.087891
1 0.644775 0.386719 0.020996 0.103516