1 0.394775 0.378906 0.008301 0.017578
1 0.268555 0.363770 0.009766 0.020508
1 0.864014 0.361816 0.009277 0.049805
1 0.832031 0.396484 0.033203 0.074219
1 0.816895 0.376953 0.016602 0.080078
1 0.802734 0.368164 0.018555 0.054688
1 0.790527 0.377441 0.007812 0.065430
1 0.974609 0.466309 0.045898 0.473633
1 0.741211 0.381348 0.019531 0.088867
1 0.698486 0.389160 0.008301 0.030273
1 0.656250 0.380859 0.005859 0.054688
1 0.648438 0.396973 0.016602 0.096680
1 0.666748 0.384277 0.015137 0.071289
1 0.684326 0.395020 0.022949 0.104492
1 0.569824 0.382324 0.006836 0.018555
1 0.455078 0.391602 0.006836 0.025391
1 0.564941 0.379883 0.006836 0.021484
1 0.621338 0.361816 0.007324 0.022461
1 0.612061 0.370605 0.004395 0.022461
1 0.425537 0.401855 0.016113 0.071289
1 0.585938 0.402344 0.013672 0.105469
1 0.558838 0.405273 0.025879 0.119141
1 0.600830 0.403320 0.038574 0.156250
0 0.395020 0.449219 0.053711 0.144531
0 0.329590 0.456543 0.123047 0.211914
0 0.218262 0.516113 0.223633 0.309570
0 0.098877 0.562012 0.191895 0.563477