1 0.095947 0.413574 0.010254 0.014648
1 0.859375 0.367676 0.007812 0.028320
1 0.731445 0.382812 0.010742 0.048828
1 0.847168 0.379395 0.012695 0.083008
1 0.834961 0.377930 0.020508 0.091797
0 0.314209 0.406250 0.017090 0.023438
0 0.270996 0.410645 0.014648 0.014648
0 0.521973 0.403809 0.021484 0.045898
0 0.522705 0.405762 0.015137 0.040039
0 0.541748 0.396973 0.028809 0.041992
0 0.544434 0.407227 0.024414 0.042969
0 0.561279 0.417969 0.015137 0.044922
0 0.601074 0.396484 0.090820 0.101562
0 0.599609 0.408691 0.029297 0.084961
0 0.652344 0.412109 0.122070 0.101562
0 0.229004 0.423828 0.010742 0.029297
0 0.216064 0.426270 0.023926 0.036133
0 0.253662 0.420898 0.025879 0.039062
0 0.286133 0.421387 0.023438 0.036133
0 0.408447 0.405273 0.004395 0.023438
0 0.419922 0.404297 0.023438 0.042969
0 0.395508 0.409668 0.026367 0.051758
0 0.379639 0.415527 0.032715 0.059570
0 0.349121 0.428711 0.059570 0.080078
0 0.062500 0.498047 0.119141 0.255859