1 0.975830 0.392090 0.022949 0.079102
1 0.994629 0.350586 0.005859 0.031250
1 0.878174 0.385742 0.011230 0.041016
1 0.853027 0.415527 0.017578 0.116211
1 0.867188 0.419922 0.020508 0.111328
1 0.901367 0.416016 0.018555 0.115234
1 0.905029 0.422363 0.023926 0.122070
1 0.016113 0.418945 0.011719 0.033203
1 0.273438 0.443848 0.037109 0.159180
0 0.675049 0.411133 0.015137 0.029297
0 0.694092 0.411621 0.015137 0.038086
0 0.708496 0.417969 0.032227 0.048828
0 0.721680 0.430176 0.010742 0.038086
0 0.747314 0.411133 0.051270 0.085938
0 0.768799 0.419434 0.054199 0.084961
0 0.661133 0.417969 0.034180 0.044922
0 0.975098 0.468750 0.044922 0.236328
0 0.569092 0.504395 0.193848 0.323242
0 0.292725 0.410156 0.027832 0.066406
0 0.335205 0.425781 0.060059 0.046875