1 0.650391 0.382812 0.005859 0.023438
1 0.665771 0.383789 0.005371 0.037109
1 0.669678 0.386719 0.006348 0.035156
1 0.680420 0.383789 0.007324 0.037109
1 0.627441 0.399414 0.014648 0.078125
1 0.609131 0.398926 0.009277 0.083008
1 0.893311 0.392090 0.027832 0.161133
0 0.583984 0.388672 0.008789 0.015625
0 0.571045 0.386230 0.019043 0.034180
0 0.552490 0.385254 0.025879 0.045898
0 0.595459 0.396973 0.022949 0.030273
0 0.530273 0.377930 0.011719 0.009766
0 0.517822 0.395020 0.010254 0.024414
0 0.531250 0.397461 0.022461 0.029297
0 0.508057 0.398926 0.020996 0.028320
0 0.491211 0.398926 0.015625 0.032227
0 0.450684 0.396484 0.021484 0.046875
0 0.470459 0.401855 0.037598 0.049805
0 0.432861 0.401855 0.016113 0.026367
0 0.414795 0.401855 0.023926 0.038086
0 0.406494 0.404297 0.010254 0.039062
0 0.371338 0.393555 0.062988 0.085938
0 0.293701 0.417480 0.056152 0.077148
0 0.359863 0.415527 0.080078 0.124023
0 0.110596 0.406738 0.024902 0.041992
0 0.084717 0.408203 0.035645 0.064453
0 0.182861 0.438965 0.154785 0.161133