1 0.811768 0.397949 0.018066 0.122070
1 0.784912 0.399414 0.018066 0.115234
1 0.670410 0.400391 0.014648 0.054688
1 0.528809 0.394531 0.002930 0.019531
1 0.264404 0.391113 0.005371 0.020508
0 0.441650 0.388672 0.007324 0.009766
0 0.443848 0.399902 0.003906 0.018555
0 0.463867 0.398926 0.002930 0.018555
0 0.453857 0.398926 0.018066 0.032227
0 0.471680 0.391113 0.013672 0.036133
0 0.475098 0.394531 0.014648 0.025391
0 0.488281 0.395020 0.010742 0.020508
0 0.489258 0.397949 0.006836 0.020508
0 0.494873 0.395996 0.011230 0.024414
0 0.497559 0.398926 0.005859 0.022461
0 0.500244 0.399414 0.004395 0.021484
0 0.511963 0.395508 0.022949 0.037109
0 0.477051 0.399902 0.016602 0.024414
0 0.330322 0.384277 0.010254 0.014648
0 0.311279 0.394531 0.006348 0.019531
0 0.353271 0.393066 0.011230 0.016602
0 0.338379 0.392090 0.010742 0.016602
0 0.335938 0.395508 0.012695 0.015625