1 0.097412 0.333984 0.020996 0.041016
1 0.518555 0.368164 0.006836 0.046875
0 0.307129 0.329102 0.056641 0.013672
0 0.647461 0.382324 0.071289 0.061523
0 0.650635 0.394043 0.062988 0.079102
0 0.694092 0.339844 0.021973 0.027344
0 0.671387 0.390625 0.099609 0.144531
0 0.533447 0.374023 0.017090 0.021484
0 0.447266 0.360352 0.092773 0.072266
0 0.372314 0.374023 0.086426 0.093750
0 0.369873 0.381348 0.071777 0.104492
0 0.359131 0.379395 0.037598 0.081055
0 0.309570 0.395996 0.125977 0.131836
0 0.135742 0.417480 0.265625 0.180664
0 0.765625 0.399902 0.108398 0.200195
0 0.899414 0.412109 0.196289 0.294922