1 0.029785 0.425293 0.023438 0.112305
1 0.684814 0.395508 0.009277 0.048828
1 0.698242 0.395020 0.005859 0.045898
1 0.763184 0.390137 0.015625 0.122070
0 0.649658 0.395996 0.009277 0.032227
0 0.379883 0.415527 0.052734 0.065430
0 0.651123 0.397949 0.009277 0.038086
0 0.516602 0.406250 0.007812 0.023438
0 0.504150 0.405762 0.022949 0.030273
0 0.527344 0.401367 0.003906 0.027344
0 0.542725 0.397949 0.027832 0.055664
0 0.570801 0.400391 0.008789 0.029297
0 0.587646 0.402832 0.031738 0.049805
0 0.616699 0.397949 0.008789 0.012695
0 0.639160 0.395996 0.004883 0.022461
0 0.632812 0.396973 0.013672 0.022461
0 0.660889 0.398926 0.021973 0.040039
0 0.665039 0.401855 0.024414 0.040039
0 0.761719 0.392578 0.032227 0.068359
0 0.764160 0.407227 0.023438 0.041016
0 0.831299 0.389648 0.124512 0.091797