1 0.557373 0.411133 0.004395 0.033203
1 0.543945 0.420898 0.027344 0.089844
1 0.378174 0.415039 0.018066 0.060547
1 0.625488 0.380371 0.007812 0.014648
0 0.474121 0.400879 0.007812 0.008789
0 0.480957 0.408691 0.010742 0.018555
0 0.489990 0.407715 0.011230 0.014648
0 0.500244 0.409668 0.017090 0.016602
0 0.464111 0.409668 0.000488 0.000977
0 0.441162 0.426758 0.085449 0.060547
0 0.287842 0.449219 0.072754 0.103516
0 0.177734 0.451172 0.155273 0.195312
0 0.010254 0.473145 0.014648 0.204102
0 0.635498 0.450195 0.066895 0.130859
0 0.721191 0.470215 0.153320 0.206055