1 0.748047 0.412598 0.021484 0.120117
1 0.714355 0.397461 0.002930 0.017578
1 0.793457 0.399902 0.009766 0.059570
1 0.784912 0.403320 0.012207 0.050781
1 0.578613 0.395020 0.004883 0.010742
1 0.719727 0.397949 0.003906 0.016602
0 0.772461 0.400879 0.014648 0.022461
0 0.767578 0.409180 0.018555 0.037109
0 0.749512 0.411133 0.024414 0.035156
0 0.643555 0.396973 0.015625 0.012695
0 0.635986 0.411133 0.012207 0.029297
0 0.652344 0.409668 0.026367 0.034180
0 0.627686 0.411133 0.008301 0.031250
0 0.612793 0.409180 0.023438 0.039062
0 0.607910 0.415039 0.009766 0.031250
0 0.594482 0.412598 0.023926 0.040039
0 0.583008 0.417969 0.016602 0.035156
0 0.572021 0.416016 0.011230 0.046875
0 0.549072 0.407715 0.041504 0.047852
0 0.545166 0.423340 0.046387 0.051758
0 0.501465 0.419922 0.042969 0.074219
0 0.453857 0.426758 0.069824 0.083984
0 0.105957 0.580078 0.206055 0.640625