0 0.613770 0.382324 0.021484 0.026367
0 0.586426 0.391602 0.026367 0.017578
0 0.603760 0.390137 0.012207 0.012695
0 0.565674 0.394531 0.033691 0.017578
0 0.543701 0.388672 0.035645 0.029297
0 0.518799 0.395996 0.033691 0.024414
0 0.454590 0.401855 0.032227 0.032227
0 0.637939 0.423340 0.033691 0.110352
0 0.665771 0.435547 0.067871 0.148438
0 0.735352 0.433105 0.126953 0.225586
0 0.873779 0.479980 0.247559 0.473633
0 0.420654 0.403320 0.004395 0.013672
0 0.307373 0.447754 0.080566 0.149414
0 0.246094 0.476074 0.114258 0.168945
0 0.127197 0.493164 0.173340 0.271484
0 0.035400 0.535156 0.064941 0.292969