1 0.777588 0.409180 0.006348 0.037109
1 0.955811 0.424316 0.034668 0.208008
1 0.782471 0.411133 0.005371 0.035156
1 0.900879 0.419922 0.084961 0.492188
1 0.539795 0.392090 0.006348 0.022461
1 0.552490 0.392578 0.009277 0.025391
1 0.640381 0.396973 0.010254 0.026367
1 0.562256 0.407715 0.020020 0.110352
1 0.574707 0.412598 0.016602 0.106445
1 0.606445 0.408203 0.005859 0.080078
1 0.625977 0.409180 0.012695 0.080078
1 0.610596 0.415039 0.021973 0.115234
1 0.653809 0.433594 0.039062 0.169922
1 0.744385 0.426758 0.068848 0.306641
1 0.071289 0.380371 0.004883 0.030273
1 0.289307 0.409668 0.018066 0.108398
1 0.271729 0.405762 0.021973 0.118164
1 0.317871 0.406738 0.026367 0.112305
1 0.341064 0.410156 0.013184 0.128906
1 0.331055 0.418457 0.024414 0.114258
1 0.375732 0.401367 0.020020 0.103516
1 0.373779 0.411621 0.029785 0.124023
1 0.355713 0.411133 0.030762 0.134766
1 0.461426 0.419434 0.020508 0.120117
1 0.384277 0.412109 0.021484 0.123047
1 0.440186 0.417969 0.034668 0.136719
1 0.450195 0.409180 0.045898 0.162109
1 0.406738 0.417480 0.047852 0.170898
1 0.802002 0.427734 0.007324 0.041016
0 0.136719 0.385254 0.009766 0.024414
0 0.485840 0.386230 0.041016 0.034180
0 0.482422 0.404297 0.033203 0.023438
0 0.527344 0.394531 0.020508 0.019531
0 0.630371 0.396484 0.021484 0.031250
0 0.060791 0.382812 0.009277 0.019531
0 0.034912 0.382812 0.010254 0.021484
0 0.048340 0.383301 0.026367 0.026367
0 0.219238 0.389160 0.031250 0.022461
0 0.016357 0.394043 0.023926 0.041992
0 0.100830 0.386719 0.029785 0.027344
0 0.168213 0.384766 0.014160 0.025391
0 0.311768 0.394531 0.018066 0.017578