1 0.661377 0.397949 0.040527 0.166992
1 0.387695 0.367188 0.011719 0.064453
1 0.398682 0.365234 0.031738 0.072266
1 0.424805 0.360352 0.016602 0.056641
1 0.477783 0.362793 0.023926 0.077148
1 0.568848 0.366699 0.036133 0.131836
1 0.096191 0.393555 0.013672 0.046875
1 0.087158 0.393555 0.010254 0.042969
1 0.066650 0.391113 0.011230 0.053711
1 0.076660 0.393555 0.014648 0.052734
1 0.008545 0.398926 0.011230 0.047852
0 0.237549 0.388672 0.009277 0.031250
0 0.096436 0.397461 0.014160 0.035156
0 0.056396 0.396973 0.033691 0.034180