1 0.978027 0.393555 0.039062 0.234375
1 0.632080 0.404785 0.017090 0.090820
1 0.659912 0.395996 0.019043 0.094727
1 0.880615 0.403320 0.042480 0.224609
1 0.306396 0.420410 0.006348 0.022461
1 0.270264 0.427246 0.007324 0.034180
1 0.276611 0.427734 0.007324 0.041016
1 0.284424 0.426758 0.007324 0.037109
1 0.338135 0.420898 0.005371 0.037109
1 0.505859 0.408691 0.008789 0.059570
1 0.516357 0.413574 0.020020 0.084961
1 0.473389 0.422852 0.013184 0.058594
0 0.106934 0.491699 0.133789 0.190430
0 0.035400 0.534180 0.064941 0.244141
0 0.320068 0.418945 0.016113 0.019531
0 0.306152 0.420898 0.015625 0.023438
0 0.178955 0.543945 0.225098 0.273438