1 0.493408 0.379883 0.005371 0.013672
1 0.623535 0.374023 0.005859 0.027344
1 0.512695 0.374023 0.005859 0.019531
0 0.690918 0.397949 0.091797 0.051758
0 0.694824 0.408203 0.070312 0.060547
0 0.093994 0.455566 0.012207 0.049805
0 0.255127 0.440430 0.118652 0.087891
0 0.167236 0.445801 0.142090 0.092773
0 0.606445 0.382324 0.010742 0.020508
0 0.606445 0.390625 0.005859 0.013672
0 0.604004 0.384277 0.004883 0.022461
0 0.591797 0.385742 0.023438 0.035156
0 0.588135 0.395020 0.011230 0.026367
0 0.571045 0.392578 0.027832 0.033203
0 0.569336 0.395020 0.028320 0.030273
0 0.566895 0.406738 0.017578 0.022461
0 0.544434 0.398926 0.038086 0.038086
0 0.546875 0.400391 0.017578 0.033203
0 0.536377 0.405273 0.020996 0.042969
0 0.479980 0.391602 0.028320 0.015625
0 0.514648 0.402344 0.041992 0.037109
0 0.478516 0.411621 0.071289 0.047852