1 0.680176 0.342773 0.016602 0.072266
1 0.695557 0.381836 0.035645 0.144531
1 0.295898 0.377441 0.006836 0.010742
1 0.304443 0.377441 0.004395 0.008789
1 0.107666 0.379395 0.012207 0.028320
1 0.122559 0.379395 0.009766 0.016602
1 0.431152 0.383301 0.003906 0.022461
1 0.434814 0.382324 0.004395 0.024414
1 0.580811 0.375488 0.005371 0.040039
1 0.586670 0.378906 0.009277 0.048828
1 0.658203 0.357422 0.023438 0.072266
1 0.565430 0.381348 0.002930 0.047852
0 0.461914 0.384766 0.012695 0.021484
0 0.450195 0.387207 0.018555 0.026367
0 0.524414 0.374512 0.006836 0.012695
0 0.500977 0.388184 0.008789 0.032227
0 0.514160 0.388184 0.025391 0.040039
0 0.549316 0.384766 0.021484 0.033203
0 0.390137 0.398438 0.010742 0.031250
0 0.324219 0.398438 0.033203 0.060547
0 0.305664 0.405762 0.032227 0.053711
0 0.278564 0.410156 0.031738 0.062500
0 0.248535 0.405762 0.054688 0.079102
0 0.229248 0.417969 0.031738 0.070312
0 0.189209 0.417480 0.063965 0.098633
0 0.137939 0.434082 0.065918 0.098633
0 0.077637 0.433105 0.073242 0.137695
0 0.026367 0.425781 0.046875 0.181641
0 0.603271 0.371582 0.020996 0.022461