1 0.484131 0.416016 0.011230 0.062500
1 0.652100 0.395020 0.003418 0.022461
1 0.460938 0.415527 0.018555 0.079102
1 0.422607 0.415527 0.015137 0.069336
1 0.309814 0.423340 0.009277 0.079102
1 0.302246 0.426270 0.020508 0.098633
1 0.188965 0.410156 0.011719 0.054688
0 0.600830 0.393066 0.022949 0.038086
0 0.573975 0.407227 0.032715 0.050781
0 0.537354 0.419922 0.028809 0.048828
0 0.506348 0.422852 0.049805 0.054688
0 0.628662 0.398926 0.010254 0.016602
0 0.610840 0.400879 0.026367 0.041992
0 0.634277 0.398926 0.008789 0.014648
0 0.660645 0.397949 0.014648 0.016602
0 0.671387 0.398438 0.008789 0.017578
0 0.681641 0.396484 0.017578 0.023438
0 0.726562 0.434082 0.045898 0.145508
0 0.788818 0.464355 0.153809 0.209961
0 0.920166 0.546387 0.154785 0.411133