1 0.390137 0.381348 0.011719 0.057617
1 0.420166 0.379395 0.009277 0.045898
1 0.188965 0.423340 0.036133 0.129883
1 0.222900 0.410156 0.026855 0.119141
1 0.933105 0.398926 0.037109 0.125977
1 0.676758 0.351562 0.008789 0.017578
1 0.593994 0.376953 0.000488 0.001953
1 0.595703 0.368164 0.003906 0.027344
0 0.946533 0.601562 0.102051 0.277344
0 0.667969 0.400391 0.054688 0.080078
0 0.458252 0.388184 0.028809 0.051758
0 0.577881 0.367676 0.011230 0.018555
0 0.525879 0.371094 0.007812 0.019531
0 0.570312 0.369629 0.012695 0.018555
0 0.518555 0.370117 0.010742 0.021484
0 0.515625 0.372070 0.006836 0.019531
0 0.508789 0.371582 0.014648 0.020508
0 0.598633 0.368164 0.017578 0.023438
0 0.615723 0.389160 0.038086 0.055664