1 0.347412 0.401367 0.012207 0.027344
1 0.624268 0.412598 0.022949 0.092773
1 0.660645 0.410156 0.013672 0.074219
1 0.833740 0.426270 0.046387 0.186523
1 0.792236 0.421875 0.040527 0.203125
1 0.592285 0.427734 0.022461 0.113281
0 0.358887 0.440430 0.078125 0.066406
0 0.466553 0.416504 0.009277 0.028320
0 0.464111 0.416992 0.009277 0.027344
0 0.457031 0.415039 0.011719 0.033203
0 0.445312 0.415527 0.019531 0.036133
0 0.436035 0.418945 0.018555 0.037109
0 0.424561 0.419922 0.025879 0.039062
0 0.539307 0.409180 0.022949 0.025391
0 0.571045 0.411133 0.021973 0.021484