1 0.986084 0.395508 0.022949 0.296875
1 0.059326 0.416016 0.020020 0.089844
1 0.024170 0.416016 0.017090 0.091797
1 0.048584 0.413086 0.030762 0.105469
1 0.123047 0.389648 0.009766 0.037109
1 0.113281 0.414551 0.019531 0.094727
1 0.144531 0.411133 0.024414 0.097656
1 0.183838 0.446777 0.064941 0.229492
1 0.260742 0.455078 0.069336 0.251953
1 0.329590 0.403320 0.006836 0.050781
1 0.337646 0.409180 0.016113 0.095703
1 0.604980 0.370605 0.007812 0.016602
1 0.606934 0.375488 0.004883 0.018555
1 0.636963 0.381348 0.012207 0.041992
1 0.681152 0.391602 0.005859 0.025391
1 0.684814 0.392578 0.005371 0.023438
1 0.671875 0.400879 0.012695 0.086914
1 0.438721 0.440430 0.032715 0.228516
1 0.709717 0.382812 0.013184 0.042969
1 0.727783 0.374512 0.008301 0.043945
1 0.735352 0.370605 0.011719 0.051758
1 0.710693 0.406250 0.021973 0.054688
1 0.759521 0.382812 0.008301 0.054688
1 0.830078 0.400879 0.024414 0.092773
1 0.788574 0.457520 0.082031 0.333008
0 0.381836 0.417480 0.087891 0.092773
0 0.546875 0.355957 0.086914 0.006836
0 0.468018 0.416016 0.130371 0.117188
0 0.567871 0.420410 0.170898 0.129883