1 0.262451 0.483398 0.011230 0.072266
1 0.368896 0.470215 0.006348 0.040039
1 0.396484 0.468262 0.007812 0.032227
1 0.403809 0.466309 0.006836 0.038086
1 0.415527 0.452148 0.005859 0.021484
1 0.489502 0.458984 0.012207 0.050781
1 0.653809 0.471680 0.025391 0.162109
1 0.680664 0.474609 0.020508 0.144531
1 0.695068 0.464355 0.022949 0.176758
1 0.762451 0.443848 0.019043 0.116211
1 0.748779 0.444824 0.022949 0.118164
1 0.796143 0.431152 0.012207 0.024414
1 0.803467 0.431152 0.014160 0.024414
1 0.822510 0.446289 0.023926 0.058594
1 0.858154 0.433105 0.018066 0.098633
1 0.886963 0.495117 0.016113 0.029297
1 0.901367 0.464355 0.033203 0.196289
1 0.956787 0.392090 0.021973 0.073242
1 0.974365 0.457031 0.046387 0.199219
0 0.528320 0.456543 0.007812 0.018555
0 0.519043 0.456543 0.013672 0.022461
0 0.488770 0.461426 0.023438 0.028320
0 0.474854 0.464844 0.016113 0.031250
0 0.464600 0.464844 0.010254 0.031250
0 0.450928 0.461914 0.019043 0.037109
0 0.446045 0.468750 0.026855 0.041016