1 0.897461 0.373535 0.023438 0.106445
1 0.779053 0.340332 0.012207 0.020508
1 0.667969 0.331543 0.009766 0.028320
1 0.588623 0.372559 0.011230 0.055664
1 0.382568 0.382324 0.005371 0.040039
0 0.789307 0.411133 0.097168 0.123047
0 0.699951 0.418945 0.119629 0.199219
0 0.489502 0.361816 0.015137 0.018555
0 0.494141 0.366211 0.011719 0.025391
0 0.500977 0.363770 0.009766 0.028320
0 0.514404 0.363770 0.023926 0.028320
0 0.526611 0.360352 0.029785 0.015625
0 0.525146 0.361328 0.023926 0.007812
0 0.514404 0.380859 0.013184 0.037109
0 0.528320 0.380859 0.024414 0.039062
0 0.553955 0.382812 0.036621 0.054688
0 0.410400 0.357422 0.020020 0.015625
0 0.420654 0.363281 0.026855 0.015625
0 0.421631 0.375000 0.034668 0.025391
0 0.396973 0.388672 0.030273 0.046875