1 0.219727 0.430176 0.008789 0.041992
1 0.197998 0.431641 0.007324 0.046875
1 0.585693 0.407227 0.006348 0.019531
1 0.213135 0.433105 0.014160 0.040039
1 0.723145 0.450195 0.055664 0.294922
1 0.786133 0.459961 0.034180 0.292969
1 0.849121 0.443359 0.076172 0.414062
1 0.954834 0.479004 0.051270 0.415039
1 0.911621 0.446777 0.057617 0.516602
1 0.986816 0.473633 0.021484 0.283203
1 0.194092 0.433594 0.009277 0.044922
0 0.355469 0.406250 0.088867 0.082031
0 0.379639 0.416504 0.066895 0.028320
0 0.476318 0.400391 0.068848 0.035156
0 0.496826 0.398926 0.013184 0.004883
0 0.542480 0.400879 0.081055 0.049805
0 0.497559 0.409668 0.046875 0.018555
0 0.616699 0.412598 0.081055 0.034180
0 0.692139 0.398438 0.018066 0.031250
0 0.813232 0.397461 0.027832 0.019531
0 0.826416 0.396484 0.017090 0.015625
0 0.972412 0.389160 0.002441 0.002930
0 0.033447 0.501465 0.061035 0.200195