1 0.286377 0.419434 0.009277 0.036133
1 0.651123 0.427246 0.047363 0.288086
1 0.592529 0.440430 0.045410 0.279297
1 0.457764 0.399902 0.010254 0.047852
1 0.464600 0.410645 0.008301 0.059570
1 0.472900 0.408691 0.014160 0.071289
1 0.162598 0.422852 0.004883 0.044922
1 0.143555 0.420410 0.009766 0.057617
0 0.276367 0.427734 0.012695 0.042969
0 0.260010 0.426758 0.028809 0.052734
0 0.261230 0.433594 0.014648 0.042969
0 0.239746 0.424316 0.042969 0.073242
0 0.085205 0.584961 0.164551 0.464844
0 0.327393 0.438965 0.085449 0.149414
0 0.404541 0.391602 0.020996 0.013672
0 0.393311 0.429199 0.014160 0.065430
0 0.401855 0.411133 0.010742 0.035156
0 0.426514 0.432129 0.068848 0.116211