1 0.521973 0.331055 0.016602 0.025391
1 0.546875 0.330566 0.012695 0.024414
1 0.309082 0.373047 0.006836 0.033203
1 0.536621 0.328125 0.012695 0.029297
1 0.291992 0.483398 0.087891 0.423828
0 0.190918 0.368164 0.028320 0.021484
0 0.521729 0.424805 0.151855 0.166016
0 0.238525 0.355469 0.027832 0.031250
0 0.186523 0.405762 0.027344 0.069336
0 0.352295 0.400391 0.093262 0.132812
0 0.142578 0.391602 0.018555 0.015625
0 0.214600 0.414062 0.060059 0.095703
0 0.256348 0.427734 0.090820 0.115234
0 0.299072 0.402344 0.017090 0.072266
0 0.163574 0.391602 0.021484 0.027344