1 0.286377 0.385254 0.010254 0.038086
1 0.386230 0.381836 0.006836 0.019531
0 0.492920 0.392090 0.007324 0.016602
0 0.333008 0.437500 0.061523 0.093750
0 0.544922 0.392578 0.006836 0.029297
0 0.545654 0.399902 0.007324 0.034180
0 0.378906 0.410645 0.060547 0.081055
0 0.549072 0.403320 0.010254 0.041016
0 0.555420 0.404785 0.016113 0.045898
0 0.565430 0.410645 0.024414 0.059570
0 0.591309 0.411133 0.043945 0.060547
0 0.462402 0.400391 0.017578 0.029297
0 0.454102 0.428711 0.021484 0.091797
0 0.451416 0.429199 0.026855 0.090820
0 0.410645 0.439941 0.085938 0.124023
0 0.517334 0.406738 0.054199 0.096680
0 0.992432 0.666992 0.010254 0.183594