1 0.206787 0.405273 0.003418 0.005859
1 0.133057 0.427246 0.006348 0.036133
1 0.106934 0.434082 0.012695 0.055664
1 0.066406 0.439941 0.020508 0.096680
1 0.321045 0.415527 0.006348 0.036133
1 0.394531 0.424316 0.008789 0.034180
1 0.662109 0.386230 0.003906 0.043945
1 0.655029 0.393066 0.007324 0.057617
0 0.236328 0.434570 0.038086 0.074219
0 0.245850 0.454590 0.006348 0.045898
0 0.238525 0.443359 0.021973 0.068359
0 0.208252 0.446777 0.060059 0.079102
0 0.303711 0.415039 0.041016 0.031250
0 0.303467 0.420898 0.026855 0.033203
0 0.346680 0.423340 0.028320 0.020508
0 0.387207 0.399902 0.045898 0.043945
0 0.404053 0.415527 0.034668 0.049805
0 0.424805 0.422852 0.025391 0.041016
0 0.439209 0.422363 0.022949 0.045898
0 0.445557 0.424805 0.015137 0.044922
0 0.483154 0.415039 0.068848 0.070312
0 0.479004 0.423828 0.015625 0.054688
0 0.487549 0.423828 0.020996 0.056641
0 0.518799 0.404297 0.059082 0.027344
0 0.519287 0.424805 0.068848 0.060547