1 0.196777 0.421387 0.013672 0.055664
1 0.211914 0.416504 0.015625 0.063477
1 0.242188 0.421387 0.012695 0.071289
1 0.266113 0.412109 0.008789 0.042969
1 0.570557 0.418457 0.008301 0.071289
1 0.597900 0.407227 0.014160 0.089844
1 0.685791 0.418457 0.044434 0.149414
1 0.763672 0.442383 0.048828 0.220703
1 0.139404 0.417969 0.015137 0.091797
1 0.124756 0.423340 0.021973 0.100586
1 0.676758 0.419434 0.041016 0.145508
0 0.419189 0.383789 0.032715 0.031250
0 0.436523 0.406738 0.033203 0.049805
0 0.353271 0.415039 0.036621 0.058594
0 0.218506 0.419922 0.036621 0.039062
0 0.563232 0.408691 0.049316 0.053711
0 0.476807 0.421875 0.049316 0.072266
0 0.518555 0.434082 0.056641 0.084961