1 0.114990 0.432617 0.025879 0.119141
1 0.719727 0.404297 0.008789 0.033203
1 0.741943 0.407227 0.007324 0.042969
1 0.734863 0.406738 0.009766 0.043945
1 0.779297 0.426758 0.027344 0.132812
1 0.816650 0.435547 0.025879 0.148438
1 0.858398 0.415527 0.012695 0.143555
1 0.847900 0.419434 0.026855 0.165039
1 0.848389 0.424316 0.019043 0.159180
1 0.867676 0.422363 0.023438 0.180664
1 0.911865 0.433594 0.024902 0.179688
1 0.082275 0.441406 0.011230 0.062500
0 0.346191 0.431641 0.018555 0.033203
0 0.589111 0.416992 0.003418 0.017578
0 0.580078 0.415039 0.015625 0.025391
0 0.562744 0.422852 0.019043 0.042969
0 0.533447 0.426758 0.051270 0.082031
0 0.600098 0.412109 0.007812 0.017578
0 0.610352 0.414062 0.027344 0.039062