1 0.364746 0.408203 0.004883 0.029297
0 0.630371 0.417480 0.023438 0.057617
0 0.478027 0.412109 0.003906 0.013672
0 0.482422 0.410645 0.005859 0.016602
0 0.488525 0.409668 0.010254 0.018555
0 0.503174 0.411133 0.011230 0.019531
0 0.511475 0.408691 0.009277 0.024414
0 0.523193 0.405762 0.015137 0.030273
0 0.557617 0.404785 0.017578 0.036133
0 0.546387 0.412109 0.027344 0.037109
0 0.595947 0.427246 0.067871 0.090820
0 0.724121 0.461914 0.160156 0.220703
0 0.422363 0.413086 0.016602 0.023438
0 0.435303 0.416016 0.006348 0.017578
0 0.448486 0.419922 0.026855 0.042969
0 0.393555 0.437012 0.052734 0.077148
0 0.310547 0.464355 0.134766 0.155273
0 0.246338 0.418457 0.028809 0.032227