1 0.895752 0.384766 0.007324 0.033203
1 0.904297 0.384766 0.010742 0.031250
1 0.878418 0.411133 0.032227 0.154297
1 0.621582 0.413574 0.016602 0.067383
0 0.509033 0.416504 0.010254 0.018555
0 0.496338 0.416992 0.019043 0.017578
0 0.552002 0.416992 0.017090 0.031250
0 0.531494 0.418945 0.027832 0.035156
0 0.566406 0.416504 0.022461 0.034180
0 0.593018 0.409668 0.032715 0.055664
0 0.300293 0.409668 0.019531 0.018555
0 0.625244 0.400879 0.015137 0.045898
0 0.731445 0.458984 0.118164 0.160156
0 0.445068 0.439453 0.079590 0.113281
0 0.382324 0.403809 0.016602 0.004883
0 0.378906 0.420898 0.017578 0.031250
0 0.342285 0.390625 0.045898 0.035156
0 0.316162 0.422852 0.036621 0.042969
0 0.346191 0.421875 0.038086 0.052734
0 0.203125 0.400879 0.005859 0.000977
0 0.261475 0.387695 0.050293 0.023438
0 0.168457 0.417969 0.041016 0.041016
0 0.196045 0.426270 0.039551 0.051758
0 0.100098 0.439453 0.066406 0.070312
0 0.026367 0.441895 0.046875 0.067383
0 0.920654 0.412109 0.079590 0.070312
0 0.956299 0.411133 0.082520 0.074219
0 0.967041 0.413086 0.061035 0.068359
0 0.130615 0.472168 0.117676 0.120117
0 0.253906 0.465332 0.135742 0.145508