1 0.558105 0.400879 0.007812 0.034180
1 0.567139 0.401855 0.006348 0.034180
1 0.683838 0.385254 0.004395 0.008789
1 0.689697 0.391602 0.005371 0.015625
1 0.699951 0.400391 0.006348 0.025391
1 0.785400 0.400879 0.011230 0.065430
1 0.802734 0.399414 0.009766 0.062500
0 0.084229 0.501465 0.162598 0.344727
0 0.623779 0.395996 0.008301 0.012695
0 0.620605 0.397949 0.004883 0.012695
0 0.591064 0.396484 0.010254 0.021484
0 0.602783 0.393066 0.014160 0.022461
0 0.602051 0.403809 0.014648 0.022461
0 0.651611 0.393555 0.009277 0.017578
0 0.647705 0.402832 0.014160 0.022461
0 0.660400 0.406738 0.012207 0.028320
0 0.677246 0.405273 0.028320 0.041016
0 0.771729 0.411133 0.007324 0.031250
0 0.782227 0.405273 0.021484 0.042969
0 0.892334 0.425293 0.126465 0.180664