1 0.242676 0.406738 0.018555 0.114258
0 0.135498 0.350586 0.030762 0.019531
0 0.394531 0.393555 0.036133 0.041016
0 0.352051 0.401367 0.089844 0.072266
0 0.448975 0.400391 0.031738 0.070312
0 0.466797 0.405273 0.029297 0.078125
0 0.471436 0.409180 0.027832 0.083984
0 0.485352 0.422363 0.046875 0.124023
0 0.545898 0.416992 0.094727 0.183594
0 0.762695 0.426270 0.378906 0.567383
0 0.159912 0.367676 0.015137 0.014648
0 0.181396 0.393066 0.033691 0.067383
0 0.134033 0.447266 0.098145 0.181641
0 0.060791 0.486816 0.115723 0.290039