1 0.054688 0.389648 0.014648 0.091797
1 0.041992 0.389160 0.024414 0.104492
1 0.711182 0.318359 0.030762 0.074219
1 0.662109 0.358887 0.021484 0.096680
1 0.581055 0.356445 0.009766 0.068359
1 0.624023 0.352539 0.011719 0.068359
1 0.540283 0.355469 0.007324 0.048828
1 0.528076 0.357910 0.006348 0.024414
1 0.516602 0.360840 0.004883 0.022461
0 0.418457 0.353516 0.021484 0.056641
0 0.372314 0.375488 0.030762 0.036133
0 0.338135 0.374512 0.011230 0.053711
0 0.291992 0.384277 0.014648 0.055664
0 0.316895 0.382812 0.048828 0.070312
0 0.263672 0.380859 0.047852 0.072266
0 0.249268 0.391602 0.024902 0.064453
0 0.115479 0.414062 0.099121 0.109375
0 0.193848 0.408691 0.111328 0.122070
0 0.469238 0.347168 0.021484 0.014648
0 0.474121 0.360352 0.014648 0.015625
0 0.493408 0.358398 0.010254 0.017578