1 0.565918 0.400879 0.008789 0.061523
1 0.458740 0.401367 0.002441 0.011719
1 0.535889 0.402344 0.008301 0.037109
1 0.575195 0.399902 0.008789 0.071289
1 0.227539 0.411621 0.012695 0.079102
1 0.235352 0.410156 0.014648 0.072266
0 0.480469 0.396484 0.005859 0.015625
0 0.408203 0.406250 0.016602 0.029297
0 0.406006 0.410156 0.009277 0.033203
0 0.398438 0.411621 0.015625 0.036133
0 0.392578 0.412598 0.013672 0.036133
0 0.384766 0.412598 0.015625 0.038086
0 0.377441 0.413574 0.017578 0.040039
0 0.367920 0.415039 0.017090 0.042969
0 0.359131 0.415039 0.018066 0.048828
0 0.349365 0.416016 0.018066 0.052734
0 0.335449 0.418457 0.027344 0.057617
0 0.317383 0.420410 0.029297 0.065430
0 0.472168 0.402344 0.015625 0.025391
0 0.291260 0.425781 0.059082 0.074219
0 0.512695 0.415039 0.046875 0.072266
0 0.913818 0.419434 0.167480 0.127930