1 0.776367 0.375488 0.016602 0.053711
1 0.794678 0.371582 0.016113 0.036133
1 0.812500 0.365723 0.018555 0.049805
1 0.923096 0.390625 0.005371 0.068359
1 0.530273 0.384766 0.006836 0.013672
1 0.538574 0.387695 0.004883 0.015625
1 0.544189 0.387695 0.009277 0.015625
1 0.576904 0.406738 0.030762 0.100586
1 0.625977 0.413574 0.023438 0.104492
1 0.768066 0.413086 0.014648 0.125000
1 0.752686 0.406250 0.024902 0.162109
1 0.956055 0.379883 0.015625 0.068359
1 0.972656 0.400391 0.025391 0.105469
1 0.449951 0.417969 0.014160 0.074219
1 0.463623 0.414062 0.025879 0.082031
1 0.414551 0.394043 0.004883 0.032227
1 0.322998 0.386230 0.007324 0.018555
1 0.325195 0.407227 0.008789 0.046875
1 0.349365 0.416504 0.012207 0.065430
1 0.358887 0.415039 0.009766 0.058594
1 0.387207 0.409180 0.015625 0.074219
1 0.379150 0.416504 0.019043 0.083008
1 0.396484 0.425293 0.029297 0.133789
1 0.419434 0.441406 0.005859 0.017578
1 0.429688 0.414062 0.029297 0.140625
1 0.304688 0.425781 0.019531 0.083984
1 0.288086 0.447266 0.014648 0.019531
1 0.288818 0.425781 0.020996 0.070312
1 0.303955 0.422852 0.018066 0.099609
1 0.335693 0.420410 0.022949 0.090820
0 0.693604 0.423828 0.110840 0.162109