1 0.588135 0.382324 0.004395 0.010742
1 0.672607 0.379395 0.002441 0.004883
1 0.664307 0.380371 0.006348 0.008789
1 0.360596 0.398438 0.002441 0.019531
1 0.338379 0.398438 0.002930 0.013672
1 0.335938 0.398926 0.002930 0.014648
1 0.120850 0.392578 0.000488 0.003906
0 0.493896 0.396973 0.011230 0.018555
0 0.514893 0.416992 0.044434 0.070312
0 0.563232 0.400391 0.029785 0.058594
0 0.568359 0.404785 0.031250 0.061523
0 0.591064 0.419922 0.041504 0.064453
0 0.660889 0.392090 0.015137 0.014648
0 0.635498 0.433594 0.071777 0.101562
0 0.690430 0.398438 0.038086 0.029297
0 0.699707 0.401367 0.009766 0.015625
0 0.760254 0.471191 0.166016 0.213867
0 0.321533 0.395996 0.027832 0.028320
0 0.302002 0.393555 0.020996 0.025391
0 0.276611 0.391602 0.023926 0.035156
0 0.251465 0.399414 0.023438 0.037109
0 0.214355 0.398438 0.020508 0.029297
0 0.136475 0.408203 0.051270 0.046875
0 0.084473 0.396484 0.057617 0.035156
0 0.006836 0.402832 0.007812 0.026367
0 0.416748 0.428223 0.062012 0.090820