1 0.808350 0.453613 0.061035 0.307617
1 0.850586 0.453125 0.053711 0.328125
1 0.462891 0.442871 0.011719 0.053711
1 0.395508 0.447754 0.012695 0.055664
1 0.132080 0.419434 0.000488 0.000977
1 0.604492 0.437012 0.014648 0.092773
1 0.020264 0.434082 0.016113 0.038086
1 0.122559 0.441895 0.009766 0.032227
1 0.132080 0.439453 0.016113 0.041016
1 0.111572 0.466797 0.022949 0.083984
1 0.152344 0.432617 0.008789 0.021484
1 0.039795 0.440918 0.015137 0.032227
1 0.053711 0.442383 0.017578 0.035156
0 0.445801 0.451172 0.013672 0.025391
0 0.426025 0.451660 0.032715 0.047852
0 0.506592 0.447754 0.018066 0.030273
0 0.517822 0.446289 0.010254 0.031250
0 0.554199 0.444824 0.041992 0.038086
0 0.586182 0.443359 0.020996 0.064453
0 0.590576 0.452148 0.014160 0.052734
0 0.614502 0.437988 0.053223 0.084961
0 0.625488 0.443848 0.022461 0.069336
0 0.657471 0.434082 0.062988 0.079102
0 0.647217 0.449707 0.040527 0.090820
0 0.666748 0.451660 0.037598 0.096680
0 0.687744 0.451172 0.038574 0.113281
0 0.725342 0.453125 0.093262 0.123047
0 0.735107 0.468262 0.074707 0.151367
0 0.767334 0.471680 0.029785 0.179688
0 0.886475 0.466797 0.222168 0.285156
0 0.380371 0.453613 0.022461 0.043945
0 0.360840 0.455078 0.027344 0.052734
0 0.346191 0.456055 0.036133 0.064453
0 0.313721 0.456543 0.049316 0.077148
0 0.302246 0.465820 0.040039 0.076172
0 0.257812 0.464355 0.063477 0.108398
0 0.187256 0.478027 0.112793 0.137695