1 0.838135 0.395020 0.031738 0.104492
1 0.407471 0.388672 0.006348 0.015625
1 0.362305 0.398926 0.010742 0.032227
1 0.168213 0.400879 0.011230 0.012695
1 0.472168 0.442383 0.038086 0.123047
1 0.662842 0.377441 0.006348 0.018555
0 0.462891 0.386719 0.042969 0.041016
0 0.428711 0.388184 0.036133 0.018555
0 0.446045 0.407227 0.036621 0.037109
0 0.440674 0.413086 0.037598 0.042969
0 0.416016 0.421875 0.081055 0.052734
0 0.377197 0.444336 0.137207 0.093750
0 0.093262 0.448242 0.047852 0.083984
0 0.126953 0.444824 0.026367 0.057617
0 0.173828 0.494141 0.136719 0.183594
0 0.566406 0.397949 0.025391 0.032227
0 0.588135 0.398926 0.064941 0.057617
0 0.598877 0.400391 0.038574 0.060547
0 0.607178 0.399414 0.030762 0.056641
0 0.652832 0.396973 0.080078 0.047852
0 0.653076 0.414062 0.078613 0.052734
0 0.770996 0.458984 0.167969 0.283203