1 0.762451 0.364746 0.016113 0.063477
1 0.747070 0.370117 0.016602 0.052734
1 0.666016 0.356445 0.009766 0.023438
1 0.674072 0.354004 0.013184 0.026367
1 0.333252 0.414062 0.009277 0.058594
1 0.340088 0.415527 0.010254 0.053711
1 0.324463 0.415039 0.008301 0.052734
1 0.317871 0.416504 0.009766 0.055664
1 0.352051 0.418457 0.022461 0.108398
1 0.409668 0.411621 0.016602 0.102539
1 0.203613 0.430664 0.014648 0.078125
1 0.190430 0.430664 0.023438 0.082031
1 0.021240 0.456055 0.022949 0.130859
1 0.011475 0.411621 0.017090 0.086914
0 0.663086 0.421875 0.054688 0.115234
0 0.702637 0.434082 0.096680 0.145508
0 0.455078 0.408691 0.031250 0.041992
0 0.478271 0.404297 0.010254 0.031250
0 0.489990 0.403809 0.020996 0.036133
0 0.506836 0.404785 0.027344 0.045898
0 0.538330 0.402344 0.045410 0.072266
0 0.394287 0.410156 0.015137 0.042969
0 0.386475 0.418945 0.018066 0.052734
0 0.360596 0.419434 0.045410 0.071289
0 0.414551 0.408203 0.038086 0.064453