1 0.226074 0.377930 0.013672 0.046875
1 0.225098 0.381836 0.010742 0.039062
1 0.233154 0.379395 0.009277 0.041992
1 0.266357 0.387695 0.011230 0.023438
1 0.281982 0.388672 0.012207 0.021484
1 0.403564 0.386230 0.013184 0.018555
1 0.702881 0.376953 0.012207 0.021484
1 0.675049 0.375977 0.004395 0.023438
1 0.671387 0.375000 0.006836 0.025391
1 0.666992 0.375000 0.011719 0.025391
1 0.277100 0.389160 0.011230 0.020508
1 0.020752 0.406738 0.020020 0.186523
1 0.020264 0.410156 0.021973 0.169922
1 0.047363 0.410156 0.027344 0.177734
1 0.176270 0.377441 0.009766 0.040039
1 0.300049 0.425781 0.039551 0.107422
1 0.343750 0.402832 0.043945 0.178711
1 0.378174 0.395508 0.028809 0.193359
1 0.385498 0.408203 0.048340 0.179688
1 0.633789 0.391602 0.028320 0.173828
1 0.650391 0.399902 0.040039 0.163086
1 0.729980 0.395020 0.026367 0.133789
1 0.746582 0.393555 0.033203 0.140625
1 0.905029 0.408203 0.022949 0.064453
1 0.933838 0.386719 0.026855 0.121094
1 0.912109 0.383789 0.027344 0.134766
1 0.988770 0.391602 0.017578 0.062500
1 0.992432 0.390137 0.010254 0.133789
1 0.816650 0.386719 0.027832 0.144531