1 0.755371 0.403809 0.005859 0.018555
1 0.770264 0.425781 0.012207 0.052734
1 0.568115 0.427246 0.010254 0.069336
1 0.459473 0.416504 0.017578 0.047852
1 0.369629 0.460449 0.027344 0.157227
1 0.185547 0.474121 0.012695 0.155273
1 0.197998 0.476074 0.026855 0.157227
1 0.834229 0.410645 0.008301 0.028320
0 0.810791 0.395020 0.032715 0.020508
0 0.813965 0.409180 0.023438 0.023438
0 0.731689 0.430176 0.018066 0.049805
0 0.667480 0.448242 0.031250 0.064453
0 0.649170 0.454590 0.056152 0.073242
0 0.957275 0.434570 0.050293 0.054688