1 0.177979 0.412598 0.005371 0.022461
1 0.027832 0.437988 0.036133 0.170898
1 0.099121 0.433105 0.040039 0.174805
1 0.534180 0.402832 0.007812 0.014648
1 0.557373 0.418945 0.006348 0.027344
1 0.993652 0.560547 0.007812 0.099609
1 0.698730 0.420898 0.009766 0.025391
1 0.656006 0.415039 0.004395 0.023438
1 0.707275 0.405762 0.007324 0.016602
1 0.821533 0.389160 0.020020 0.038086
1 0.798584 0.414062 0.034668 0.099609
1 0.871338 0.426270 0.020996 0.067383
1 0.628174 0.416016 0.020020 0.085938
1 0.763428 0.422363 0.008301 0.112305
1 0.747803 0.417480 0.028809 0.094727
1 0.840576 0.487305 0.102051 0.234375
1 0.692383 0.429199 0.007812 0.020508
1 0.968262 0.430176 0.058594 0.403320
1 0.736572 0.437988 0.055176 0.116211
1 0.541748 0.413574 0.008301 0.036133
0 0.231201 0.416504 0.032715 0.016602
0 0.313965 0.414551 0.034180 0.012695
0 0.332520 0.433105 0.014648 0.055664
0 0.376709 0.458496 0.111816 0.163086