1 0.413086 0.411133 0.003906 0.044922
1 0.420654 0.421387 0.002441 0.028320
1 0.416992 0.414062 0.006836 0.044922
1 0.422607 0.415527 0.004395 0.040039
1 0.425537 0.414551 0.005371 0.041992
1 0.431396 0.413574 0.009277 0.049805
1 0.441162 0.414062 0.007324 0.044922
1 0.482178 0.395020 0.004395 0.006836
1 0.494141 0.410645 0.006836 0.034180
1 0.519531 0.396484 0.007812 0.011719
1 0.576904 0.395020 0.005371 0.028320
1 0.580566 0.400879 0.006836 0.040039
1 0.615479 0.395020 0.005371 0.043945
1 0.623535 0.390137 0.017578 0.084961
1 0.653320 0.405273 0.021484 0.103516
1 0.070068 0.318359 0.018066 0.044922
0 0.450684 0.421875 0.007812 0.013672
0 0.472900 0.411621 0.036621 0.040039
0 0.556396 0.391602 0.019043 0.015625
0 0.533203 0.412598 0.071289 0.047852
0 0.248291 0.408691 0.243652 0.422852
0 0.127441 0.589355 0.249023 0.497070