1 0.618896 0.399902 0.009277 0.079102
1 0.438477 0.364746 0.014648 0.041992
1 0.452148 0.384766 0.004883 0.042969
1 0.456299 0.392090 0.012207 0.065430
1 0.437988 0.395020 0.014648 0.067383
1 0.449951 0.398438 0.017090 0.085938
1 0.418213 0.391113 0.025879 0.092773
1 0.484131 0.382324 0.006348 0.069336
1 0.478760 0.392578 0.013184 0.089844
1 0.362793 0.404785 0.017578 0.065430
1 0.382080 0.394531 0.019043 0.044922
1 0.244873 0.357422 0.009277 0.037109
1 0.336182 0.408691 0.037598 0.172852
1 0.273926 0.347656 0.017578 0.068359
1 0.259277 0.357910 0.008789 0.024414
1 0.251465 0.360840 0.006836 0.010742
1 0.258057 0.386719 0.008301 0.041016
1 0.222168 0.366211 0.006836 0.015625
1 0.250977 0.393555 0.023438 0.064453
1 0.199951 0.367676 0.015137 0.022461
1 0.171631 0.374512 0.010254 0.067383
1 0.178467 0.386230 0.019043 0.059570
1 0.559814 0.404785 0.022949 0.151367
1 0.587402 0.405273 0.015625 0.113281
1 0.567871 0.414551 0.035156 0.153320
0 0.712158 0.442871 0.122559 0.286133
0 0.860107 0.491211 0.274902 0.503906
0 0.929932 0.615234 0.135254 0.580078