1 0.481934 0.378906 0.003906 0.005859
1 0.467773 0.403809 0.010742 0.053711
1 0.660889 0.363770 0.004395 0.004883
1 0.661133 0.371582 0.012695 0.020508
1 0.088135 0.420410 0.012207 0.051758
1 0.730469 0.361328 0.008789 0.021484
1 0.104980 0.400391 0.021484 0.064453
1 0.270020 0.416016 0.012695 0.070312
1 0.211914 0.414551 0.007812 0.047852
1 0.206299 0.418945 0.012207 0.052734
1 0.482422 0.381348 0.003906 0.006836
1 0.467773 0.406250 0.009766 0.060547
1 0.604492 0.422363 0.020508 0.100586
0 0.339355 0.423340 0.009766 0.002930
0 0.399170 0.407227 0.066895 0.050781
0 0.488770 0.405273 0.034180 0.044922
0 0.515625 0.414062 0.041992 0.060547
0 0.580811 0.365234 0.088379 0.041016
0 0.536621 0.414062 0.026367 0.058594
0 0.281006 0.415039 0.010254 0.023438
0 0.145020 0.464355 0.108398 0.135742
0 0.050293 0.494629 0.094727 0.202148
0 0.310547 0.414062 0.017578 0.021484
0 0.292725 0.414062 0.013184 0.023438
0 0.284668 0.414551 0.018555 0.022461
0 0.340088 0.415039 0.012207 0.017578
0 0.399658 0.407227 0.068848 0.050781
0 0.492432 0.405762 0.042480 0.043945
0 0.513428 0.414551 0.050293 0.059570
0 0.534424 0.417480 0.043457 0.065430
0 0.622803 0.412598 0.086426 0.114258
0 0.581055 0.417969 0.063477 0.095703
0 0.676758 0.437012 0.079102 0.122070
0 0.760254 0.386719 0.129883 0.066406
0 0.737549 0.442383 0.097168 0.167969
0 0.789062 0.449219 0.112305 0.193359
0 0.821533 0.465332 0.045410 0.211914
0 0.915527 0.429688 0.164062 0.363281