1 0.958496 0.409180 0.007812 0.033203
1 0.947998 0.411621 0.006348 0.024414
0 0.840820 0.409180 0.005859 0.011719
0 0.844727 0.413086 0.008789 0.021484
0 0.855957 0.412109 0.018555 0.023438
0 0.887207 0.416992 0.029297 0.041016
0 0.925049 0.426758 0.048340 0.064453
0 0.753906 0.413086 0.006836 0.025391
0 0.651855 0.411133 0.007812 0.029297
0 0.623291 0.412598 0.030762 0.040039
0 0.740234 0.410156 0.022461 0.042969
0 0.733154 0.417969 0.009277 0.037109
0 0.480225 0.417480 0.036621 0.073242
0 0.430664 0.363281 0.049805 0.031250
0 0.387451 0.386719 0.040527 0.042969
0 0.374756 0.392090 0.026855 0.041992
0 0.330566 0.421387 0.110352 0.102539
0 0.428223 0.425293 0.097656 0.102539
0 0.583740 0.418945 0.042480 0.066406
0 0.529541 0.436523 0.094238 0.105469