1 0.124268 0.404785 0.005371 0.018555
1 0.118408 0.407227 0.006348 0.015625
1 0.176514 0.403809 0.012207 0.040039
1 0.161377 0.391602 0.006348 0.013672
1 0.200439 0.423828 0.012207 0.083984
1 0.214111 0.421387 0.016113 0.084961
1 0.256836 0.407715 0.007812 0.059570
1 0.249756 0.412109 0.020020 0.087891
1 0.375488 0.415039 0.019531 0.052734
1 0.321289 0.445312 0.027344 0.042969
1 0.300049 0.418945 0.026855 0.109375
1 0.473389 0.382812 0.016113 0.064453
1 0.626709 0.389648 0.020020 0.039062
1 0.639893 0.398438 0.017090 0.021484
1 0.665527 0.390137 0.021484 0.032227
1 0.420166 0.412598 0.022949 0.135742
1 0.801758 0.324707 0.013672 0.127930
0 0.010986 0.375488 0.016113 0.020508
0 0.065674 0.427734 0.097168 0.162109
0 0.040527 0.472168 0.057617 0.178711
0 0.033447 0.596680 0.061035 0.449219
0 0.150146 0.441406 0.072754 0.087891