1 0.478516 0.431641 0.004883 0.025391
1 0.378174 0.460938 0.007324 0.050781
1 0.384521 0.459473 0.010254 0.053711
0 0.543945 0.422852 0.008789 0.015625
0 0.500488 0.417480 0.010742 0.016602
0 0.501221 0.453613 0.043457 0.041992
0 0.540771 0.466309 0.014160 0.038086
0 0.524414 0.464844 0.033203 0.041016
0 0.559570 0.439941 0.007812 0.020508
0 0.574219 0.427734 0.021484 0.023438
0 0.572754 0.438477 0.022461 0.015625
0 0.568115 0.463379 0.027832 0.043945
0 0.587891 0.450684 0.015625 0.075195
0 0.599609 0.449219 0.031250 0.087891
0 0.614746 0.446777 0.025391 0.100586
0 0.638916 0.444824 0.054199 0.131836
0 0.678711 0.450684 0.073242 0.165039
0 0.722168 0.472168 0.100586 0.206055
0 0.867188 0.488281 0.260742 0.343750
0 0.959229 0.604492 0.076660 0.291016