1 0.704346 0.400879 0.031738 0.157227
1 0.732910 0.444336 0.029297 0.166016
1 0.796631 0.398438 0.046387 0.248047
1 0.756348 0.403809 0.073242 0.313477
1 0.628174 0.389160 0.012207 0.086914
1 0.843994 0.407227 0.064941 0.271484
1 0.602051 0.387207 0.015625 0.090820
1 0.616699 0.390625 0.020508 0.105469
1 0.579834 0.392090 0.008301 0.071289
1 0.352051 0.388184 0.006836 0.034180
1 0.344238 0.388184 0.005859 0.032227
1 0.258301 0.384766 0.006836 0.046875
1 0.264160 0.399902 0.015625 0.083008
1 0.242920 0.396484 0.017090 0.083984
1 0.207764 0.407227 0.015137 0.083984
1 0.119385 0.410645 0.022949 0.108398
1 0.098145 0.414551 0.011719 0.108398
1 0.071533 0.414062 0.020020 0.111328
1 0.088379 0.415527 0.022461 0.131836
0 0.528564 0.374023 0.017090 0.013672
0 0.530762 0.391602 0.019531 0.029297
0 0.513916 0.395020 0.031738 0.038086
0 0.570068 0.390137 0.046387 0.038086