1 0.213867 0.396484 0.011719 0.072266
1 0.199219 0.394043 0.010742 0.079102
1 0.261475 0.407227 0.012207 0.046875
1 0.256836 0.405762 0.011719 0.047852
1 0.246582 0.395996 0.011719 0.067383
0 0.384521 0.403809 0.061035 0.045898
0 0.453125 0.413086 0.077148 0.074219
0 0.510010 0.455078 0.079590 0.203125
0 0.718018 0.410156 0.022949 0.031250
0 0.783203 0.473145 0.147461 0.209961
0 0.152344 0.408691 0.064453 0.036133
0 0.092773 0.408203 0.060547 0.037109
0 0.038574 0.406738 0.054688 0.073242
0 0.609131 0.555664 0.280762 0.412109