1 0.113281 0.404297 0.016602 0.050781
1 0.128174 0.394531 0.014160 0.070312
1 0.007812 0.441406 0.009766 0.123047
1 0.032471 0.417480 0.030762 0.127930
1 0.073486 0.426758 0.023926 0.136719
1 0.050537 0.422363 0.042480 0.145508
1 0.061279 0.429199 0.038574 0.145508
1 0.729492 0.388672 0.006836 0.041016
1 0.785889 0.369141 0.007324 0.021484
1 0.792236 0.363281 0.009277 0.031250
1 0.900879 0.375488 0.008789 0.063477
1 0.986572 0.360352 0.012207 0.019531
1 0.716064 0.415527 0.029785 0.143555
1 0.776123 0.383301 0.009277 0.041992
1 0.750977 0.423828 0.038086 0.138672
1 0.768555 0.384277 0.011719 0.051758
1 0.818604 0.405762 0.033691 0.122070
1 0.966309 0.394531 0.036133 0.146484
1 0.916748 0.401367 0.028809 0.126953
1 0.937500 0.410156 0.036133 0.171875
1 0.918213 0.401367 0.029785 0.193359
1 0.389404 0.393555 0.007324 0.041016
1 0.401855 0.393555 0.006836 0.039062
1 0.559570 0.389160 0.007812 0.045898
1 0.496338 0.420898 0.054199 0.181641
0 0.144531 0.398926 0.023438 0.020508
0 0.170166 0.399902 0.031738 0.016602
0 0.209961 0.418457 0.083008 0.081055
0 0.308838 0.409668 0.065918 0.063477
0 0.677246 0.387695 0.016602 0.019531
0 0.695068 0.388184 0.020996 0.032227
0 0.714600 0.386719 0.020996 0.041016
0 0.655762 0.390625 0.037109 0.039062
0 0.593262 0.399902 0.041992 0.059570
0 0.428223 0.395996 0.028320 0.028320
0 0.474854 0.395508 0.011230 0.027344
0 0.483154 0.392578 0.018066 0.037109
0 0.451172 0.394531 0.016602 0.029297