1 0.595459 0.404297 0.009277 0.050781
1 0.614014 0.389160 0.006348 0.024414
1 0.557373 0.395508 0.005371 0.046875
1 0.575195 0.403320 0.006836 0.054688
1 0.766357 0.383301 0.005371 0.012695
1 0.784668 0.399902 0.010742 0.047852
1 0.818115 0.379395 0.004395 0.006836
1 0.822754 0.396484 0.005859 0.029297
1 0.818115 0.400391 0.008301 0.039062
1 0.801025 0.395508 0.005371 0.013672
1 0.791748 0.412109 0.017090 0.060547
1 0.799072 0.419434 0.010254 0.047852
1 0.810059 0.400391 0.013672 0.085938
1 0.884766 0.385254 0.009766 0.047852
1 0.932861 0.412598 0.012207 0.059570
1 0.589844 0.407227 0.002930 0.046875
1 0.580566 0.407715 0.003906 0.036133
1 0.585205 0.410156 0.011230 0.068359
1 0.474365 0.396484 0.005371 0.009766
1 0.483398 0.399902 0.006836 0.022461
1 0.237305 0.433594 0.056641 0.292969
0 0.617676 0.410156 0.015625 0.085938
0 0.623779 0.417969 0.028809 0.107422
0 0.632324 0.425293 0.028320 0.120117
0 0.642822 0.431641 0.037598 0.150391
0 0.705811 0.434570 0.133301 0.222656
0 0.479736 0.425781 0.021973 0.064453
0 0.471680 0.428223 0.020508 0.088867
0 0.445312 0.427246 0.049805 0.125977
0 0.427246 0.433105 0.039062 0.137695
0 0.368652 0.426758 0.096680 0.179688
0 0.294434 0.446289 0.206055 0.216797