1 0.822021 0.416504 0.028809 0.151367
1 0.510254 0.433105 0.029297 0.135742
0 0.403809 0.418457 0.029297 0.036133
0 0.434082 0.418945 0.040039 0.044922
0 0.335693 0.414062 0.036621 0.039062
0 0.272217 0.392090 0.024902 0.004883
0 0.275635 0.398438 0.031738 0.009766
0 0.322266 0.423340 0.015625 0.047852
0 0.309570 0.428223 0.037109 0.057617
0 0.294922 0.433594 0.023438 0.060547
0 0.256104 0.439453 0.074707 0.087891
0 0.145264 0.454590 0.088379 0.143555
0 0.067139 0.477539 0.128418 0.193359
0 0.769775 0.418457 0.019043 0.065430
0 0.855957 0.426270 0.011719 0.071289
0 0.550049 0.421387 0.040527 0.061523
0 0.574463 0.420898 0.025879 0.066406
0 0.671631 0.428711 0.108887 0.105469