1 0.071533 0.399414 0.051270 0.208984
1 0.209473 0.442871 0.038086 0.061523
1 0.220703 0.410156 0.032227 0.177734
1 0.452393 0.381836 0.009277 0.019531
1 0.182861 0.405273 0.037598 0.183594
1 0.445557 0.382324 0.012207 0.026367
1 0.468262 0.386230 0.005859 0.012695
1 0.301270 0.395508 0.024414 0.128906
1 0.332031 0.399414 0.028320 0.125000
1 0.541992 0.388672 0.013672 0.072266
1 0.981934 0.425781 0.031250 0.312500
1 0.634521 0.395996 0.005371 0.040039
1 0.599365 0.378906 0.008301 0.027344
0 0.834717 0.391113 0.012207 0.014648
0 0.805176 0.397461 0.042969 0.042969
0 0.826660 0.399902 0.026367 0.038086
0 0.892334 0.404297 0.029785 0.031250
0 0.871582 0.401367 0.042969 0.037109