1 0.808350 0.384766 0.012207 0.058594
1 0.843262 0.364746 0.007812 0.055664
1 0.768066 0.381836 0.008789 0.052734
1 0.763184 0.381348 0.011719 0.071289
1 0.234375 0.425293 0.021484 0.118164
1 0.084229 0.429688 0.025879 0.146484
1 0.106201 0.423828 0.024902 0.156250
1 0.111084 0.429688 0.031738 0.148438
1 0.043213 0.423340 0.019043 0.114258
1 0.014404 0.423828 0.022949 0.123047
0 0.773193 0.375977 0.010254 0.031250
0 0.783447 0.374512 0.009277 0.010742
0 0.435059 0.412598 0.055664 0.053711
0 0.477051 0.411621 0.022461 0.040039
0 0.351074 0.416504 0.059570 0.069336
0 0.543701 0.428711 0.117676 0.191406
0 0.368408 0.418457 0.056152 0.081055
0 0.334961 0.426758 0.054688 0.072266
0 0.317627 0.428223 0.056152 0.079102
0 0.273682 0.430664 0.104980 0.085938