1 0.894043 0.343750 0.015625 0.023438
0 0.578857 0.393066 0.031738 0.026367
0 0.548584 0.398926 0.036621 0.022461
0 0.747559 0.382324 0.209961 0.233398
0 0.746582 0.440430 0.074219 0.144531
0 0.874023 0.438965 0.226562 0.176758
0 0.408936 0.410156 0.026855 0.058594
0 0.404053 0.417969 0.014160 0.058594
0 0.396240 0.421387 0.024902 0.079102
0 0.123291 0.396973 0.016113 0.053711
0 0.384033 0.427734 0.029785 0.087891
0 0.375977 0.442383 0.015625 0.095703
0 0.067383 0.395996 0.128906 0.112305
0 0.471680 0.374512 0.048828 0.049805
0 0.487793 0.437012 0.106445 0.178711
0 0.094238 0.584961 0.182617 0.462891