1 0.648682 0.400391 0.009277 0.035156
1 0.498047 0.400391 0.012695 0.066406
1 0.547607 0.396973 0.008301 0.036133
1 0.537354 0.396484 0.007324 0.041016
1 0.382080 0.453613 0.041504 0.262695
1 0.338135 0.441895 0.054199 0.258789
1 0.311035 0.376465 0.024414 0.083008
1 0.268311 0.355957 0.039551 0.094727
0 0.653809 0.414062 0.008789 0.019531
0 0.670654 0.413574 0.029785 0.049805
0 0.670166 0.456543 0.040527 0.135742
0 0.708496 0.462402 0.086914 0.260742
0 0.854980 0.484375 0.285156 0.468750
0 0.923340 0.635742 0.148438 0.509766
0 0.594971 0.415039 0.033691 0.052734
0 0.602783 0.422852 0.050293 0.093750
0 0.437256 0.425781 0.043457 0.121094
0 0.420410 0.415527 0.045898 0.116211
0 0.412354 0.433594 0.038574 0.150391
0 0.292725 0.409180 0.210449 0.238281
0 0.340332 0.459473 0.058594 0.192383
0 0.252441 0.385254 0.153320 0.133789
0 0.260010 0.480957 0.141113 0.301758
0 0.123779 0.523926 0.241699 0.495117