1 0.794922 0.381836 0.005859 0.011719
1 0.801270 0.384766 0.005859 0.011719
1 0.806396 0.384766 0.003418 0.013672
1 0.317871 0.424805 0.026367 0.207031
1 0.343506 0.426270 0.020020 0.196289
1 0.323975 0.428711 0.044434 0.210938
1 0.300781 0.436523 0.029297 0.212891
1 0.283203 0.437012 0.034180 0.221680
0 0.365723 0.413574 0.012695 0.028320
0 0.391846 0.414062 0.029785 0.025391
0 0.727539 0.414551 0.037109 0.057617
0 0.711670 0.438477 0.014160 0.101562
0 0.440674 0.404297 0.026855 0.007812
0 0.546143 0.382812 0.018066 0.048828
0 0.500732 0.434570 0.102051 0.156250
0 0.628174 0.432617 0.165527 0.328125
0 0.231689 0.415527 0.048340 0.043945
0 0.222168 0.425781 0.018555 0.031250
0 0.253418 0.437012 0.038086 0.053711
0 0.186035 0.427246 0.009766 0.012695
0 0.151367 0.426758 0.025391 0.025391
0 0.136475 0.432129 0.017090 0.032227
0 0.788818 0.418457 0.052246 0.061523
0 0.900635 0.471191 0.193848 0.272461