1 0.620605 0.423828 0.013672 0.085938
1 0.645020 0.418945 0.009766 0.085938
1 0.635010 0.422852 0.015137 0.091797
1 0.656738 0.423340 0.007812 0.086914
1 0.691406 0.386230 0.005859 0.010742
1 0.700928 0.419922 0.015137 0.093750
1 0.690918 0.426758 0.016602 0.083984
1 0.675781 0.420898 0.013672 0.087891
1 0.664795 0.425293 0.020020 0.088867
1 0.751709 0.391113 0.017090 0.038086
1 0.728271 0.424805 0.012207 0.083984
1 0.717773 0.424316 0.015625 0.088867
1 0.054443 0.413086 0.011230 0.015625
1 0.242188 0.495605 0.117188 0.395508
1 0.353271 0.477539 0.075684 0.373047
1 0.420410 0.504883 0.085938 0.367188
1 0.425049 0.500977 0.065918 0.447266
0 0.954590 0.399414 0.085938 0.056641
0 0.864990 0.457520 0.265137 0.204102
0 0.048584 0.452148 0.091309 0.062500
0 0.094482 0.456543 0.013184 0.043945
0 0.378418 0.461914 0.191406 0.144531
0 0.216064 0.455566 0.236816 0.190430