1 0.719727 0.214844 0.009766 0.021484
1 0.746094 0.387207 0.022461 0.100586
1 0.691406 0.459473 0.036133 0.151367
1 0.553955 0.402344 0.004395 0.035156
1 0.158203 0.403320 0.009766 0.039062
0 0.344727 0.383789 0.022461 0.019531
0 0.635742 0.437012 0.036133 0.124023
0 0.690430 0.417480 0.118164 0.231445
0 0.586670 0.411133 0.039551 0.066406
0 0.178467 0.446289 0.084473 0.085938
0 0.300049 0.406738 0.057129 0.094727
0 0.363037 0.418457 0.018066 0.051758
0 0.324219 0.435547 0.072266 0.105469
0 0.526611 0.391602 0.015137 0.023438
0 0.513428 0.395508 0.003418 0.005859
0 0.522949 0.405273 0.021484 0.031250
0 0.507812 0.404297 0.011719 0.027344
0 0.497314 0.406250 0.017090 0.041016
0 0.478760 0.411621 0.030762 0.055664
0 0.421631 0.395020 0.101074 0.202148