0 0.038330 0.302246 0.029785 0.051758
0 0.406250 0.378906 0.017578 0.021484
0 0.539307 0.397461 0.064941 0.042969
0 0.348633 0.355469 0.097656 0.070312
0 0.330811 0.381348 0.050293 0.024414
0 0.458252 0.413086 0.104004 0.080078
0 0.299805 0.426270 0.083984 0.110352
0 0.216064 0.425293 0.117676 0.178711
0 0.220459 0.449219 0.068848 0.181641
0 0.108154 0.456543 0.210449 0.262695
0 0.050537 0.482422 0.095215 0.281250
0 0.562988 0.427246 0.015625 0.088867
0 0.574219 0.425781 0.040039 0.091797
0 0.619873 0.422852 0.077637 0.136719
0 0.678467 0.442871 0.100098 0.174805
0 0.737549 0.485840 0.169434 0.252930
0 0.889893 0.558594 0.215332 0.646484