1 0.584961 0.409668 0.009766 0.053711
1 0.554199 0.402832 0.011719 0.059570
1 0.452637 0.394043 0.008789 0.018555
1 0.459961 0.396973 0.007812 0.038086
1 0.215576 0.438477 0.044434 0.304688
1 0.898682 0.425293 0.026855 0.127930
0 0.268066 0.375977 0.021484 0.009766
0 0.242432 0.390625 0.008301 0.027344
0 0.251465 0.397461 0.023438 0.037109
0 0.268799 0.398438 0.020996 0.044922
0 0.605225 0.416016 0.019043 0.015625
0 0.568604 0.412598 0.029785 0.016602
0 0.528564 0.409668 0.019043 0.014648
0 0.383057 0.391602 0.024902 0.044922
0 0.403564 0.396484 0.035645 0.041016
0 0.474121 0.403320 0.006836 0.009766
0 0.435059 0.403320 0.038086 0.037109
0 0.497559 0.417480 0.049805 0.067383
0 0.676270 0.435547 0.116211 0.156250
0 0.937012 0.567383 0.121094 0.509766