1 0.684082 0.397461 0.002930 0.023438
1 0.448242 0.400879 0.016602 0.065430
1 0.399414 0.401855 0.015625 0.092773
1 0.212158 0.413574 0.030762 0.153320
1 0.732422 0.398438 0.009766 0.041016
1 0.717529 0.404297 0.007324 0.029297
1 0.723145 0.392578 0.030273 0.093750
1 0.761475 0.394531 0.008301 0.041016
1 0.772949 0.392578 0.012695 0.076172
1 0.785645 0.391602 0.011719 0.078125
1 0.800537 0.390137 0.004395 0.047852
1 0.793701 0.395508 0.015137 0.070312
1 0.353516 0.403320 0.018555 0.097656
1 0.566406 0.391602 0.025391 0.097656
1 0.666016 0.398926 0.002930 0.026367
1 0.215576 0.416992 0.025879 0.148438
1 0.686035 0.399902 0.007812 0.024414
0 0.647705 0.395508 0.011230 0.019531
0 0.604980 0.404297 0.019531 0.027344
0 0.594482 0.409180 0.009277 0.046875
0 0.576416 0.406250 0.033691 0.060547
0 0.547852 0.408691 0.050781 0.059570