1 0.808838 0.326172 0.010254 0.042969
1 0.175781 0.440918 0.039062 0.122070
1 0.286865 0.436523 0.012207 0.072266
1 0.266113 0.430664 0.013672 0.082031
1 0.274414 0.426270 0.018555 0.114258
1 0.253174 0.436523 0.019043 0.097656
1 0.231445 0.437500 0.023438 0.093750
1 0.202637 0.440918 0.029297 0.120117
1 0.796387 0.331055 0.012695 0.044922
1 0.503174 0.390137 0.009277 0.055664
0 0.839111 0.334961 0.068848 0.068359
0 0.579102 0.375488 0.008789 0.014648
0 0.540527 0.381348 0.014648 0.028320
0 0.560547 0.373535 0.030273 0.055664
0 0.539307 0.385254 0.012207 0.030273
0 0.530518 0.386719 0.014160 0.033203
0 0.493408 0.393555 0.015137 0.048828
0 0.476318 0.395508 0.034668 0.056641
0 0.458008 0.405273 0.038086 0.056641
0 0.437012 0.411133 0.021484 0.062500
0 0.410645 0.408691 0.047852 0.083008
0 0.388184 0.424316 0.062500 0.094727