0 0.472656 0.345703 0.015625 0.025391
0 0.469727 0.368652 0.020508 0.032227
0 0.464355 0.384277 0.021484 0.038086
0 0.460693 0.399902 0.023926 0.047852
0 0.457520 0.413574 0.025391 0.043945
0 0.451904 0.424316 0.026855 0.045898
0 0.449707 0.433594 0.028320 0.056641
0 0.431396 0.444336 0.028809 0.070312
0 0.417725 0.449219 0.018066 0.083984
0 0.405518 0.448242 0.028809 0.095703
0 0.390381 0.449707 0.028809 0.120117
0 0.340088 0.460938 0.107910 0.158203
0 0.194580 0.503906 0.169434 0.324219
0 0.083008 0.530273 0.160156 0.617188
0 0.510498 0.343262 0.015137 0.018555
0 0.525146 0.350586 0.017090 0.023438
0 0.529541 0.367188 0.019043 0.031250
0 0.539062 0.393066 0.023438 0.040039
0 0.545410 0.405762 0.024414 0.030273
0 0.547363 0.428711 0.024414 0.062500
0 0.566650 0.430664 0.044434 0.072266
0 0.610107 0.439453 0.062012 0.138672
0 0.636230 0.459961 0.070312 0.171875
0 0.696289 0.473633 0.109375 0.220703
0 0.846924 0.509277 0.301270 0.385742