1 0.470215 0.320801 0.005859 0.014648
1 0.450439 0.333984 0.011230 0.048828
1 0.433105 0.375488 0.019531 0.077148
1 0.490967 0.364258 0.013184 0.070312
1 0.460938 0.369141 0.016602 0.080078
1 0.400879 0.376465 0.010742 0.022461
1 0.320068 0.336426 0.010254 0.024414
1 0.287842 0.379395 0.011230 0.061523
1 0.281250 0.394531 0.007812 0.033203
1 0.388672 0.378906 0.015625 0.035156
1 0.362061 0.399902 0.019043 0.112305
1 0.320312 0.428711 0.032227 0.173828
1 0.343506 0.430176 0.031738 0.172852
1 0.264160 0.424805 0.033203 0.164062
1 0.653809 0.336914 0.005859 0.041016
1 0.658691 0.336426 0.009766 0.041992
1 0.725098 0.395020 0.019531 0.151367
1 0.772461 0.402344 0.026367 0.193359
1 0.752930 0.406738 0.041992 0.209961
1 0.707520 0.418945 0.036133 0.199219
0 0.531006 0.366211 0.034668 0.060547
0 0.569824 0.335449 0.020508 0.010742
0 0.574463 0.377441 0.067871 0.075195
0 0.646240 0.318848 0.037598 0.045898