1 0.521973 0.362793 0.003906 0.012695
1 0.524170 0.374512 0.005371 0.018555
1 0.538086 0.421387 0.007812 0.038086
1 0.550781 0.430176 0.005859 0.032227
1 0.572754 0.440918 0.004883 0.049805
1 0.554443 0.469727 0.011230 0.052734
1 0.680908 0.502441 0.045410 0.235352
1 0.494629 0.396973 0.007812 0.028320
1 0.465576 0.455566 0.015137 0.038086
1 0.412598 0.481934 0.025391 0.129883
1 0.231201 0.501465 0.042480 0.237305
1 0.181885 0.505371 0.037598 0.219727
1 0.494873 0.429199 0.007324 0.040039
1 0.502686 0.430176 0.007324 0.040039
1 0.510742 0.431641 0.010742 0.042969
0 0.494873 0.358887 0.009277 0.012695
0 0.553711 0.425293 0.019531 0.030273