1 0.400635 0.398438 0.007324 0.019531
1 0.411133 0.406250 0.008789 0.021484
1 0.083496 0.533691 0.020508 0.143555
1 0.058350 0.549805 0.049316 0.212891
1 0.020752 0.526367 0.035645 0.273438
0 0.393799 0.412598 0.016113 0.024414
0 0.382080 0.409668 0.015137 0.032227
0 0.518311 0.395020 0.017090 0.028320
0 0.487305 0.409180 0.020508 0.029297
0 0.480713 0.412109 0.016113 0.029297
0 0.474121 0.411621 0.014648 0.030273
0 0.461182 0.414062 0.029785 0.031250
0 0.436523 0.421875 0.058594 0.037109
0 0.516113 0.441895 0.020508 0.069336
0 0.528809 0.446289 0.033203 0.082031
0 0.542969 0.450195 0.028320 0.095703
0 0.557861 0.457520 0.044434 0.124023
0 0.577881 0.459473 0.053223 0.137695
0 0.654053 0.496582 0.172363 0.229492
0 0.855469 0.609863 0.284180 0.534180
0 0.964844 0.794922 0.065430 0.400391