1 0.359619 0.498047 0.011230 0.052734
1 0.334717 0.496094 0.068848 0.390625
1 0.122803 0.320312 0.038574 0.052734
1 0.887939 0.488770 0.068848 0.309570
0 0.708496 0.406738 0.013672 0.006836
0 0.705811 0.430664 0.012207 0.046875
0 0.685791 0.435547 0.034668 0.068359
0 0.665039 0.440918 0.033203 0.061523
0 0.636230 0.439941 0.041016 0.075195
0 0.610596 0.449219 0.062012 0.082031
0 0.551758 0.456543 0.057617 0.110352
0 0.498047 0.466797 0.095703 0.128906
0 0.137207 0.587891 0.268555 0.492188
0 0.784180 0.437988 0.034180 0.057617
0 0.764648 0.443359 0.026367 0.078125
0 0.733643 0.447754 0.058105 0.094727