1 0.143311 0.478516 0.008301 0.019531
1 0.152588 0.475098 0.012207 0.024414
1 0.267334 0.498535 0.011230 0.014648
1 0.125732 0.489258 0.042480 0.148438
1 0.222412 0.499512 0.040527 0.149414
1 0.486084 0.487793 0.015137 0.081055
1 0.467529 0.490234 0.022949 0.144531
1 0.639893 0.476562 0.015137 0.054688
1 0.666504 0.497559 0.024414 0.135742
1 0.823730 0.462891 0.006836 0.013672
1 0.830811 0.467773 0.008301 0.029297
1 0.837891 0.504395 0.017578 0.055664
1 0.907227 0.479980 0.009766 0.055664
1 0.941650 0.471680 0.011230 0.029297
1 0.916992 0.484375 0.016602 0.082031
1 0.897949 0.483398 0.013672 0.072266
1 0.865234 0.490723 0.021484 0.100586
1 0.889404 0.489746 0.025879 0.106445
0 0.058838 0.491211 0.111816 0.052734
0 0.382812 0.500488 0.080078 0.114258
0 0.768311 0.495605 0.134277 0.079102