0 0.336670 0.447266 0.038574 0.078125
0 0.291260 0.450195 0.062988 0.109375
0 0.254883 0.464844 0.051758 0.113281
0 0.181396 0.468750 0.120605 0.146484
0 0.456543 0.424316 0.017578 0.026367
0 0.586670 0.410645 0.019043 0.014648
0 0.612793 0.404297 0.020508 0.005859
0 0.630371 0.395508 0.011719 0.015625
0 0.629639 0.407715 0.014160 0.010742
0 0.668945 0.400391 0.068359 0.027344
0 0.694336 0.422363 0.040039 0.043945
0 0.583496 0.440918 0.027344 0.069336
0 0.605713 0.446289 0.044434 0.082031
0 0.649170 0.458984 0.078613 0.101562
0 0.754639 0.481934 0.131348 0.208008
0 0.465576 0.431152 0.007324 0.032227
0 0.053955 0.507324 0.102051 0.229492