1 0.357910 0.445312 0.013672 0.082031
1 0.373291 0.447266 0.017090 0.080078
1 0.391357 0.446777 0.015137 0.081055
1 0.274170 0.442383 0.026855 0.150391
1 0.316895 0.442383 0.015625 0.148438
1 0.299805 0.443359 0.027344 0.142578
1 0.327393 0.438965 0.022949 0.155273
1 0.154053 0.472168 0.028809 0.147461
1 0.170410 0.443359 0.063477 0.203125
1 0.168213 0.482422 0.035645 0.128906
0 0.478760 0.470215 0.006348 0.040039
0 0.498047 0.457031 0.015625 0.062500
0 0.450928 0.459961 0.056152 0.078125
0 0.505859 0.457031 0.017578 0.070312
0 0.513916 0.456055 0.016113 0.078125
0 0.540771 0.447754 0.053223 0.104492
0 0.544189 0.455566 0.032715 0.104492
0 0.563721 0.459961 0.050293 0.128906
0 0.599609 0.454590 0.060547 0.149414
0 0.635254 0.473145 0.091797 0.200195
0 0.756348 0.485352 0.235352 0.332031
0 0.895752 0.624512 0.203613 0.600586