1 0.372803 0.416016 0.013184 0.048828
1 0.720215 0.444824 0.040039 0.190430
0 0.317627 0.401855 0.020020 0.020508
0 0.339111 0.403809 0.020020 0.020508
0 0.238037 0.407227 0.045410 0.076172
0 0.205811 0.408203 0.062988 0.080078
0 0.150635 0.403809 0.071777 0.083008
0 0.088135 0.363770 0.038574 0.008789
0 0.533691 0.403320 0.018555 0.021484
0 0.541504 0.407715 0.027344 0.026367
0 0.628418 0.399902 0.004883 0.020508
0 0.683350 0.424805 0.019043 0.029297
0 0.694092 0.428711 0.014160 0.027344
0 0.653076 0.430176 0.044434 0.032227
0 0.091309 0.482910 0.176758 0.233398
0 0.396729 0.418457 0.026855 0.040039
0 0.608398 0.459961 0.006836 0.048828
0 0.577393 0.442383 0.062012 0.105469
0 0.518555 0.441895 0.034180 0.075195
0 0.476074 0.433594 0.064453 0.109375