1 0.540527 0.458008 0.027344 0.177734
1 0.571533 0.453125 0.025879 0.177734
0 0.473633 0.427246 0.010742 0.014648
0 0.460205 0.443848 0.012207 0.049805
0 0.448975 0.442871 0.022949 0.057617
0 0.446289 0.444824 0.016602 0.057617
0 0.437012 0.458008 0.021484 0.103516
0 0.421875 0.469238 0.038086 0.135742
0 0.388916 0.473633 0.064941 0.189453
0 0.357910 0.500488 0.058594 0.249023
0 0.193604 0.536621 0.307129 0.438477
0 0.519287 0.434082 0.012207 0.036133
0 0.525146 0.438477 0.010254 0.037109
0 0.583252 0.409668 0.013184 0.028320
0 0.610107 0.461914 0.124512 0.160156