1 0.772461 0.443848 0.021484 0.114258
0 0.631348 0.432129 0.027344 0.043945
0 0.566895 0.421875 0.007812 0.025391
0 0.562988 0.421875 0.006836 0.027344
0 0.556641 0.421387 0.012695 0.030273
0 0.551025 0.423340 0.015137 0.030273
0 0.548584 0.427246 0.010254 0.032227
0 0.541748 0.427734 0.012207 0.035156
0 0.536621 0.427734 0.007812 0.037109
0 0.512451 0.411621 0.041504 0.088867
0 0.511475 0.434082 0.014160 0.051758
0 0.501221 0.436523 0.018066 0.056641
0 0.489990 0.437988 0.018066 0.067383
0 0.479248 0.442871 0.025879 0.075195
0 0.466797 0.446777 0.021484 0.084961
0 0.436035 0.454102 0.066406 0.099609
0 0.336182 0.457031 0.128418 0.158203
0 0.713135 0.473145 0.103027 0.174805
0 0.953369 0.690430 0.088379 0.416016