1 0.425049 0.434570 0.012207 0.039062
1 0.461670 0.429199 0.012207 0.061523
1 0.354736 0.439453 0.023926 0.134766
1 0.325195 0.463379 0.022461 0.088867
1 0.305420 0.428223 0.027832 0.159180
1 0.277100 0.439941 0.034668 0.176758
1 0.225586 0.443359 0.039062 0.199219
1 0.044678 0.503418 0.083496 0.424805
1 0.585938 0.418457 0.005859 0.034180
1 0.591797 0.416992 0.007812 0.037109
0 0.544922 0.419922 0.007812 0.027344
0 0.556885 0.433105 0.030762 0.057617
0 0.667236 0.444336 0.059082 0.050781
0 0.773926 0.523926 0.208984 0.288086
0 0.898682 0.663086 0.197754 0.664062
0 0.489990 0.433594 0.031738 0.044922