0 0.534180 0.374512 0.015625 0.016602
0 0.514160 0.384766 0.025391 0.033203
0 0.495361 0.401855 0.013184 0.049805
0 0.485596 0.404297 0.020020 0.062500
0 0.557129 0.374512 0.035156 0.071289
0 0.562500 0.390137 0.031250 0.051758
0 0.565674 0.398438 0.026855 0.048828
0 0.567139 0.405762 0.019043 0.055664
0 0.524414 0.406250 0.044922 0.066406
0 0.447754 0.401367 0.068359 0.132812
0 0.583252 0.412598 0.043457 0.067383
0 0.608398 0.430664 0.031250 0.107422
0 0.611084 0.438965 0.024902 0.120117
0 0.674561 0.428711 0.132324 0.210938
0 0.427734 0.435547 0.058594 0.144531
0 0.350586 0.467773 0.154297 0.228516
0 0.739014 0.504395 0.212402 0.282227