1 0.799561 0.452637 0.043457 0.256836
1 0.199463 0.412598 0.007324 0.014648
0 0.297852 0.384277 0.028320 0.032227
0 0.374023 0.392090 0.025391 0.032227
0 0.768066 0.407715 0.027344 0.014648
0 0.737305 0.415039 0.061523 0.033203
0 0.810303 0.417969 0.112793 0.085938
0 0.853760 0.389160 0.056152 0.034180
0 0.934082 0.398926 0.126953 0.086914
0 0.229492 0.388184 0.005859 0.020508
0 0.337891 0.398926 0.022461 0.032227
0 0.348877 0.413574 0.026855 0.038086
0 0.380371 0.423340 0.033203 0.043945
0 0.414551 0.428223 0.038086 0.051758
0 0.458008 0.438477 0.033203 0.064453
0 0.498535 0.442383 0.064453 0.125000
0 0.085693 0.507324 0.165527 0.288086