1 0.734375 0.412598 0.006836 0.045898
1 0.880859 0.414062 0.013672 0.058594
1 0.946289 0.417480 0.004883 0.051758
1 0.971436 0.417480 0.011230 0.065430
1 0.420654 0.430664 0.016113 0.115234
1 0.437256 0.424316 0.022949 0.125977
1 0.312256 0.435547 0.013184 0.056641
1 0.331543 0.414551 0.020508 0.133789
1 0.229980 0.405762 0.030273 0.143555
1 0.243896 0.432129 0.052246 0.172852
1 0.193848 0.415527 0.029297 0.176758
1 0.602295 0.398926 0.007324 0.028320
1 0.597412 0.397949 0.005371 0.030273
1 0.579102 0.403809 0.010742 0.047852
1 0.511963 0.410645 0.007324 0.045898
1 0.517334 0.404297 0.010254 0.050781
1 0.527588 0.401855 0.009277 0.057617
1 0.451660 0.415527 0.013672 0.083008
1 0.461182 0.390137 0.009277 0.024414
1 0.632324 0.402832 0.005859 0.036133
1 0.502197 0.411621 0.014160 0.077148
1 0.744141 0.417480 0.025391 0.083008
1 0.772461 0.413574 0.012695 0.100586