1 0.022217 0.345703 0.010254 0.050781
1 0.421387 0.411133 0.008789 0.041016
1 0.391602 0.392090 0.007812 0.034180
1 0.926514 0.399414 0.050293 0.121094
0 0.439697 0.375977 0.006348 0.013672
0 0.446777 0.377441 0.008789 0.014648
0 0.456055 0.377441 0.012695 0.014648
0 0.466553 0.380859 0.012207 0.015625
0 0.439209 0.383789 0.006348 0.021484
0 0.537842 0.393555 0.011230 0.015625
0 0.528809 0.394531 0.011719 0.017578
0 0.521240 0.392090 0.012207 0.010742
0 0.518799 0.399902 0.014160 0.020508
0 0.491943 0.403809 0.016113 0.026367
0 0.488037 0.418945 0.018066 0.029297
0 0.479492 0.440430 0.033203 0.056641
0 0.386475 0.441406 0.048340 0.068359
0 0.272461 0.455566 0.097656 0.124023
0 0.085205 0.503906 0.164551 0.275391