1 0.440918 0.375488 0.003906 0.006836
1 0.449463 0.389648 0.010254 0.037109
1 0.327637 0.412109 0.010742 0.037109
1 0.393066 0.414551 0.008789 0.047852
1 0.385254 0.400879 0.007812 0.041992
1 0.132080 0.356934 0.004395 0.061523
1 0.071777 0.380371 0.019531 0.092773
1 0.252197 0.378418 0.009277 0.012695
1 0.151855 0.416992 0.023438 0.089844
1 0.555420 0.384277 0.008301 0.028320
1 0.683594 0.397461 0.007812 0.056641
1 0.773193 0.414551 0.023926 0.092773
1 0.868164 0.412109 0.024414 0.128906
1 0.845215 0.417480 0.028320 0.120117
1 0.915283 0.437988 0.042480 0.100586
0 0.419434 0.434570 0.055664 0.078125
0 0.359131 0.442871 0.067871 0.104492
0 0.210938 0.474121 0.159180 0.178711
0 0.050537 0.508789 0.095215 0.236328