1 0.404785 0.357910 0.015625 0.045898
1 0.421387 0.363770 0.013672 0.041992
1 0.314453 0.379395 0.014648 0.090820
1 0.191650 0.429688 0.044434 0.251953
0 0.375488 0.323730 0.015625 0.018555
0 0.383301 0.339844 0.019531 0.039062
0 0.402344 0.359375 0.030273 0.050781
0 0.392578 0.376953 0.031250 0.039062
0 0.360840 0.377930 0.048828 0.062500
0 0.341064 0.381836 0.046387 0.068359
0 0.300781 0.384277 0.064453 0.075195
0 0.265381 0.385742 0.076660 0.072266
0 0.603760 0.397949 0.044434 0.059570
0 0.611328 0.375977 0.033203 0.048828
0 0.695801 0.390137 0.040039 0.053711
0 0.569580 0.395020 0.037598 0.061523
0 0.557129 0.397461 0.033203 0.062500
0 0.544922 0.399902 0.035156 0.069336
0 0.514893 0.404297 0.062988 0.083984
0 0.461182 0.410645 0.126465 0.094727
0 0.592041 0.397949 0.033691 0.069336
0 0.745117 0.504883 0.157227 0.259766
0 0.863281 0.579102 0.268555 0.371094