1 0.755859 0.420898 0.015625 0.080078
1 0.770752 0.427246 0.015137 0.077148
1 0.795410 0.420410 0.025391 0.088867
1 0.718262 0.422363 0.008789 0.071289
1 0.726318 0.416992 0.016113 0.107422
1 0.494141 0.423828 0.008789 0.060547
1 0.575439 0.422363 0.008301 0.034180
0 0.848877 0.421387 0.035645 0.077148
0 0.746582 0.429199 0.035156 0.059570
0 0.918945 0.425293 0.157227 0.254883
0 0.587646 0.420898 0.019043 0.029297
0 0.594238 0.429688 0.017578 0.041016
0 0.619385 0.425293 0.034668 0.067383
0 0.529785 0.446777 0.071289 0.100586
0 0.355469 0.461914 0.096680 0.125000