1 0.289795 0.424316 0.012207 0.065430
1 0.141113 0.430176 0.012695 0.055664
1 0.245117 0.438477 0.031250 0.101562
1 0.475342 0.433105 0.032715 0.151367
1 0.514648 0.426270 0.015625 0.075195
1 0.575684 0.420898 0.008789 0.068359
1 0.584229 0.427734 0.017090 0.089844
1 0.529541 0.434570 0.042480 0.246094
1 0.679688 0.447754 0.022461 0.153320
1 0.662354 0.469238 0.032715 0.178711
1 0.631348 0.459473 0.040039 0.219727
1 0.982422 0.484863 0.030273 0.165039
1 0.862549 0.464355 0.071777 0.188477
0 0.395752 0.426758 0.037598 0.050781