1 0.801025 0.387207 0.009277 0.040039
1 0.430420 0.415527 0.015137 0.077148
1 0.493896 0.378418 0.014160 0.041992
1 0.526123 0.380371 0.013184 0.026367
1 0.516357 0.382812 0.007324 0.021484
1 0.030273 0.503906 0.054688 0.273438
1 0.098877 0.547852 0.017090 0.089844
1 0.090576 0.502441 0.049316 0.266602
1 0.654541 0.519531 0.104004 0.515625
1 0.562744 0.561523 0.086426 0.533203
1 0.869141 0.506348 0.112305 0.506836
1 0.860352 0.529297 0.120117 0.574219
0 0.993164 0.415527 0.008789 0.024414
0 0.929932 0.420898 0.030762 0.048828
0 0.505859 0.402832 0.036133 0.018555
0 0.470459 0.436523 0.068848 0.076172
0 0.393311 0.455078 0.088379 0.091797
0 0.669189 0.404785 0.024902 0.049805
0 0.724365 0.399902 0.031738 0.049805
0 0.546875 0.480469 0.134766 0.187500