0 0.385254 0.363281 0.011719 0.023438
0 0.403564 0.375488 0.039551 0.053711
0 0.359375 0.398438 0.063477 0.125000
0 0.298828 0.441406 0.099609 0.160156
0 0.141846 0.523438 0.230957 0.302734
0 0.020508 0.630859 0.035156 0.408203
0 0.510254 0.365234 0.059570 0.052734
0 0.610107 0.353027 0.064941 0.030273
0 0.575684 0.358887 0.040039 0.014648
0 0.540527 0.393066 0.052734 0.071289
0 0.559326 0.401367 0.050293 0.078125
0 0.580322 0.404785 0.052246 0.081055
0 0.631836 0.370117 0.060547 0.011719
0 0.683838 0.381836 0.041504 0.021484
0 0.633545 0.443848 0.127441 0.147461
0 0.656006 0.462402 0.088379 0.147461
0 0.763184 0.446289 0.162109 0.226562
0 0.848633 0.447266 0.297852 0.261719
0 0.886719 0.511230 0.221680 0.338867