1 0.710693 0.456055 0.024902 0.125000
1 0.728027 0.449219 0.026367 0.158203
1 0.752441 0.472168 0.042969 0.208008
1 0.932129 0.484863 0.062500 0.254883
1 0.890137 0.468262 0.055664 0.305664
1 0.415039 0.434082 0.016602 0.104492
1 0.271240 0.429199 0.019043 0.135742
1 0.275391 0.430176 0.027344 0.133789
1 0.249023 0.425293 0.027344 0.131836
1 0.116699 0.344727 0.020508 0.046875
1 0.087158 0.395996 0.021973 0.159180
1 0.041504 0.389648 0.023438 0.171875
1 0.066895 0.396973 0.022461 0.161133
1 0.051025 0.398438 0.027832 0.166016
1 0.118652 0.412598 0.013672 0.145508
1 0.097412 0.405762 0.032715 0.163086
1 0.177734 0.437988 0.050781 0.211914
1 0.220947 0.449707 0.038574 0.196289
1 0.135986 0.441895 0.048340 0.274414
1 0.397217 0.429688 0.022949 0.107422
1 0.380859 0.423340 0.019531 0.124023
1 0.342041 0.416016 0.016113 0.132812
1 0.332275 0.377441 0.018066 0.049805
1 0.320557 0.377441 0.008301 0.022461
1 0.297119 0.433105 0.020996 0.124023
1 0.311523 0.434570 0.017578 0.136719
1 0.362793 0.433594 0.032227 0.173828
1 0.327637 0.442383 0.037109 0.156250
0 0.449951 0.459473 0.020020 0.032227
0 0.614014 0.472168 0.054199 0.059570
0 0.567383 0.471191 0.046875 0.069336
0 0.969482 0.556152 0.056152 0.362305