1 0.168945 0.503418 0.106445 0.329102
0 0.457520 0.373535 0.010742 0.004883
0 0.434326 0.372559 0.018066 0.014648
0 0.411133 0.374512 0.014648 0.010742
0 0.417969 0.383301 0.008789 0.008789
0 0.392334 0.378906 0.012207 0.005859
0 0.510742 0.381836 0.015625 0.015625
0 0.513672 0.389648 0.007812 0.023438
0 0.400391 0.404785 0.033203 0.051758
0 0.385254 0.437500 0.036133 0.115234
0 0.362793 0.452148 0.052734 0.136719
0 0.536377 0.390625 0.045410 0.056641
0 0.544922 0.422852 0.048828 0.091797
0 0.558594 0.446777 0.033203 0.133789
0 0.613770 0.444824 0.114258 0.208008
0 0.662598 0.493164 0.157227 0.201172
0 0.298340 0.475586 0.132812 0.203125
0 0.461670 0.480957 0.147949 0.217773