1 0.618164 0.416016 0.023438 0.113281
1 0.662354 0.420410 0.025879 0.139648
1 0.684326 0.423340 0.024902 0.129883
1 0.549316 0.399414 0.009766 0.029297
1 0.590088 0.425293 0.010254 0.063477
1 0.580322 0.426270 0.012207 0.084961
1 0.469727 0.429688 0.012695 0.050781
1 0.413330 0.435059 0.019043 0.081055
1 0.402344 0.417480 0.010742 0.049805
1 0.265869 0.407227 0.020996 0.060547
0 0.573730 0.423828 0.042969 0.050781
0 0.390625 0.442871 0.048828 0.104492
0 0.517090 0.452637 0.090820 0.137695
0 0.217285 0.443359 0.113281 0.101562
0 0.319824 0.481934 0.135742 0.184570