1 0.718018 0.467773 0.010254 0.054688
1 0.900879 0.452637 0.014648 0.030273
1 0.737549 0.508301 0.036621 0.305664
1 0.764893 0.502441 0.042480 0.348633
1 0.811279 0.519531 0.062012 0.390625
1 0.475342 0.448730 0.006348 0.053711
1 0.446045 0.469238 0.006348 0.077148
1 0.434326 0.449707 0.008301 0.045898
1 0.427002 0.466309 0.012207 0.081055
1 0.452393 0.466309 0.014160 0.084961
1 0.438477 0.465820 0.019531 0.083984
1 0.350830 0.457031 0.007324 0.072266
1 0.346191 0.458496 0.014648 0.088867
1 0.400635 0.467773 0.033691 0.138672
1 0.395752 0.470215 0.028809 0.129883
1 0.291016 0.452637 0.014648 0.071289
0 0.899170 0.496582 0.043457 0.100586
0 0.496338 0.481445 0.049316 0.070312
0 0.551270 0.486816 0.068359 0.090820
0 0.586426 0.476074 0.007812 0.010742
0 0.593506 0.470703 0.008301 0.021484
0 0.615967 0.458008 0.038574 0.056641
0 0.612549 0.465332 0.023926 0.045898
0 0.614502 0.469727 0.011230 0.033203
0 0.616211 0.475586 0.006836 0.041016
0 0.646973 0.473145 0.060547 0.065430
0 0.637695 0.479980 0.018555 0.053711
0 0.655029 0.483398 0.036621 0.060547
0 0.692383 0.488281 0.056641 0.070312