0 0.445801 0.402344 0.022461 0.035156
0 0.417236 0.384277 0.016113 0.006836
0 0.404541 0.399414 0.018066 0.023438
0 0.385742 0.428223 0.030273 0.090820
0 0.342773 0.426758 0.078125 0.113281
0 0.510010 0.405273 0.008301 0.019531
0 0.489990 0.409668 0.034668 0.057617
0 0.520996 0.399902 0.014648 0.041992
0 0.525391 0.404785 0.004883 0.043945
0 0.535156 0.401367 0.020508 0.054688
0 0.536865 0.410645 0.014160 0.057617
0 0.552490 0.406250 0.029785 0.083984
0 0.554932 0.420898 0.022949 0.085938
0 0.623291 0.407227 0.127441 0.210938