0 0.463623 0.402832 0.018066 0.030273
0 0.436768 0.403320 0.016113 0.029297
0 0.433350 0.404297 0.012207 0.027344
0 0.423340 0.407227 0.013672 0.033203
0 0.416992 0.409180 0.011719 0.035156
0 0.403809 0.405762 0.023438 0.041992
0 0.397217 0.411133 0.025879 0.041016
0 0.377441 0.414551 0.028320 0.045898
0 0.348633 0.417969 0.040039 0.054688
0 0.311279 0.421387 0.037598 0.075195
0 0.276123 0.422852 0.051270 0.093750
0 0.226807 0.430176 0.071777 0.114258
0 0.169678 0.441406 0.075684 0.126953
0 0.083252 0.452148 0.131348 0.156250
0 0.015869 0.395996 0.025879 0.319336
0 0.599609 0.409668 0.013672 0.041992
0 0.609131 0.413086 0.028809 0.048828
0 0.641357 0.406250 0.041504 0.082031
0 0.651367 0.418945 0.040039 0.072266
0 0.665771 0.423828 0.036621 0.083984
0 0.697998 0.425293 0.058105 0.104492
0 0.733887 0.432129 0.080078 0.118164
0 0.784912 0.444824 0.094238 0.137695
0 0.842773 0.459961 0.097656 0.189453
0 0.937500 0.457031 0.120117 0.373047