0 0.413086 0.408691 0.022461 0.040039
0 0.400146 0.411133 0.014160 0.044922
0 0.346436 0.407227 0.050293 0.083984
0 0.288086 0.389648 0.031250 0.011719
0 0.305420 0.426758 0.046387 0.076172
0 0.254395 0.437988 0.080078 0.100586
0 0.145996 0.457031 0.118164 0.148438
0 0.370117 0.424805 0.063477 0.091797
0 0.523926 0.398438 0.016602 0.031250
0 0.502930 0.407715 0.035156 0.057617
0 0.567871 0.409668 0.022461 0.049805
0 0.583008 0.411133 0.023438 0.062500
0 0.590820 0.419922 0.031250 0.080078
0 0.621582 0.425293 0.063477 0.090820
0 0.671143 0.445801 0.054199 0.141602
0 0.730713 0.458496 0.130371 0.176758
0 0.885254 0.485840 0.224609 0.458008