1 0.317871 0.407715 0.015625 0.075195
1 0.333008 0.406250 0.018555 0.076172
1 0.184326 0.368164 0.009277 0.019531
0 0.547363 0.408691 0.011719 0.018555
0 0.557861 0.407715 0.011230 0.026367
0 0.583740 0.410645 0.028809 0.041992
0 0.604980 0.418457 0.021484 0.075195
0 0.614258 0.421387 0.022461 0.088867
0 0.624512 0.422852 0.022461 0.107422
0 0.677490 0.410156 0.096191 0.169922
0 0.702148 0.444824 0.064453 0.159180
0 0.812744 0.447266 0.203613 0.318359
0 0.487061 0.409668 0.015137 0.024414
0 0.142578 0.460449 0.156250 0.166992