0 0.614258 0.425293 0.055664 0.096680
0 0.627930 0.438477 0.031250 0.117188
0 0.684082 0.433105 0.113281 0.170898
0 0.482422 0.408203 0.010742 0.011719
0 0.500977 0.411133 0.010742 0.019531
0 0.493896 0.416016 0.015137 0.023438
0 0.444824 0.416016 0.013672 0.023438
0 0.465332 0.426758 0.047852 0.054688
0 0.412842 0.395508 0.037598 0.029297
0 0.394775 0.421875 0.021973 0.042969
0 0.420654 0.427246 0.039551 0.057617
0 0.264648 0.456055 0.053711 0.109375
0 0.206299 0.460449 0.091309 0.133789
0 0.106689 0.487793 0.154785 0.172852
0 0.332764 0.463379 0.119629 0.155273
0 0.905273 0.583008 0.184570 0.447266