1 0.860352 0.365723 0.014648 0.092773
1 0.854248 0.386719 0.013184 0.072266
1 0.868408 0.375488 0.018066 0.071289
1 0.808838 0.372070 0.018066 0.091797
1 0.837646 0.373047 0.018066 0.093750
1 0.821289 0.364258 0.024414 0.087891
1 0.768555 0.370605 0.012695 0.067383
1 0.782471 0.370605 0.018066 0.073242
1 0.754639 0.376465 0.018066 0.100586
1 0.349365 0.375000 0.009277 0.021484
0 0.892578 0.362305 0.037109 0.035156
0 0.809326 0.362305 0.040527 0.017578
0 0.510498 0.391602 0.010254 0.029297
0 0.397461 0.422363 0.026367 0.159180
0 0.451660 0.451172 0.132812 0.232422