1 0.308105 0.381348 0.011719 0.045898
1 0.340088 0.410156 0.042480 0.222656
0 0.524902 0.390137 0.019531 0.014648
0 0.578857 0.405762 0.021973 0.049805
0 0.589844 0.409668 0.022461 0.061523
0 0.594727 0.411621 0.014648 0.063477
0 0.602295 0.412109 0.023926 0.078125
0 0.625488 0.414062 0.057617 0.093750
0 0.653564 0.433105 0.044434 0.120117
0 0.688477 0.441895 0.075195 0.163086
0 0.749023 0.460449 0.129883 0.213867
0 0.871582 0.511719 0.251953 0.302734
0 0.959717 0.618164 0.075684 0.326172
0 0.052246 0.379883 0.027344 0.023438
0 0.024414 0.377930 0.042969 0.027344