1 0.495117 0.387207 0.008789 0.032227
1 0.423828 0.375488 0.011719 0.024414
1 0.358643 0.386719 0.008301 0.029297
0 0.466064 0.365234 0.024902 0.021484
0 0.452637 0.375977 0.034180 0.023438
0 0.436035 0.403320 0.024414 0.048828
0 0.464111 0.403809 0.053223 0.055664
0 0.417969 0.420410 0.030273 0.083008
0 0.387451 0.423340 0.062012 0.088867
0 0.331055 0.444336 0.066406 0.130859
0 0.234863 0.475098 0.170898 0.208008
0 0.578613 0.398926 0.027344 0.043945
0 0.642578 0.428711 0.061523 0.138672
0 0.785889 0.425293 0.250488 0.368164
0 0.527344 0.393066 0.025391 0.043945