0 0.463623 0.411133 0.012207 0.021484
0 0.441650 0.414551 0.012207 0.022461
0 0.435791 0.416016 0.007324 0.023438
0 0.425781 0.415039 0.016602 0.031250
0 0.414551 0.420898 0.008789 0.029297
0 0.404297 0.419922 0.018555 0.033203
0 0.394531 0.424316 0.018555 0.032227
0 0.376465 0.426270 0.025391 0.034180
0 0.257324 0.446289 0.041992 0.064453
0 0.221436 0.453125 0.054199 0.076172
0 0.315918 0.444336 0.081055 0.113281
0 0.163086 0.462891 0.086914 0.089844
0 0.048584 0.480957 0.091309 0.125977
0 0.531738 0.409180 0.010742 0.017578
0 0.545166 0.407715 0.017090 0.034180
0 0.548340 0.409668 0.011719 0.028320
0 0.552979 0.415527 0.008301 0.043945
0 0.565918 0.412598 0.028320 0.057617
0 0.581543 0.417480 0.022461 0.069336
0 0.592773 0.427246 0.030273 0.096680
0 0.621338 0.427246 0.057129 0.118164
0 0.645020 0.433105 0.056641 0.137695
0 0.707031 0.454590 0.117188 0.225586
0 0.832764 0.487793 0.244629 0.348633
0 0.922607 0.560059 0.149902 0.500977