1 0.581055 0.411621 0.008789 0.018555
1 0.570557 0.409668 0.006348 0.022461
1 0.773193 0.461426 0.070801 0.329102
0 0.472412 0.418945 0.020996 0.009766
0 0.461182 0.429199 0.007324 0.010742
0 0.455811 0.431152 0.009277 0.028320
0 0.412598 0.467285 0.049805 0.114258
0 0.396240 0.479980 0.043457 0.124023
0 0.374023 0.483398 0.038086 0.136719
0 0.292236 0.504883 0.169434 0.216797
0 0.494629 0.487793 0.098633 0.145508
0 0.621826 0.441895 0.053223 0.073242
0 0.886963 0.401367 0.031738 0.027344
0 0.828613 0.406738 0.034180 0.026367
0 0.780029 0.422852 0.081543 0.060547
0 0.702881 0.423340 0.083496 0.071289
0 0.860352 0.419922 0.051758 0.052734
0 0.993408 0.388184 0.008301 0.016602
0 0.937744 0.418457 0.119629 0.090820