1 0.483887 0.408691 0.004883 0.022461
1 0.488037 0.410645 0.003418 0.020508
1 0.644775 0.407715 0.020020 0.104492
1 0.247803 0.419434 0.036621 0.163086
1 0.046875 0.440918 0.062500 0.239258
0 0.534668 0.411133 0.014648 0.044922
0 0.543701 0.411621 0.020996 0.051758
0 0.559082 0.415527 0.023438 0.075195
0 0.583496 0.415527 0.052734 0.090820
0 0.595459 0.433594 0.064941 0.089844
0 0.698975 0.444824 0.103027 0.188477
0 0.813965 0.475586 0.234375 0.269531
0 0.459961 0.405762 0.013672 0.040039
0 0.455566 0.411621 0.007812 0.040039
0 0.446533 0.409180 0.020020 0.046875
0 0.438477 0.414062 0.026367 0.048828
0 0.423828 0.419434 0.017578 0.071289
0 0.402344 0.421387 0.043945 0.090820
0 0.347900 0.436523 0.099121 0.144531