1 0.399902 0.408203 0.003906 0.023438
1 0.489258 0.387207 0.012695 0.016602
1 0.478271 0.437500 0.021973 0.107422
1 0.602539 0.461914 0.061523 0.287109
1 0.651611 0.469727 0.053223 0.281250
0 0.366943 0.408691 0.009277 0.016602
0 0.358154 0.412598 0.013184 0.030273
0 0.341553 0.413086 0.023926 0.041016
0 0.319824 0.426270 0.031250 0.063477
0 0.303955 0.438965 0.028809 0.090820
0 0.267822 0.442871 0.073730 0.112305
0 0.382324 0.408203 0.010742 0.017578
0 0.425049 0.415527 0.020020 0.028320
0 0.441895 0.419922 0.016602 0.042969
0 0.443115 0.422363 0.013184 0.045898
0 0.448486 0.422363 0.012207 0.049805
0 0.459717 0.421875 0.023926 0.052734
0 0.460449 0.426758 0.021484 0.058594
0 0.478271 0.430176 0.029785 0.069336
0 0.516602 0.433105 0.066406 0.122070
0 0.552002 0.445312 0.060059 0.125000
0 0.614990 0.467773 0.120605 0.128906
0 0.810547 0.467285 0.255859 0.364258
0 0.976562 0.645996 0.041992 0.356445