0 0.522217 0.422852 0.022949 0.035156
0 0.588623 0.425293 0.019043 0.079102
0 0.619629 0.421875 0.067383 0.111328
0 0.687500 0.445312 0.097656 0.150391
0 0.814453 0.497559 0.218750 0.311523
0 0.916260 0.615234 0.162598 0.554688
0 0.444580 0.431152 0.021973 0.032227
0 0.420166 0.426758 0.028809 0.046875
0 0.393311 0.431641 0.031738 0.062500
0 0.379883 0.436035 0.035156 0.067383
0 0.349854 0.437012 0.041504 0.106445
0 0.287109 0.440430 0.097656 0.144531
0 0.107178 0.498047 0.160645 0.216797
0 0.037842 0.526855 0.069824 0.250977