1 0.848389 0.395996 0.032715 0.155273
1 0.935303 0.393555 0.024902 0.142578
1 0.913330 0.392090 0.021973 0.147461
1 0.527832 0.402832 0.009766 0.047852
1 0.417480 0.405273 0.009766 0.025391
1 0.398926 0.410645 0.016602 0.102539
1 0.383057 0.409668 0.020020 0.112305
1 0.342773 0.411133 0.018555 0.107422
1 0.358398 0.414062 0.018555 0.103516
1 0.189209 0.430664 0.029785 0.185547
0 0.617920 0.400391 0.017090 0.025391
0 0.521484 0.412109 0.017578 0.056641
0 0.501709 0.412598 0.033691 0.069336
0 0.498535 0.417969 0.025391 0.066406
0 0.471436 0.416992 0.045410 0.085938
0 0.448730 0.430176 0.073242 0.098633