1 0.596191 0.401367 0.009766 0.080078
1 0.519531 0.412598 0.003906 0.008789
1 0.509033 0.403320 0.011230 0.052734
1 0.529297 0.403809 0.009766 0.051758
1 0.541016 0.408691 0.010742 0.041992
1 0.677246 0.419434 0.037109 0.161133
1 0.205322 0.374023 0.008301 0.031250
1 0.024902 0.391602 0.043945 0.041016
0 0.509033 0.397949 0.014160 0.024414
0 0.373291 0.398438 0.004395 0.009766
0 0.365479 0.405762 0.014160 0.041992
0 0.330078 0.422363 0.066406 0.112305
0 0.402832 0.440918 0.092773 0.120117
0 0.274658 0.442383 0.075684 0.130859
0 0.197998 0.472168 0.138184 0.168945
0 0.069336 0.525391 0.132812 0.238281