0 0.491699 0.402832 0.016602 0.030273
0 0.596924 0.413574 0.017090 0.032227
0 0.615479 0.402344 0.039551 0.041016
0 0.601318 0.429199 0.039551 0.079102
0 0.611084 0.428223 0.020996 0.077148
0 0.632324 0.449707 0.062500 0.137695
0 0.685791 0.468750 0.108887 0.191406
0 0.469727 0.415039 0.011719 0.027344
0 0.466064 0.416992 0.007324 0.029297
0 0.455811 0.418945 0.017090 0.035156
0 0.428467 0.418945 0.052246 0.044922
0 0.393311 0.424805 0.030762 0.058594
0 0.381836 0.429199 0.025391 0.063477
0 0.367676 0.430176 0.027344 0.073242
0 0.512207 0.410645 0.014648 0.026367
0 0.344727 0.430176 0.036133 0.088867
0 0.310059 0.434570 0.057617 0.111328