1 0.292969 0.439941 0.019531 0.088867
1 0.236084 0.437500 0.036621 0.183594
1 0.527100 0.412598 0.025879 0.100586
1 0.514160 0.419434 0.032227 0.084961
1 0.630127 0.375977 0.008301 0.023438
1 0.618896 0.395020 0.011230 0.022461
1 0.785889 0.333496 0.013184 0.028320
0 0.507080 0.406738 0.009277 0.022461
0 0.495850 0.405273 0.014160 0.027344
0 0.483887 0.413086 0.015625 0.033203
0 0.470215 0.417969 0.030273 0.042969
0 0.080811 0.540527 0.155762 0.305664
0 0.526367 0.408691 0.004883 0.020508
0 0.561523 0.413086 0.025391 0.058594
0 0.591064 0.411621 0.047363 0.077148
0 0.632080 0.443359 0.037598 0.126953
0 0.668945 0.447754 0.078125 0.168945
0 0.727783 0.464355 0.110840 0.235352
0 0.849121 0.509277 0.260742 0.362305
0 0.931641 0.564453 0.131836 0.476562