0 0.544922 0.399902 0.004883 0.016602
0 0.528564 0.400391 0.016113 0.023438
0 0.775635 0.378418 0.033691 0.024414
0 0.554199 0.399414 0.013672 0.021484
0 0.588379 0.402344 0.014648 0.035156
0 0.591553 0.406738 0.013184 0.038086
0 0.594727 0.408203 0.007812 0.035156
0 0.600098 0.406738 0.012695 0.038086
0 0.607666 0.404785 0.015137 0.040039
0 0.619385 0.402344 0.028809 0.039062
0 0.652100 0.378906 0.041504 0.019531
0 0.657715 0.455078 0.236328 0.179688
0 0.835693 0.499023 0.196777 0.292969
0 0.903320 0.636230 0.188477 0.584961
0 0.491699 0.413086 0.013672 0.054688
0 0.472412 0.406250 0.032715 0.066406
0 0.466064 0.421387 0.036621 0.071289
0 0.397217 0.445801 0.039551 0.124023
0 0.294922 0.403320 0.183594 0.335938
0 0.165771 0.523926 0.209473 0.299805
0 0.049561 0.560059 0.093262 0.416992