1 0.686523 0.400879 0.007812 0.036133
1 0.721191 0.400391 0.022461 0.119141
0 0.193359 0.412109 0.065430 0.070312
0 0.391357 0.405762 0.015137 0.034180
0 0.389404 0.409180 0.009277 0.033203
0 0.381348 0.409180 0.014648 0.037109
0 0.372070 0.410156 0.014648 0.039062
0 0.352539 0.411621 0.034180 0.047852
0 0.430664 0.384277 0.018555 0.024414
0 0.420166 0.416992 0.049316 0.068359
0 0.530273 0.397461 0.009766 0.015625
0 0.549805 0.388184 0.016602 0.053711
0 0.559326 0.405273 0.009277 0.033203
0 0.562256 0.406738 0.007324 0.034180
0 0.575195 0.401855 0.029297 0.051758
0 0.581055 0.409180 0.033203 0.048828