1 0.549805 0.418457 0.021484 0.127930
0 0.411621 0.402832 0.044922 0.092773
0 0.415039 0.424805 0.011719 0.064453
0 0.384033 0.416016 0.053223 0.093750
0 0.378906 0.435059 0.025391 0.077148
0 0.359131 0.437500 0.038574 0.091797
0 0.321289 0.446777 0.063477 0.112305
0 0.257080 0.460449 0.118652 0.135742
0 0.517334 0.413086 0.031738 0.052734
0 0.554688 0.412109 0.039062 0.050781
0 0.566650 0.417480 0.016113 0.053711
0 0.574463 0.416504 0.017090 0.059570
0 0.576172 0.424316 0.011719 0.065430
0 0.603760 0.413086 0.051270 0.095703
0 0.598389 0.427734 0.036621 0.091797
0 0.644775 0.434570 0.085449 0.115234