0 0.541992 0.399414 0.025391 0.050781
0 0.543457 0.407715 0.018555 0.055664
0 0.553955 0.405762 0.020020 0.067383
0 0.563965 0.410645 0.032227 0.081055
0 0.582764 0.422852 0.041504 0.113281
0 0.656006 0.431152 0.137207 0.223633
0 0.816162 0.501465 0.214355 0.344727
0 0.902588 0.573242 0.189941 0.503906
0 0.472656 0.395508 0.006836 0.025391
0 0.461914 0.399414 0.007812 0.033203
0 0.427490 0.388672 0.040527 0.087891
0 0.429932 0.410645 0.012207 0.053711
0 0.416504 0.399902 0.030273 0.041992
0 0.387451 0.416504 0.046387 0.077148
0 0.316650 0.446777 0.092285 0.125977
0 0.133545 0.521973 0.166504 0.268555
0 0.036865 0.510742 0.067871 0.439453