1 0.485107 0.333496 0.006348 0.020508
0 0.593994 0.305664 0.013184 0.019531
0 0.509521 0.334961 0.016113 0.027344
0 0.383057 0.340820 0.015137 0.027344
0 0.375244 0.346680 0.021973 0.031250
0 0.400635 0.348633 0.018066 0.027344
0 0.454834 0.354492 0.021973 0.035156
0 0.414307 0.364258 0.017090 0.013672
0 0.406006 0.374023 0.018066 0.025391
0 0.396973 0.388672 0.023438 0.044922
0 0.372314 0.382812 0.032715 0.035156
0 0.353271 0.400879 0.024902 0.045898
0 0.434814 0.363281 0.024902 0.037109
0 0.425537 0.396973 0.032715 0.051758
0 0.487549 0.359375 0.021973 0.033203