1 0.212158 0.419922 0.011230 0.050781
1 0.593018 0.423828 0.031738 0.107422
1 0.598877 0.424805 0.024902 0.099609
0 0.305420 0.419434 0.015137 0.041992
0 0.294678 0.421875 0.017090 0.054688
0 0.508789 0.415039 0.019531 0.029297
0 0.532471 0.418457 0.027832 0.036133
0 0.562744 0.414551 0.031738 0.049805
0 0.571045 0.419434 0.018066 0.041992
0 0.589355 0.416016 0.033203 0.054688
0 0.653076 0.416016 0.053223 0.070312
0 0.274414 0.422363 0.037109 0.059570
0 0.233154 0.415527 0.023926 0.047852
0 0.198242 0.420898 0.019531 0.035156
0 0.368408 0.432129 0.051270 0.073242