1 0.323975 0.473633 0.020996 0.181641
1 0.303955 0.459473 0.031738 0.213867
1 0.220703 0.462402 0.024414 0.194336
1 0.227295 0.497559 0.021973 0.127930
1 0.256348 0.474609 0.037109 0.195312
1 0.024902 0.446777 0.043945 0.182617
0 0.978516 0.474121 0.018555 0.041992
0 0.944580 0.481934 0.018066 0.022461
0 0.929443 0.483887 0.014160 0.022461
0 0.913330 0.484375 0.021973 0.021484
0 0.889893 0.492676 0.013184 0.041992
0 0.881836 0.492676 0.011719 0.051758
0 0.860596 0.488770 0.044434 0.065430
0 0.821777 0.499023 0.035156 0.058594
0 0.779053 0.492676 0.061035 0.081055