1 0.684082 0.370605 0.006836 0.008789
1 0.697021 0.369141 0.015137 0.025391
1 0.717041 0.388184 0.020996 0.067383
0 0.498535 0.386230 0.008789 0.012695
0 0.506592 0.388184 0.009277 0.012695
0 0.434814 0.413574 0.029785 0.071289
0 0.418701 0.421875 0.031738 0.083984
0 0.404297 0.428223 0.028320 0.104492
0 0.381592 0.435547 0.051270 0.130859
0 0.341309 0.451172 0.076172 0.160156
0 0.239746 0.480957 0.179688 0.247070
0 0.052979 0.641602 0.100098 0.349609
0 0.574707 0.408691 0.036133 0.065430
0 0.609863 0.420898 0.055664 0.105469
0 0.666260 0.452637 0.121582 0.163086