0 0.468018 0.405762 0.014160 0.032227
0 0.454834 0.408203 0.020996 0.037109
0 0.443359 0.415039 0.012695 0.037109
0 0.428223 0.414551 0.025391 0.045898
0 0.412598 0.420898 0.014648 0.052734
0 0.396729 0.422852 0.033691 0.060547
0 0.379395 0.426758 0.041016 0.064453
0 0.302490 0.443359 0.163574 0.164062
0 0.496094 0.408203 0.014648 0.031250
0 0.558105 0.408691 0.016602 0.036133
0 0.565674 0.414062 0.012207 0.050781
0 0.574463 0.414062 0.017090 0.058594
0 0.479980 0.413086 0.029297 0.042969
0 0.600586 0.411133 0.049805 0.093750
0 0.613037 0.423828 0.037598 0.089844
0 0.655762 0.432617 0.083984 0.125000
0 0.803223 0.459961 0.226562 0.318359
0 0.945068 0.582031 0.104980 0.455078