0 0.515381 0.398438 0.008301 0.009766
0 0.507568 0.401855 0.018066 0.016602
0 0.470459 0.395508 0.015137 0.013672
0 0.475342 0.412109 0.010254 0.027344
0 0.465576 0.413574 0.014160 0.036133
0 0.459717 0.416992 0.012207 0.037109
0 0.448486 0.418457 0.021973 0.045898
0 0.435791 0.421387 0.033691 0.047852
0 0.259766 0.394043 0.026367 0.012695
0 0.367676 0.441406 0.035156 0.099609
0 0.323242 0.441406 0.069336 0.136719
0 0.288330 0.463867 0.070801 0.140625
0 0.208252 0.484863 0.145996 0.176758
0 0.037598 0.564941 0.069336 0.268555
0 0.521729 0.396973 0.006348 0.012695
0 0.533447 0.412109 0.026855 0.048828
0 0.561279 0.411133 0.019043 0.046875
0 0.562988 0.416992 0.015625 0.052734
0 0.584717 0.416504 0.035645 0.071289
0 0.632080 0.424805 0.066895 0.136719
0 0.645752 0.441406 0.051270 0.156250
0 0.702881 0.456543 0.133301 0.188477