0 0.468018 0.403809 0.036621 0.040039
0 0.465332 0.412109 0.031250 0.046875
0 0.465820 0.416504 0.022461 0.043945
0 0.457031 0.418457 0.013672 0.049805
0 0.428223 0.405762 0.047852 0.127930
0 0.336670 0.390625 0.196777 0.167969
0 0.340820 0.390625 0.173828 0.181641
0 0.350586 0.433105 0.036133 0.106445
0 0.296875 0.391113 0.092773 0.041992
0 0.289307 0.440918 0.142090 0.135742
0 0.185547 0.437500 0.086914 0.177734
0 0.132324 0.451660 0.154297 0.209961
0 0.091064 0.479980 0.164551 0.260742
0 0.020508 0.477539 0.035156 0.298828
0 0.592285 0.420898 0.014648 0.044922
0 0.604736 0.422363 0.030762 0.047852
0 0.690918 0.398438 0.091797 0.187500
0 0.859863 0.476562 0.186523 0.240234