1 0.853516 0.479004 0.032227 0.188477
1 0.882568 0.475098 0.035645 0.206055
0 0.420654 0.439453 0.020020 0.054688
0 0.396729 0.440918 0.043457 0.096680
0 0.356201 0.442383 0.064941 0.126953
0 0.324219 0.461426 0.073242 0.135742
0 0.253418 0.481445 0.113281 0.195312
0 0.147949 0.523926 0.176758 0.278320
0 0.047119 0.531738 0.088379 0.428711
0 0.485840 0.424805 0.016602 0.023438
0 0.494873 0.423828 0.019043 0.019531
0 0.503174 0.427734 0.009277 0.021484
0 0.521240 0.421387 0.032715 0.028320
0 0.531006 0.426758 0.022949 0.027344
0 0.558350 0.429688 0.030762 0.035156
0 0.577148 0.425293 0.026367 0.038086
0 0.585205 0.438477 0.010254 0.029297
0 0.614746 0.420410 0.049805 0.063477
0 0.688721 0.445801 0.104004 0.124023
0 0.726074 0.449219 0.107422 0.105469
0 0.773193 0.465820 0.151855 0.156250
0 0.884521 0.438965 0.226074 0.231445