1 0.601318 0.441406 0.008301 0.039062
1 0.990723 0.437012 0.013672 0.141602
0 0.501709 0.438965 0.014160 0.014648
0 0.491699 0.458496 0.023438 0.051758
0 0.476807 0.461914 0.026855 0.054688
0 0.442627 0.472168 0.062988 0.088867
0 0.377441 0.485840 0.057617 0.098633
0 0.287109 0.510254 0.158203 0.176758
0 0.106934 0.556152 0.208008 0.264648
0 0.527344 0.464355 0.061523 0.084961
0 0.623291 0.453125 0.021973 0.058594
0 0.635742 0.454102 0.021484 0.070312
0 0.645508 0.433594 0.015625 0.033203
0 0.649902 0.463867 0.028320 0.109375
0 0.673340 0.475586 0.060547 0.146484
0 0.713623 0.492676 0.082520 0.194336
0 0.825928 0.529297 0.227051 0.314453