1 0.392334 0.440430 0.014160 0.046875
1 0.413574 0.430664 0.007812 0.058594
1 0.405762 0.433594 0.010742 0.054688
1 0.523193 0.412598 0.002441 0.004883
1 0.537354 0.412598 0.003418 0.004883
1 0.576172 0.430176 0.004883 0.049805
1 0.581543 0.424316 0.008789 0.061523
1 0.587891 0.435547 0.005859 0.039062
1 0.596191 0.410645 0.023438 0.122070
1 0.625244 0.414551 0.020020 0.110352
1 0.704590 0.368652 0.011719 0.032227
1 0.749756 0.361816 0.009277 0.043945
1 0.678711 0.413086 0.032227 0.144531
1 0.677979 0.413086 0.026855 0.160156
1 0.775391 0.408203 0.052734 0.287109
1 0.044434 0.445801 0.018555 0.137695
1 0.057373 0.447754 0.022949 0.139648
1 0.470215 0.427246 0.011719 0.071289
0 0.358643 0.439453 0.024902 0.025391
0 0.469971 0.433105 0.030762 0.036133