1 0.178223 0.392090 0.031250 0.110352
1 0.479980 0.427734 0.036133 0.156250
1 0.466309 0.424805 0.039062 0.164062
1 0.504150 0.424316 0.033691 0.176758
1 0.535645 0.415039 0.030273 0.183594
0 0.290771 0.406250 0.034668 0.029297
0 0.267578 0.406250 0.022461 0.029297
0 0.207520 0.397949 0.014648 0.018555
0 0.175049 0.412598 0.057129 0.067383
0 0.229492 0.418457 0.067383 0.071289
0 0.109619 0.425293 0.078613 0.090820
0 0.445068 0.408691 0.020020 0.030273
0 0.404541 0.411621 0.009277 0.030273
0 0.420410 0.412109 0.031250 0.039062
0 0.388428 0.408203 0.025879 0.044922
0 0.378662 0.414551 0.018066 0.038086
0 0.361816 0.414551 0.028320 0.038086
0 0.332520 0.406250 0.025391 0.021484
0 0.594727 0.392578 0.004883 0.015625
0 0.582520 0.394043 0.014648 0.016602