1 0.529297 0.409180 0.003906 0.025391
1 0.536377 0.410156 0.004395 0.023438
1 0.549316 0.407227 0.004883 0.023438
1 0.611572 0.443848 0.000488 0.000977
1 0.635742 0.473145 0.060547 0.364258
0 0.224854 0.439453 0.026855 0.037109
0 0.187012 0.440918 0.055664 0.040039
0 0.128174 0.450684 0.066895 0.065430
0 0.058838 0.460938 0.111816 0.103516
0 0.393555 0.437012 0.016602 0.038086
0 0.370605 0.431641 0.032227 0.050781
0 0.357910 0.440430 0.022461 0.042969
0 0.337891 0.442383 0.031250 0.048828
0 0.303467 0.445312 0.050293 0.054688
0 0.463379 0.427246 0.022461 0.026367
0 0.439941 0.430664 0.022461 0.033203
0 0.416260 0.434082 0.025879 0.036133
0 0.507812 0.418457 0.020508 0.030273
0 0.498779 0.423828 0.022949 0.035156