1 0.869141 0.348633 0.008789 0.021484
0 0.383789 0.412109 0.018555 0.017578
0 0.373779 0.417969 0.037598 0.031250
0 0.301758 0.422363 0.015625 0.036133
0 0.359375 0.424805 0.019531 0.033203
0 0.315918 0.423828 0.019531 0.033203
0 0.225098 0.431641 0.011719 0.025391
0 0.209229 0.427246 0.020996 0.034180
0 0.187500 0.433105 0.027344 0.049805
0 0.171875 0.442383 0.036133 0.044922
0 0.698486 0.389160 0.016113 0.012695
0 0.692139 0.402832 0.016113 0.024414
0 0.714355 0.402832 0.017578 0.024414
0 0.814209 0.397461 0.049316 0.070312
0 0.843994 0.393066 0.052246 0.069336
0 0.879639 0.398926 0.081543 0.096680
0 0.673096 0.407227 0.021973 0.035156
0 0.893799 0.402344 0.084473 0.097656
0 0.913818 0.401367 0.077637 0.105469
0 0.961914 0.384277 0.071289 0.106445
0 0.985596 0.405762 0.023926 0.057617