1 0.607422 0.426270 0.009766 0.055664
0 0.549072 0.431152 0.014160 0.018555
0 0.534912 0.431641 0.016113 0.021484
0 0.506104 0.431641 0.017090 0.025391
0 0.454590 0.434082 0.011719 0.028320
0 0.461182 0.432617 0.006348 0.035156
0 0.477295 0.432129 0.031738 0.053711
0 0.417236 0.420898 0.006348 0.009766
0 0.400879 0.435547 0.033203 0.042969
0 0.433838 0.432129 0.033691 0.057617
0 0.361816 0.438477 0.041016 0.058594
0 0.303467 0.449707 0.049316 0.065430
0 0.253906 0.457520 0.056641 0.090820
0 0.195557 0.464355 0.092285 0.112305
0 0.120361 0.482910 0.092285 0.120117
0 0.042969 0.492188 0.080078 0.169922
0 0.802490 0.417969 0.064941 0.070312