1 0.280273 0.391113 0.006836 0.024414
1 0.549561 0.380371 0.005371 0.038086
1 0.599609 0.406250 0.033203 0.189453
1 0.662354 0.407715 0.032715 0.174805
1 0.350586 0.393066 0.003906 0.026367
0 0.422852 0.389648 0.002930 0.017578
0 0.395508 0.392578 0.014648 0.019531
0 0.414307 0.389648 0.017090 0.023438
0 0.431152 0.390625 0.017578 0.027344
0 0.036133 0.442871 0.066406 0.090820
0 0.270020 0.407715 0.025391 0.043945
0 0.254639 0.409668 0.020996 0.045898
0 0.215088 0.422852 0.078613 0.089844
0 0.320312 0.426758 0.073242 0.109375