0 0.752930 0.432617 0.006836 0.011719
0 0.763916 0.432129 0.007324 0.010742
0 0.752197 0.449707 0.007324 0.010742
0 0.733643 0.443359 0.016113 0.019531
0 0.726562 0.442871 0.016602 0.022461
0 0.564453 0.431152 0.058594 0.057617
0 0.537109 0.434082 0.036133 0.063477
0 0.489014 0.418457 0.092285 0.104492
0 0.471924 0.424805 0.054199 0.089844
0 0.446289 0.425781 0.091797 0.093750
0 0.400635 0.422363 0.126465 0.122070
0 0.367188 0.429688 0.092773 0.117188
0 0.246338 0.398926 0.193848 0.196289
0 0.155762 0.435059 0.201172 0.184570
0 0.854736 0.453613 0.086426 0.135742