1 0.296875 0.433105 0.012695 0.061523
1 0.341064 0.433594 0.008301 0.056641
1 0.375244 0.435059 0.012207 0.065430
1 0.385498 0.435547 0.012207 0.062500
1 0.524658 0.422363 0.003418 0.043945
1 0.520996 0.412598 0.006836 0.024414
1 0.527588 0.422852 0.008301 0.056641
1 0.511475 0.429199 0.006348 0.043945
1 0.503174 0.416016 0.013184 0.031250
1 0.673828 0.420410 0.021484 0.079102
1 0.675781 0.406250 0.023438 0.105469
1 0.646729 0.436523 0.063965 0.287109
1 0.708740 0.426758 0.020020 0.207031
1 0.725586 0.417969 0.041992 0.238281
1 0.425049 0.416504 0.048340 0.206055