1 0.737305 0.389160 0.007812 0.036133
1 0.752197 0.390137 0.006348 0.032227
1 0.891113 0.415527 0.020508 0.114258
1 0.515869 0.384766 0.007324 0.037109
1 0.425537 0.357422 0.006348 0.007812
1 0.106934 0.307129 0.034180 0.051758
1 0.379883 0.354980 0.002930 0.008789
1 0.061279 0.287598 0.029785 0.059570
1 0.416748 0.357422 0.004395 0.005859
0 0.573975 0.363770 0.024902 0.036133
0 0.583252 0.390625 0.009277 0.031250
0 0.574707 0.390137 0.018555 0.034180
0 0.565674 0.388672 0.016113 0.039062
0 0.544922 0.409180 0.003906 0.005859
0 0.544189 0.385254 0.036621 0.053711
0 0.458496 0.393066 0.050781 0.090820
0 0.462402 0.404785 0.020508 0.077148
0 0.438232 0.417480 0.064941 0.114258
0 0.418945 0.433594 0.048828 0.126953
0 0.396484 0.433594 0.041992 0.148438
0 0.320068 0.446777 0.160645 0.270508
0 0.193604 0.494141 0.213379 0.339844
0 0.087646 0.512695 0.169434 0.552734