1 0.662598 0.372559 0.007812 0.061523
1 0.279297 0.389160 0.010742 0.067383
1 0.261963 0.361328 0.008301 0.017578
1 0.318848 0.376465 0.010742 0.047852
1 0.297607 0.391602 0.015137 0.064453
1 0.261475 0.391602 0.013184 0.060547
1 0.384277 0.367188 0.004883 0.029297
1 0.270508 0.388184 0.014648 0.063477
1 0.247559 0.365234 0.013672 0.035156
1 0.404297 0.401855 0.010742 0.086914
1 0.235840 0.441895 0.041016 0.215820
1 0.143066 0.427246 0.049805 0.206055
1 0.356445 0.401367 0.014648 0.117188
1 0.377197 0.395508 0.014160 0.105469
1 0.372314 0.401367 0.018066 0.093750
1 0.771240 0.364746 0.005371 0.028320
1 0.352295 0.408203 0.025879 0.105469
1 0.547607 0.397949 0.008301 0.043945
1 0.550537 0.407715 0.006348 0.040039
1 0.561523 0.401367 0.010742 0.044922
1 0.555176 0.400879 0.007812 0.043945
1 0.588379 0.405273 0.014648 0.109375
1 0.579102 0.412598 0.026367 0.129883
1 0.606445 0.412109 0.027344 0.126953
1 0.637695 0.401367 0.012695 0.121094
1 0.629883 0.408203 0.025391 0.136719
1 0.653809 0.406738 0.020508 0.124023
1 0.669434 0.371094 0.016602 0.052734
1 0.686768 0.364258 0.030762 0.058594
1 0.786377 0.349121 0.010254 0.053711
1 0.693848 0.388672 0.019531 0.058594
1 0.703369 0.363770 0.013184 0.041992
1 0.708496 0.375977 0.010742 0.052734
1 0.715088 0.369141 0.020020 0.058594
1 0.414795 0.401855 0.016113 0.090820
0 0.432617 0.398438 0.025391 0.056641
0 0.493896 0.412109 0.082520 0.132812