1 0.217285 0.508301 0.006836 0.032227
1 0.210449 0.510254 0.007812 0.041992
1 0.616211 0.524414 0.056641 0.210938
1 0.441650 0.531250 0.041504 0.220703
1 0.504639 0.534180 0.026855 0.201172
1 0.495117 0.524414 0.051758 0.234375
1 0.589844 0.522461 0.047852 0.226562
1 0.563477 0.532715 0.052734 0.221680
1 0.552002 0.533691 0.047363 0.239258
1 0.626221 0.539062 0.039551 0.248047
1 0.721680 0.541016 0.022461 0.224609
1 0.700195 0.535645 0.042969 0.239258
1 0.775635 0.531738 0.037598 0.272461
1 0.750977 0.532227 0.060547 0.308594
1 0.852295 0.530762 0.034668 0.247070
1 0.818848 0.525879 0.049805 0.291992
1 0.890137 0.538086 0.061523 0.296875
1 0.983154 0.509766 0.028809 0.314453
1 0.964111 0.519043 0.058105 0.315430
1 0.919189 0.523926 0.086426 0.325195
1 0.991943 0.510742 0.011230 0.097656
1 0.248779 0.503906 0.006348 0.035156
0 0.283936 0.496582 0.011230 0.020508
0 0.274414 0.505371 0.015625 0.028320
0 0.337646 0.500488 0.051270 0.116211
0 0.347168 0.528809 0.028320 0.081055
0 0.354492 0.532715 0.038086 0.086914
0 0.371826 0.541504 0.046387 0.104492
0 0.400391 0.548340 0.057617 0.120117