0 0.548340 0.394531 0.016602 0.023438
0 0.572510 0.387207 0.017090 0.012695
0 0.567871 0.402832 0.014648 0.034180
0 0.576172 0.404785 0.013672 0.041992
0 0.581787 0.406738 0.015137 0.047852
0 0.614014 0.387695 0.012207 0.021484
0 0.598877 0.405762 0.032715 0.051758
0 0.640137 0.422852 0.046875 0.107422
0 0.653809 0.431152 0.043945 0.122070
0 0.693359 0.434570 0.078125 0.177734
0 0.779785 0.462891 0.167969 0.253906
0 0.877686 0.526367 0.239746 0.351562
0 0.493652 0.404297 0.005859 0.033203
0 0.491455 0.404297 0.009277 0.033203
0 0.484131 0.405273 0.016113 0.039062
0 0.482178 0.408203 0.009277 0.035156
0 0.480469 0.411621 0.005859 0.040039
0 0.464355 0.408691 0.035156 0.055664
0 0.417236 0.427246 0.012207 0.077148
0 0.387695 0.422852 0.057617 0.113281
0 0.358643 0.436035 0.067871 0.127930
0 0.328613 0.453613 0.069336 0.141602
0 0.270752 0.472168 0.093262 0.172852
0 0.177979 0.496582 0.172363 0.239258
0 0.069580 0.558105 0.133301 0.356445