1 0.615723 0.367676 0.004883 0.004883
1 0.673340 0.378906 0.009766 0.046875
1 0.660156 0.382812 0.008789 0.041016
1 0.692139 0.375977 0.007324 0.060547
1 0.890381 0.327637 0.008301 0.006836
1 0.899902 0.327637 0.012695 0.012695
1 0.335693 0.383789 0.005371 0.009766
1 0.257812 0.427246 0.024414 0.147461
1 0.198486 0.423340 0.047363 0.225586
0 0.603516 0.364746 0.018555 0.010742
0 0.767578 0.416992 0.083984 0.144531
0 0.863770 0.416016 0.169922 0.228516
0 0.574707 0.380859 0.022461 0.041016
0 0.542236 0.384766 0.021973 0.037109
0 0.414551 0.390137 0.019531 0.034180
0 0.402344 0.390137 0.009766 0.018555
0 0.390625 0.395996 0.021484 0.030273
0 0.376709 0.403809 0.020020 0.040039
0 0.355469 0.403320 0.032227 0.044922
0 0.335693 0.403320 0.029785 0.031250
0 0.322266 0.401855 0.005859 0.032227
0 0.279541 0.429199 0.008301 0.045898
0 0.233398 0.427246 0.038086 0.069336
0 0.137939 0.443848 0.063965 0.084961
0 0.076660 0.453125 0.062500 0.095703