1 0.080566 0.362305 0.023438 0.035156
1 0.830566 0.378906 0.026367 0.070312
1 0.346680 0.412598 0.011719 0.094727
1 0.365723 0.414551 0.018555 0.092773
1 0.407715 0.424805 0.015625 0.083984
1 0.395020 0.424805 0.016602 0.083984
0 0.156982 0.369141 0.089355 0.027344
0 0.649902 0.410156 0.018555 0.019531
0 0.559082 0.441895 0.005859 0.026367
0 0.538086 0.433105 0.036133 0.071289
0 0.479980 0.425293 0.095703 0.102539
0 0.668213 0.433594 0.025879 0.089844
0 0.606201 0.444336 0.102051 0.111328
0 0.700439 0.427246 0.067871 0.114258
0 0.717285 0.438965 0.043945 0.114258
0 0.799561 0.444336 0.071777 0.140625