1 0.082764 0.442383 0.026855 0.126953
1 0.138428 0.435547 0.025879 0.128906
1 0.568604 0.371094 0.004395 0.013672
1 0.500000 0.378418 0.004883 0.014648
1 0.506836 0.376465 0.005859 0.020508
1 0.393555 0.404297 0.010742 0.044922
1 0.400146 0.412109 0.007324 0.054688
1 0.406494 0.411133 0.012207 0.056641
1 0.377197 0.387207 0.007324 0.008789
1 0.364502 0.389160 0.005371 0.006836
1 0.442871 0.402832 0.008789 0.043945
1 0.430664 0.399414 0.008789 0.033203
1 0.171387 0.397461 0.013672 0.050781
1 0.194092 0.391602 0.009277 0.031250
1 0.195801 0.406250 0.018555 0.044922
1 0.172363 0.433594 0.014648 0.113281
1 0.183594 0.418945 0.016602 0.074219
1 0.617676 0.380371 0.005859 0.024414
1 0.702393 0.398438 0.016113 0.062500
1 0.760010 0.412598 0.028809 0.155273
1 0.803223 0.416504 0.028320 0.145508
0 0.616211 0.369629 0.011719 0.006836
0 0.603516 0.364258 0.013672 0.019531
0 0.598145 0.375488 0.013672 0.018555
0 0.589111 0.378418 0.015137 0.020508
0 0.515869 0.403809 0.023926 0.040039
0 0.490967 0.411133 0.037598 0.056641
0 0.041016 0.484863 0.076172 0.262695
0 0.352539 0.445312 0.093750 0.109375
0 0.627197 0.382324 0.014160 0.030273
0 0.628174 0.383789 0.013184 0.025391
0 0.627441 0.394043 0.011719 0.040039
0 0.628174 0.399902 0.006348 0.034180
0 0.643311 0.400879 0.028809 0.063477
0 0.642334 0.408691 0.021973 0.057617
0 0.668457 0.421387 0.049805 0.086914
0 0.590576 0.426270 0.066895 0.075195