1 0.510010 0.427246 0.007324 0.043945
1 0.491699 0.430176 0.009766 0.036133
1 0.500244 0.431641 0.004395 0.039062
1 0.484375 0.431641 0.007812 0.054688
1 0.449463 0.428711 0.006348 0.041016
1 0.194336 0.433105 0.041016 0.125977
1 0.246094 0.469238 0.037109 0.200195
1 0.034668 0.458496 0.052734 0.291992
1 0.466553 0.437500 0.011230 0.064453
1 0.543945 0.421387 0.005859 0.028320
1 0.658936 0.427246 0.011230 0.059570
1 0.754395 0.474121 0.046875 0.129883
0 0.602051 0.413574 0.012695 0.014648
0 0.594482 0.414551 0.004395 0.012695
0 0.563965 0.420898 0.012695 0.021484
0 0.600830 0.415039 0.007324 0.013672
0 0.581055 0.416504 0.026367 0.018555
0 0.604248 0.417480 0.009277 0.018555
0 0.611572 0.426270 0.016113 0.036133
0 0.621338 0.428223 0.018066 0.038086
0 0.585449 0.452148 0.049805 0.062500
0 0.945068 0.525879 0.104980 0.307617