1 0.546875 0.396484 0.007812 0.072266
1 0.517090 0.380859 0.003906 0.009766
1 0.508545 0.397461 0.006348 0.054688
1 0.526855 0.398926 0.004883 0.032227
1 0.512451 0.396973 0.009277 0.055664
1 0.558838 0.393066 0.024902 0.127930
1 0.539062 0.403809 0.021484 0.114258
1 0.433350 0.390137 0.016113 0.073242
1 0.456787 0.400391 0.024902 0.128906
1 0.398438 0.430664 0.033203 0.144531
1 0.371338 0.439453 0.036621 0.125000
1 0.332764 0.426270 0.014160 0.141602
1 0.348877 0.404785 0.041504 0.208008
1 0.485107 0.395020 0.011230 0.059570
1 0.495361 0.395508 0.011230 0.058594
1 0.520996 0.398438 0.009766 0.044922
1 0.527832 0.405762 0.005859 0.030273
0 0.368408 0.358887 0.134277 0.278320