0 0.010254 0.570312 0.014648 0.166016
0 0.174805 0.429199 0.011719 0.014648
0 0.187500 0.427734 0.015625 0.015625
0 0.218750 0.427734 0.006836 0.015625
0 0.230713 0.428223 0.025879 0.028320
0 0.263184 0.416016 0.038086 0.042969
0 0.266846 0.429688 0.023926 0.039062
0 0.152344 0.441406 0.033203 0.054688
0 0.148193 0.447266 0.022949 0.058594
0 0.126953 0.453125 0.052734 0.068359
0 0.279785 0.434570 0.008789 0.044922
0 0.294922 0.431152 0.029297 0.057617
0 0.304932 0.436035 0.025879 0.055664
0 0.326904 0.437988 0.041504 0.063477
0 0.349365 0.432129 0.059082 0.084961
0 0.525635 0.447266 0.133301 0.203125
0 0.652832 0.493164 0.184570 0.275391
0 0.850830 0.541016 0.293457 0.554688