0 0.405273 0.362305 0.033203 0.021484
0 0.441650 0.362793 0.035645 0.018555
0 0.479004 0.360352 0.024414 0.019531
0 0.321045 0.362305 0.035645 0.019531
0 0.309326 0.370117 0.046387 0.037109
0 0.027832 0.422852 0.036133 0.062500
0 0.023193 0.432129 0.026855 0.065430
0 0.644287 0.430664 0.117676 0.199219
0 0.308838 0.383301 0.027832 0.053711
0 0.269775 0.384277 0.054199 0.061523
0 0.774170 0.476562 0.191895 0.292969
0 0.117676 0.411621 0.147461 0.112305
0 0.901855 0.503418 0.191406 0.475586
0 0.225098 0.375977 0.026367 0.019531
0 0.244873 0.400391 0.088379 0.062500
0 0.350586 0.403809 0.057617 0.084961