1 0.740967 0.398926 0.006348 0.030273
1 0.750244 0.399414 0.005371 0.027344
1 0.441650 0.375000 0.009277 0.023438
1 0.563232 0.404785 0.018066 0.045898
1 0.558105 0.408203 0.013672 0.044922
1 0.544922 0.398438 0.014648 0.068359
1 0.533936 0.397949 0.014160 0.069336
1 0.563477 0.397949 0.012695 0.069336
1 0.637939 0.399902 0.010254 0.057617
1 0.628174 0.399414 0.011230 0.056641
1 0.709473 0.396973 0.010742 0.051758
1 0.880859 0.416016 0.021484 0.099609
1 0.954346 0.490723 0.086426 0.541992
1 0.140137 0.396973 0.015625 0.090820
0 0.135986 0.390137 0.041504 0.061523
0 0.167236 0.395020 0.036621 0.061523
0 0.204834 0.396484 0.055176 0.064453
0 0.259521 0.399414 0.081543 0.082031
0 0.015137 0.365723 0.010742 0.036133
0 0.004395 0.385254 0.002930 0.077148
0 0.064209 0.364746 0.040527 0.022461
0 0.034912 0.397949 0.052246 0.069336
0 0.084961 0.399902 0.078125 0.081055
0 0.905273 0.406738 0.010742 0.032227