1 0.825928 0.391113 0.024902 0.069336
1 0.605957 0.386719 0.006836 0.050781
1 0.600342 0.386230 0.013184 0.061523
0 0.463379 0.399902 0.017578 0.026367
0 0.482422 0.398926 0.017578 0.036133
0 0.531250 0.405762 0.067383 0.114258
0 0.118652 0.425293 0.015625 0.057617
0 0.151123 0.422363 0.062988 0.100586
0 0.264893 0.416992 0.040527 0.050781
0 0.443848 0.402344 0.005859 0.013672
0 0.439453 0.402832 0.005859 0.012695
0 0.457520 0.398438 0.022461 0.035156
0 0.332031 0.382812 0.041992 0.027344
0 0.339844 0.411133 0.069336 0.060547
0 0.405762 0.402344 0.056641 0.093750
0 0.198242 0.424316 0.107422 0.104492
0 0.915527 0.520020 0.164062 0.520508