1 0.437500 0.429199 0.005859 0.030273
1 0.432373 0.430664 0.002441 0.027344
1 0.447510 0.431641 0.007324 0.029297
1 0.393311 0.433105 0.006348 0.038086
1 0.484131 0.430664 0.005371 0.025391
1 0.477539 0.426270 0.010742 0.047852
1 0.396240 0.418945 0.013184 0.093750
1 0.403564 0.426758 0.018066 0.121094
1 0.326904 0.461426 0.008301 0.036133
1 0.312500 0.424316 0.021484 0.124023
1 0.569336 0.405762 0.022461 0.120117
1 0.525635 0.422852 0.026855 0.128906
1 0.497070 0.416504 0.027344 0.120117
1 0.921387 0.360840 0.012695 0.166992
1 0.891846 0.364258 0.031738 0.166016
1 0.848389 0.395508 0.021973 0.109375
1 0.865967 0.387695 0.023926 0.132812
1 0.423096 0.424316 0.029785 0.135742
1 0.210938 0.430664 0.017578 0.123047
1 0.267090 0.436523 0.039062 0.207031
1 0.242676 0.441406 0.031250 0.169922
1 0.226318 0.455078 0.053223 0.207031
1 0.182861 0.447266 0.041504 0.207031
1 0.063232 0.421875 0.020020 0.082031
0 0.377930 0.430176 0.032227 0.055664
0 0.693604 0.441406 0.192871 0.281250