1 0.703369 0.356934 0.004395 0.022461
1 0.708008 0.368164 0.002930 0.015625
1 0.704834 0.367676 0.007324 0.016602
1 0.712646 0.367676 0.006348 0.016602
1 0.549316 0.394531 0.007812 0.031250
1 0.558594 0.395020 0.005859 0.034180
1 0.383789 0.416016 0.018555 0.103516
1 0.403564 0.412109 0.026855 0.119141
0 0.458252 0.388184 0.014160 0.022461
0 0.585205 0.423828 0.047363 0.082031
0 0.623291 0.443848 0.068848 0.118164
0 0.671143 0.474121 0.081543 0.196289
0 0.789062 0.478516 0.254883 0.314453
0 0.937988 0.570801 0.119141 0.702148