0 0.443115 0.363281 0.001465 0.017578
0 0.391602 0.341797 0.005859 0.009766
0 0.404053 0.342285 0.007324 0.012695
0 0.416016 0.351074 0.006836 0.010742
0 0.427246 0.351562 0.006836 0.009766
0 0.490723 0.383301 0.014648 0.026367
0 0.500977 0.386719 0.016602 0.033203
0 0.511230 0.389648 0.019531 0.035156
0 0.517334 0.394043 0.019043 0.032227
0 0.520264 0.399414 0.019043 0.035156
0 0.536865 0.406250 0.027832 0.048828
0 0.562744 0.403809 0.035645 0.059570
0 0.578125 0.410645 0.030273 0.051758
0 0.594727 0.413086 0.023438 0.056641
0 0.614502 0.413086 0.036621 0.064453
0 0.635010 0.416016 0.036621 0.070312
0 0.660156 0.416016 0.048828 0.076172
0 0.700439 0.418457 0.060059 0.088867
0 0.762939 0.423828 0.104980 0.113281
0 0.369873 0.422363 0.041504 0.059570
0 0.293457 0.439941 0.076172 0.110352
0 0.033936 0.510742 0.062012 0.246094