0 0.408447 0.405273 0.010254 0.019531
0 0.411621 0.408203 0.012695 0.019531
0 0.422363 0.406738 0.004883 0.020508
0 0.426514 0.406738 0.009277 0.022461
0 0.428223 0.412109 0.007812 0.015625
0 0.427490 0.408203 0.006348 0.023438
0 0.432617 0.406738 0.010742 0.022461
0 0.437744 0.408691 0.008301 0.034180
0 0.441406 0.409668 0.009766 0.038086
0 0.449219 0.411133 0.014648 0.041016
0 0.464844 0.415039 0.036133 0.046875
0 0.588135 0.424316 0.043457 0.092773
0 0.602051 0.429688 0.037109 0.103516
0 0.635986 0.438965 0.061035 0.133789
0 0.721924 0.428223 0.141113 0.286133
0 0.859863 0.452637 0.275391 0.473633
0 0.378174 0.409668 0.005371 0.022461
0 0.343994 0.417969 0.073730 0.138672
0 0.312256 0.453613 0.062012 0.125977
0 0.239502 0.476074 0.136230 0.176758