1 0.371826 0.397461 0.006348 0.025391
1 0.261475 0.421387 0.006348 0.079102
1 0.262939 0.426270 0.022949 0.075195
0 0.300293 0.415527 0.064453 0.049805
0 0.468750 0.386230 0.008789 0.010742
0 0.357178 0.418457 0.030762 0.045898
0 0.382324 0.402832 0.023438 0.028320
0 0.576660 0.401855 0.047852 0.038086
0 0.029053 0.440430 0.052246 0.066406
0 0.410889 0.410156 0.082520 0.064453
0 0.554932 0.399902 0.011230 0.028320
0 0.508057 0.384766 0.011230 0.013672
0 0.519043 0.422852 0.050781 0.078125
0 0.499756 0.384277 0.006348 0.010742