1 0.490234 0.395020 0.006836 0.024414
0 0.476318 0.398438 0.008301 0.015625
0 0.468018 0.401367 0.006348 0.025391
0 0.458496 0.400391 0.017578 0.033203
0 0.454102 0.406738 0.019531 0.026367
0 0.438965 0.415039 0.014648 0.031250
0 0.435547 0.417480 0.009766 0.036133
0 0.422119 0.413086 0.023926 0.050781
0 0.422852 0.418945 0.017578 0.044922
0 0.411621 0.421387 0.021484 0.049805
0 0.400879 0.420410 0.013672 0.057617
0 0.380615 0.421387 0.043457 0.061523
0 0.309570 0.431152 0.049805 0.094727
0 0.268799 0.441406 0.085449 0.121094
0 0.181885 0.457031 0.152832 0.169922
0 0.051758 0.492188 0.097656 0.246094
0 0.576660 0.413574 0.034180 0.067383
0 0.579346 0.415527 0.030762 0.063477
0 0.579834 0.419434 0.019043 0.071289
0 0.595215 0.420898 0.030273 0.074219
0 0.595947 0.427246 0.024902 0.077148
0 0.604492 0.427246 0.025391 0.086914
0 0.622314 0.431152 0.042480 0.106445
0 0.656006 0.433105 0.062012 0.133789
0 0.709473 0.448730 0.087891 0.163086
0 0.795654 0.474121 0.163574 0.231445
0 0.906250 0.527832 0.182617 0.411133
0 0.535645 0.416504 0.052734 0.086914