0 0.700928 0.397461 0.006348 0.025391
0 0.589600 0.403809 0.007324 0.028320
0 0.554688 0.403809 0.046875 0.063477
0 0.534180 0.414062 0.020508 0.048828
0 0.654297 0.399414 0.013672 0.044922
0 0.664795 0.400879 0.020996 0.053711
0 0.667725 0.402832 0.017090 0.053711
0 0.682617 0.409180 0.037109 0.062500
0 0.778809 0.451660 0.096680 0.170898
0 0.844727 0.479492 0.123047 0.234375
0 0.914795 0.521484 0.165527 0.378906
0 0.379150 0.459961 0.170410 0.207031
0 0.258545 0.497559 0.185059 0.227539
0 0.107910 0.585938 0.209961 0.443359