1 0.168457 0.333008 0.038086 0.183594
1 0.390625 0.347168 0.005859 0.053711
1 0.383301 0.351562 0.014648 0.089844
1 0.401367 0.356445 0.015625 0.078125
1 0.452148 0.353027 0.004883 0.022461
1 0.458252 0.354004 0.004395 0.020508
1 0.466797 0.352051 0.004883 0.020508
1 0.555664 0.344727 0.009766 0.054688
1 0.634766 0.345703 0.017578 0.095703
1 0.665771 0.347168 0.009277 0.088867
1 0.659912 0.358398 0.021973 0.142578
1 0.568604 0.369141 0.031738 0.138672
1 0.543945 0.354004 0.019531 0.157227
1 0.523193 0.358887 0.026855 0.147461
1 0.415039 0.351562 0.008789 0.054688
1 0.445801 0.350098 0.013672 0.067383
1 0.367920 0.371582 0.024902 0.127930
1 0.324707 0.357910 0.025391 0.143555
1 0.214600 0.361328 0.038574 0.208984
1 0.027588 0.375977 0.049316 0.294922
1 0.063721 0.370117 0.054199 0.312500
1 0.777344 0.368164 0.041016 0.212891
1 0.740479 0.375488 0.047363 0.206055
1 0.834961 0.365723 0.047852 0.254883
1 0.877930 0.361816 0.045898 0.262695
1 0.616455 0.352539 0.020020 0.083984
1 0.434326 0.349121 0.018066 0.071289
1 0.256348 0.359863 0.035156 0.143555
0 0.243408 0.342773 0.119629 0.175781