1 0.329102 0.371094 0.008789 0.042969
1 0.318604 0.375000 0.005371 0.035156
1 0.024414 0.439453 0.042969 0.470703
1 0.077148 0.453613 0.087891 0.493164
0 0.464355 0.371094 0.015625 0.025391
0 0.472168 0.379395 0.011719 0.022461
0 0.462158 0.378418 0.006348 0.022461
0 0.439941 0.383301 0.044922 0.071289
0 0.401855 0.379395 0.016602 0.028320
0 0.385986 0.382812 0.015137 0.033203
0 0.251953 0.378418 0.036133 0.043945
0 0.213867 0.377930 0.028320 0.039062
0 0.187500 0.375488 0.025391 0.040039
0 0.175049 0.377441 0.016113 0.045898
0 0.153076 0.375977 0.040527 0.052734
0 0.136230 0.379883 0.037109 0.050781
0 0.127197 0.383789 0.028809 0.058594