1 0.764404 0.417480 0.002441 0.010742
1 0.735840 0.424316 0.006836 0.032227
1 0.613525 0.403809 0.006348 0.016602
1 0.467773 0.369629 0.011719 0.016602
1 0.650391 0.422852 0.011719 0.054688
1 0.641357 0.419434 0.010254 0.061523
1 0.270508 0.425293 0.029297 0.172852
0 0.791748 0.428711 0.025879 0.029297
0 0.750488 0.426758 0.030273 0.031250
0 0.715820 0.419434 0.034180 0.041992
0 0.677490 0.417969 0.019043 0.044922
0 0.658203 0.417969 0.038086 0.044922
0 0.628906 0.419434 0.037109 0.041992
0 0.598633 0.414551 0.026367 0.047852
0 0.584717 0.417480 0.047363 0.051758
0 0.469727 0.423340 0.037109 0.094727
0 0.417480 0.423340 0.077148 0.124023
0 0.336182 0.430664 0.113770 0.154297
0 0.194580 0.414062 0.195801 0.259766
0 0.512695 0.435059 0.104492 0.133789
0 0.906006 0.442383 0.042480 0.087891
0 0.930420 0.415527 0.004395 0.024414
0 0.949219 0.450684 0.064453 0.104492
0 0.974609 0.460449 0.045898 0.124023