1 0.521240 0.378906 0.009277 0.033203
1 0.538330 0.382812 0.008301 0.044922
1 0.734131 0.396973 0.011230 0.032227
1 0.770020 0.400391 0.003906 0.011719
1 0.764404 0.399902 0.004395 0.012695
1 0.895020 0.392090 0.021484 0.065430
1 0.714355 0.398438 0.012695 0.064453
1 0.723877 0.392578 0.010254 0.041016
0 0.895996 0.385742 0.027344 0.078125
0 0.357422 0.326172 0.091797 0.123047
0 0.400635 0.421875 0.028809 0.136719
0 0.364258 0.440430 0.086914 0.205078
0 0.291748 0.440918 0.145996 0.352539
0 0.129639 0.510254 0.253418 0.825195