1 0.517578 0.457520 0.003906 0.020508
1 0.528564 0.463379 0.006348 0.041992
1 0.532227 0.465332 0.005859 0.041992
1 0.536621 0.468262 0.006836 0.040039
1 0.549561 0.462402 0.006348 0.047852
1 0.558350 0.453613 0.004395 0.018555
1 0.562744 0.463379 0.007324 0.043945
1 0.557617 0.469238 0.002930 0.030273
1 0.452637 0.466309 0.011719 0.043945
1 0.341553 0.474609 0.012207 0.035156
1 0.346680 0.474609 0.006836 0.035156
1 0.370605 0.471680 0.010742 0.039062
1 0.401855 0.472656 0.005859 0.035156
1 0.381836 0.460449 0.010742 0.018555
1 0.395508 0.472656 0.009766 0.035156
1 0.351562 0.464355 0.005859 0.055664
1 0.363037 0.472656 0.010254 0.048828
1 0.413574 0.467285 0.008789 0.045898
1 0.608398 0.455078 0.014648 0.080078
1 0.627686 0.467773 0.012207 0.039062
1 0.646240 0.451660 0.016113 0.088867
1 0.688477 0.469238 0.006836 0.055664
1 0.679932 0.438965 0.021973 0.125977
1 0.663818 0.445801 0.025879 0.125977
1 0.702637 0.443359 0.024414 0.126953
1 0.754883 0.440430 0.022461 0.164062
1 0.755859 0.450684 0.016602 0.161133
1 0.867432 0.471680 0.056152 0.292969
1 0.829834 0.480469 0.045410 0.285156
0 0.491943 0.464844 0.008301 0.033203
0 0.479980 0.466309 0.027344 0.036133