1 0.005127 0.385742 0.004395 0.031250
1 0.007568 0.391113 0.007324 0.020508
1 0.246094 0.398926 0.024414 0.125977
1 0.418945 0.390137 0.015625 0.063477
1 0.279297 0.401367 0.023438 0.121094
1 0.399658 0.388672 0.016113 0.064453
1 0.481445 0.389160 0.009766 0.055664
1 0.523926 0.391113 0.009766 0.053711
1 0.691162 0.384766 0.008301 0.046875
1 0.716553 0.357910 0.009277 0.024414
1 0.843018 0.322754 0.012207 0.012695
0 0.657471 0.350098 0.028809 0.024414
0 0.659912 0.405762 0.061035 0.090820
0 0.744385 0.411621 0.043457 0.157227
0 0.800293 0.416992 0.135742 0.255859
0 0.845703 0.460938 0.129883 0.292969
0 0.919189 0.535645 0.156738 0.448242