1 0.544434 0.413574 0.006836 0.038086
1 0.564453 0.414062 0.006836 0.042969
1 0.571533 0.415039 0.009277 0.048828
1 0.850830 0.452148 0.041504 0.189453
0 0.482422 0.447754 0.084961 0.137695
0 0.696289 0.479004 0.109375 0.166992
0 0.435547 0.420898 0.003906 0.009766
0 0.427734 0.427246 0.001953 0.000977
0 0.183838 0.426270 0.009277 0.024414
0 0.166992 0.429688 0.028320 0.052734
0 0.148926 0.430664 0.012695 0.048828
0 0.056152 0.402344 0.106445 0.140625
0 0.014160 0.525391 0.022461 0.162109
0 0.428467 0.416016 0.014160 0.019531
0 0.421387 0.422852 0.012695 0.015625
0 0.400391 0.427734 0.011719 0.023438
0 0.392090 0.422363 0.013672 0.038086
0 0.364746 0.422852 0.041016 0.050781
0 0.306641 0.431641 0.088867 0.095703