1 0.100342 0.366211 0.021973 0.082031
1 0.146240 0.340820 0.008301 0.025391
1 0.015869 0.345215 0.014160 0.026367
1 0.544434 0.411133 0.006836 0.029297
1 0.213135 0.339844 0.012207 0.019531
1 0.395752 0.393066 0.010254 0.016602
1 0.385010 0.402832 0.011230 0.049805
1 0.349854 0.383789 0.019043 0.037109
1 0.450439 0.411133 0.008301 0.035156
1 0.552246 0.411133 0.005859 0.033203
1 0.556641 0.406250 0.007812 0.044922
1 0.562256 0.409668 0.009277 0.053711
1 0.573242 0.407227 0.010742 0.060547
1 0.584961 0.409180 0.009766 0.072266
1 0.604492 0.409668 0.040039 0.172852
1 0.630371 0.419922 0.014648 0.087891
1 0.645996 0.404297 0.016602 0.119141
1 0.686768 0.413574 0.030762 0.141602
1 0.733398 0.386230 0.022461 0.100586
1 0.725098 0.390137 0.017578 0.094727
1 0.711914 0.409668 0.028320 0.143555
1 0.751465 0.403809 0.014648 0.069336
0 0.050293 0.404297 0.039062 0.066406
0 0.497070 0.418457 0.091797 0.149414
0 0.317627 0.430664 0.144043 0.238281
0 0.193115 0.498047 0.245605 0.298828
0 0.065918 0.553711 0.125977 0.425781