1 0.035645 0.435059 0.019531 0.043945
1 0.053711 0.452148 0.022461 0.080078
1 0.067383 0.422852 0.023438 0.091797
1 0.021973 0.460938 0.021484 0.103516
1 0.022217 0.463379 0.038574 0.096680
1 0.149170 0.458496 0.013184 0.104492
1 0.175537 0.462402 0.030762 0.118164
1 0.129883 0.451660 0.037109 0.211914
1 0.108643 0.458496 0.046387 0.208008
1 0.562500 0.376953 0.004883 0.021484
1 0.553711 0.378418 0.003906 0.016602
1 0.556152 0.400391 0.005859 0.039062
1 0.559570 0.401855 0.008789 0.041992
1 0.580078 0.407227 0.007812 0.060547
1 0.591797 0.388184 0.003906 0.012695
1 0.605225 0.400391 0.012207 0.062500
1 0.596436 0.415527 0.012207 0.059570
1 0.586670 0.411621 0.014160 0.067383
1 0.569092 0.408691 0.015137 0.081055
1 0.547119 0.424805 0.020020 0.111328
1 0.618408 0.400879 0.006348 0.045898
1 0.623535 0.406250 0.009766 0.072266
1 0.629150 0.422852 0.017090 0.087891
1 0.899170 0.439941 0.045410 0.120117
0 0.295898 0.475586 0.233398 0.234375
0 0.496582 0.411621 0.016602 0.057617
0 0.471436 0.414551 0.045410 0.067383
0 0.537598 0.385742 0.009766 0.027344
0 0.529785 0.391113 0.020508 0.030273