1 0.509277 0.362305 0.003906 0.019531
1 0.520264 0.362305 0.003418 0.017578
0 0.497559 0.355957 0.007812 0.016602
0 0.492432 0.358398 0.005371 0.015625
0 0.487061 0.360352 0.012207 0.013672
0 0.489258 0.367188 0.006836 0.021484
0 0.482178 0.369141 0.014160 0.025391
0 0.523438 0.369141 0.008789 0.021484
0 0.527100 0.371582 0.006348 0.028320
0 0.538818 0.373535 0.020020 0.041992
0 0.541992 0.380371 0.022461 0.041992
0 0.546875 0.390137 0.023438 0.047852
0 0.571045 0.391113 0.039551 0.065430
0 0.558350 0.405273 0.012207 0.062500
0 0.574219 0.402344 0.032227 0.074219
0 0.576416 0.404785 0.020996 0.075195
0 0.581299 0.409668 0.018066 0.084961
0 0.589111 0.408691 0.021973 0.106445
0 0.627686 0.405762 0.076660 0.165039
0 0.638672 0.440918 0.040039 0.157227
0 0.700195 0.435059 0.116211 0.272461
0 0.850342 0.439453 0.275879 0.427734
0 0.892090 0.574707 0.210938 0.608398