1 0.463623 0.355469 0.003418 0.021484
1 0.459229 0.355957 0.003418 0.022461
1 0.399170 0.367188 0.010254 0.017578
1 0.452637 0.392090 0.016602 0.063477
1 0.540283 0.365723 0.008301 0.034180
1 0.597900 0.374512 0.012207 0.051758
1 0.655762 0.418457 0.021484 0.081055
1 0.637451 0.401367 0.022949 0.126953
1 0.619629 0.409668 0.027344 0.137695
1 0.617432 0.353516 0.017090 0.044922
1 0.552246 0.362305 0.007812 0.019531
0 0.525391 0.353516 0.018555 0.023438
0 0.431396 0.407715 0.021973 0.063477
0 0.509277 0.375000 0.022461 0.037109
0 0.512695 0.379883 0.023438 0.041016
0 0.568848 0.398926 0.038086 0.067383
0 0.557617 0.411133 0.047852 0.078125
0 0.365479 0.428223 0.069824 0.124023
0 0.326416 0.449219 0.097168 0.146484
0 0.223389 0.469238 0.172363 0.262695