1 0.594482 0.394043 0.011230 0.032227
0 0.588379 0.403320 0.008789 0.015625
0 0.576660 0.396484 0.015625 0.015625
0 0.555664 0.412109 0.003906 0.021484
0 0.546143 0.408203 0.016113 0.033203
0 0.558105 0.416016 0.007812 0.039062
0 0.560547 0.415527 0.008789 0.040039
0 0.573486 0.416992 0.026855 0.042969
0 0.536133 0.416016 0.008789 0.013672
0 0.601318 0.428711 0.032715 0.080078
0 0.631836 0.425293 0.056641 0.090820
0 0.639648 0.444336 0.063477 0.123047
0 0.679688 0.456055 0.059570 0.167969
0 0.736328 0.478027 0.129883 0.223633
0 0.865234 0.534668 0.264648 0.350586
0 0.476318 0.428223 0.017090 0.059570
0 0.468506 0.427246 0.019043 0.067383
0 0.460449 0.432617 0.026367 0.082031
0 0.433838 0.431152 0.048340 0.106445
0 0.430176 0.446289 0.032227 0.101562
0 0.402100 0.440918 0.055176 0.143555
0 0.355957 0.451660 0.097656 0.170898
0 0.305664 0.485352 0.104492 0.214844
0 0.152832 0.499512 0.299805 0.391602
0 0.046875 0.654785 0.087891 0.356445