1 0.504883 0.404785 0.004883 0.024414
1 0.510498 0.406738 0.008301 0.028320
1 0.558350 0.405762 0.002441 0.036133
1 0.565918 0.404785 0.004883 0.040039
1 0.595215 0.408691 0.011719 0.053711
1 0.615967 0.390625 0.007324 0.025391
1 0.664795 0.362793 0.009277 0.020508
1 0.736084 0.399414 0.026855 0.125000
1 0.379639 0.414062 0.005371 0.035156
1 0.296143 0.435059 0.013184 0.028320
1 0.278564 0.434082 0.013184 0.063477
1 0.265381 0.435547 0.009277 0.064453
0 0.474121 0.405273 0.016602 0.021484
0 0.551514 0.405762 0.012207 0.016602
0 0.668945 0.441895 0.107422 0.143555
0 0.112305 0.428223 0.017578 0.014648