1 0.124268 0.358887 0.004395 0.010742
1 0.079834 0.350098 0.005371 0.024414
1 0.084717 0.353027 0.007324 0.018555
1 0.115723 0.355469 0.005859 0.017578
1 0.193115 0.361328 0.004395 0.013672
1 0.093018 0.350586 0.007324 0.013672
1 0.502930 0.378418 0.005859 0.041992
1 0.500488 0.379883 0.008789 0.042969
1 0.395752 0.399902 0.019043 0.133789
1 0.413330 0.398438 0.024902 0.148438
1 0.284668 0.361328 0.005859 0.013672
1 0.756348 0.411133 0.023438 0.140625
1 0.733887 0.416504 0.030273 0.139648
0 0.578857 0.395996 0.018066 0.040039
0 0.643555 0.383789 0.127930 0.253906