0 0.593506 0.385254 0.092285 0.100586
0 0.604004 0.403320 0.063477 0.052734
0 0.431152 0.409668 0.018555 0.018555
0 0.449951 0.408203 0.027832 0.027344
0 0.388916 0.414551 0.024902 0.030273
0 0.514648 0.418945 0.066406 0.080078
0 0.255615 0.422852 0.010254 0.019531
0 0.702148 0.466797 0.174805 0.248047
0 0.316895 0.411621 0.033203 0.061523
0 0.338623 0.422852 0.020020 0.041016
0 0.359619 0.420410 0.039551 0.047852
0 0.206543 0.428223 0.015625 0.024414
0 0.214844 0.437012 0.017578 0.038086
0 0.229248 0.438477 0.028809 0.044922