1 0.148926 0.392578 0.011719 0.048828
1 0.281982 0.388184 0.010254 0.083008
1 0.247070 0.405762 0.010742 0.067383
1 0.228760 0.417969 0.039551 0.150391
1 0.337402 0.379883 0.022461 0.082031
1 0.330811 0.438477 0.062012 0.212891
1 0.473145 0.422852 0.024414 0.146484
1 0.492676 0.430176 0.029297 0.165039
1 0.543701 0.416016 0.028809 0.128906
1 0.526855 0.415039 0.034180 0.138672
1 0.652588 0.421875 0.023926 0.132812
1 0.584229 0.437012 0.029785 0.120117
1 0.621094 0.412109 0.045898 0.167969
1 0.769287 0.412598 0.032715 0.270508
1 0.824219 0.410645 0.083008 0.266602
1 0.980225 0.446777 0.034668 0.524414
0 0.097656 0.410156 0.039062 0.087891
0 0.176025 0.401367 0.035645 0.048828