1 0.481689 0.341309 0.002441 0.018555
1 0.479736 0.344727 0.005371 0.023438
1 0.486816 0.344238 0.004883 0.028320
1 0.492920 0.344727 0.004395 0.017578
1 0.504395 0.344727 0.004883 0.019531
1 0.534668 0.341797 0.004883 0.025391
1 0.539062 0.344727 0.004883 0.029297
1 0.543945 0.348633 0.006836 0.035156
1 0.547119 0.341309 0.004395 0.024414
1 0.551514 0.345703 0.008301 0.039062
1 0.558350 0.342285 0.005371 0.028320
1 0.563232 0.347656 0.005371 0.033203
1 0.568115 0.353516 0.010254 0.046875
1 0.583496 0.351074 0.009766 0.051758
1 0.645996 0.355469 0.017578 0.078125
1 0.632812 0.358398 0.016602 0.060547
1 0.637695 0.415527 0.033203 0.086914
1 0.778564 0.361816 0.004395 0.055664
1 0.757080 0.431641 0.046387 0.257812
1 0.446533 0.328613 0.004395 0.008789
1 0.420410 0.333984 0.005859 0.015625
1 0.436768 0.330566 0.005371 0.008789
1 0.415527 0.334961 0.006836 0.013672
1 0.427246 0.332031 0.007812 0.021484
1 0.345459 0.334473 0.015137 0.030273
1 0.363525 0.330566 0.017090 0.032227
1 0.010010 0.370605 0.009277 0.045898
1 0.081055 0.402832 0.012695 0.088867
1 0.106445 0.384277 0.009766 0.045898
1 0.091797 0.383789 0.028320 0.123047
1 0.152588 0.353516 0.027832 0.093750
1 0.193848 0.333496 0.010742 0.018555
1 0.239746 0.332520 0.007812 0.012695
1 0.498779 0.354980 0.012207 0.047852
0 0.457275 0.331055 0.012207 0.013672
0 0.466553 0.361328 0.015137 0.048828
0 0.323975 0.349121 0.028809 0.014648
0 0.447998 0.366211 0.034668 0.066406
0 0.443359 0.374023 0.031250 0.064453
0 0.439697 0.382812 0.021973 0.072266
0 0.438477 0.389160 0.018555 0.079102
0 0.413086 0.391602 0.054688 0.103516
0 0.405762 0.402344 0.049805 0.113281
0 0.375977 0.406738 0.086914 0.122070
0 0.368164 0.431641 0.088867 0.162109
0 0.322754 0.442871 0.074219 0.186523
0 0.227295 0.489258 0.212402 0.302734