1 0.255371 0.384277 0.013672 0.051758
1 0.264404 0.386230 0.007324 0.057617
1 0.699707 0.413086 0.021484 0.113281
0 0.004150 0.371582 0.002441 0.026367
0 0.029785 0.373047 0.021484 0.033203
0 0.049316 0.374512 0.006836 0.028320
0 0.141602 0.383789 0.013672 0.029297
0 0.175537 0.385742 0.019043 0.031250
0 0.278809 0.392578 0.005859 0.027344
0 0.298828 0.393066 0.012695 0.024414
0 0.311523 0.396973 0.020508 0.026367
0 0.363525 0.402832 0.013184 0.030273
0 0.341064 0.400879 0.032715 0.040039
0 0.400879 0.400879 0.009766 0.024414
0 0.380615 0.402344 0.033691 0.044922
0 0.242432 0.390137 0.015137 0.024414
0 0.208496 0.389648 0.056641 0.068359