1 0.283691 0.412109 0.008789 0.031250
1 0.268311 0.412598 0.009277 0.045898
1 0.274658 0.433594 0.017090 0.033203
1 0.257324 0.407227 0.010742 0.044922
1 0.090820 0.368652 0.013672 0.026367
1 0.069580 0.379883 0.018066 0.041016
0 0.404541 0.402832 0.011230 0.018555
0 0.404541 0.411621 0.009277 0.032227
0 0.407959 0.411133 0.009277 0.037109
0 0.349609 0.412598 0.010742 0.024414
0 0.358887 0.410645 0.011719 0.051758
0 0.311035 0.395508 0.015625 0.009766
0 0.317627 0.426270 0.041504 0.065430
0 0.165771 0.485352 0.205566 0.339844
0 0.072021 0.548340 0.138184 0.428711
0 0.381348 0.412598 0.038086 0.077148
0 0.426514 0.408203 0.014160 0.042969
0 0.428223 0.412109 0.016602 0.039062
0 0.442383 0.411621 0.021484 0.043945
0 0.446289 0.414551 0.011719 0.041992
0 0.477051 0.418457 0.059570 0.098633
0 0.573975 0.421875 0.055176 0.115234
0 0.609131 0.416504 0.067871 0.168945
0 0.664062 0.427734 0.098633 0.218750
0 0.977539 0.708984 0.040039 0.355469