1 0.336914 0.395996 0.005859 0.024414
1 0.527588 0.374023 0.004395 0.017578
1 0.520508 0.377930 0.003906 0.019531
1 0.515381 0.371582 0.003418 0.008789
1 0.489990 0.382812 0.006348 0.029297
1 0.484131 0.384766 0.006348 0.027344
1 0.556641 0.386719 0.005859 0.027344
1 0.563721 0.384277 0.005371 0.022461
1 0.576904 0.391113 0.003418 0.020508
1 0.580078 0.389160 0.002930 0.024414
1 0.591064 0.410645 0.006348 0.041992
1 0.600586 0.410645 0.008789 0.041992
1 0.594238 0.427246 0.009766 0.065430
1 0.605713 0.435059 0.012207 0.043945
1 0.567871 0.427246 0.028320 0.096680
1 0.634766 0.423828 0.009766 0.017578
1 0.662598 0.431152 0.006836 0.028320
1 0.670410 0.434082 0.009766 0.075195
1 0.753662 0.431641 0.003418 0.011719
1 0.725342 0.437012 0.018066 0.086914
1 0.833496 0.432129 0.010742 0.016602
1 0.761719 0.441406 0.014648 0.078125
1 0.787598 0.441895 0.025391 0.118164
1 0.857178 0.443848 0.008301 0.067383
1 0.811523 0.447266 0.022461 0.115234
1 0.847412 0.451172 0.019043 0.117188
1 0.932129 0.462402 0.034180 0.196289
1 0.987305 0.488281 0.020508 0.156250
1 0.516602 0.428223 0.026367 0.088867
1 0.486328 0.426758 0.021484 0.091797
1 0.380615 0.416504 0.010254 0.051758
1 0.398193 0.415039 0.007324 0.060547
1 0.387207 0.415527 0.008789 0.059570
1 0.263672 0.416504 0.018555 0.112305
1 0.301514 0.415527 0.021973 0.135742
1 0.274658 0.418945 0.037598 0.138672
1 0.447998 0.434570 0.031738 0.078125
1 0.320068 0.424316 0.020020 0.124023
0 0.508789 0.393555 0.009766 0.025391
0 0.503906 0.397461 0.013672 0.031250
0 0.501221 0.397461 0.014160 0.019531
0 0.500000 0.400879 0.016602 0.020508
0 0.498047 0.400879 0.015625 0.012695
0 0.501465 0.421387 0.014648 0.038086
0 0.478516 0.421875 0.007812 0.039062
0 0.489746 0.424316 0.027344 0.041992
0 0.301514 0.418457 0.029785 0.047852