1 0.543457 0.436523 0.006836 0.023438
1 0.555420 0.428223 0.012207 0.057617
1 0.521484 0.430664 0.005859 0.033203
1 0.572021 0.423828 0.008301 0.056641
1 0.566162 0.425781 0.012207 0.064453
1 0.358398 0.407715 0.008789 0.024414
1 0.364746 0.405762 0.008789 0.030273
1 0.387939 0.407715 0.010254 0.034180
1 0.400635 0.414062 0.008301 0.027344
1 0.452148 0.417480 0.008789 0.051758
1 0.784180 0.444824 0.014648 0.139648
1 0.831543 0.465332 0.032227 0.110352
1 0.127197 0.416016 0.034668 0.310547
1 0.058594 0.540039 0.012695 0.058594
1 0.110352 0.487305 0.042969 0.425781
1 0.213379 0.439941 0.037109 0.284180
1 0.247559 0.441895 0.074219 0.334961
1 0.176270 0.458984 0.060547 0.316406
1 0.086182 0.492676 0.058105 0.598633
0 0.484131 0.423828 0.063965 0.066406
0 0.610596 0.434570 0.045410 0.082031
0 0.697998 0.463867 0.169434 0.343750