1 0.814453 0.414551 0.014648 0.071289
1 0.793945 0.401367 0.015625 0.048828
1 0.718018 0.377930 0.017090 0.064453
1 0.706787 0.413574 0.020020 0.147461
1 0.611328 0.412109 0.008789 0.052734
1 0.606445 0.412109 0.010742 0.054688
1 0.093262 0.425781 0.024414 0.130859
1 0.486328 0.434082 0.021484 0.125977
1 0.473633 0.431152 0.021484 0.131836
1 0.319580 0.430664 0.030762 0.177734
1 0.276611 0.424316 0.029785 0.211914
0 0.527832 0.415527 0.057617 0.055664
0 0.481934 0.417480 0.041016 0.047852
0 0.437744 0.418945 0.054199 0.052734
0 0.363770 0.421875 0.025391 0.062500
0 0.270508 0.424316 0.056641 0.071289
0 0.198242 0.426270 0.096680 0.081055
0 0.117432 0.426758 0.068848 0.095703