1 0.716797 0.384277 0.017578 0.051758
1 0.739502 0.367188 0.008301 0.013672
1 0.494629 0.395996 0.003906 0.024414
1 0.500732 0.396484 0.001465 0.023438
1 0.483154 0.408203 0.006348 0.037109
1 0.477051 0.409668 0.006836 0.034180
1 0.461426 0.411621 0.007812 0.040039
1 0.430908 0.408691 0.006348 0.036133
1 0.386475 0.414551 0.011230 0.065430
1 0.466553 0.407715 0.003418 0.026367
1 0.430664 0.410156 0.005859 0.035156
0 0.568848 0.410156 0.033203 0.058594
0 0.541016 0.426270 0.045898 0.071289
0 0.598389 0.405273 0.008301 0.023438
0 0.598877 0.429199 0.009277 0.055664
0 0.624023 0.418457 0.047852 0.096680
0 0.633545 0.431152 0.027832 0.090820
0 0.670654 0.429199 0.074707 0.112305
0 0.768799 0.471191 0.167480 0.202148
0 0.920898 0.495117 0.153320 0.574219