0 0.846680 0.399414 0.010742 0.021484
0 0.867188 0.400391 0.012695 0.037109
0 0.880615 0.400879 0.029785 0.045898
0 0.902344 0.404785 0.026367 0.069336
0 0.912842 0.407715 0.032715 0.071289
0 0.928223 0.416016 0.036133 0.076172
0 0.960693 0.417480 0.062012 0.094727
0 0.972168 0.428711 0.050781 0.099609
0 0.754395 0.396973 0.016602 0.036133
0 0.753418 0.398926 0.012695 0.032227
0 0.739746 0.399902 0.022461 0.038086
0 0.719482 0.407227 0.016113 0.048828
0 0.714111 0.407227 0.022949 0.046875
0 0.705566 0.413086 0.016602 0.050781
0 0.687256 0.413574 0.032715 0.057617
0 0.641846 0.421875 0.029785 0.080078
0 0.619141 0.426758 0.035156 0.091797
0 0.589844 0.433594 0.058594 0.105469
0 0.543945 0.442871 0.083008 0.133789
0 0.454102 0.463867 0.148438 0.171875