1 0.667480 0.387695 0.013672 0.029297
1 0.632812 0.370117 0.006836 0.068359
1 0.616699 0.368164 0.006836 0.054688
1 0.636475 0.370605 0.012207 0.067383
1 0.643311 0.367188 0.010254 0.078125
1 0.622803 0.368164 0.016113 0.076172
1 0.647949 0.360840 0.010742 0.088867
1 0.687744 0.365234 0.006348 0.070312
1 0.658691 0.343750 0.003906 0.042969
1 0.666748 0.358398 0.015137 0.095703
1 0.679443 0.356934 0.015137 0.098633
1 0.693359 0.363770 0.006836 0.065430
1 0.698975 0.359375 0.014160 0.066406
1 0.607422 0.374023 0.011719 0.066406
1 0.588379 0.373535 0.009766 0.067383
1 0.595947 0.371582 0.011230 0.073242
1 0.575439 0.374512 0.007324 0.067383
1 0.581055 0.375000 0.013672 0.064453
1 0.554688 0.392090 0.008789 0.040039
1 0.568848 0.370605 0.013672 0.077148
1 0.559082 0.370605 0.015625 0.079102
1 0.534180 0.376465 0.013672 0.073242
1 0.537109 0.372559 0.009766 0.081055
1 0.546387 0.370605 0.017578 0.088867
1 0.518066 0.373535 0.015625 0.081055
1 0.232422 0.369629 0.011719 0.030273
1 0.404053 0.391113 0.015137 0.088867
1 0.426758 0.386719 0.029297 0.093750
0 0.333496 0.430176 0.144531 0.213867
0 0.149658 0.491699 0.241699 0.239258
0 0.029297 0.574219 0.052734 0.187500