0 0.267090 0.376953 0.015625 0.021484
0 0.290771 0.380371 0.012207 0.022461
0 0.300537 0.382324 0.014160 0.026367
0 0.312012 0.390625 0.021484 0.035156
0 0.366455 0.375977 0.011230 0.011719
0 0.376221 0.375977 0.017090 0.009766
0 0.411621 0.389648 0.023438 0.037109
0 0.431641 0.389648 0.032227 0.044922
0 0.456787 0.385254 0.035645 0.034180
0 0.490479 0.395020 0.031738 0.047852
0 0.517822 0.395508 0.042480 0.052734
0 0.535400 0.419922 0.017090 0.085938
0 0.559326 0.376953 0.033691 0.015625
0 0.539795 0.436523 0.029785 0.105469
0 0.388672 0.392090 0.026367 0.040039
0 0.368408 0.408203 0.037598 0.056641
0 0.452637 0.430664 0.059570 0.072266
0 0.551514 0.443848 0.030762 0.125977
0 0.573242 0.450195 0.052734 0.164062
0 0.644287 0.448730 0.139160 0.249023
0 0.723145 0.497070 0.153320 0.294922
0 0.882324 0.452148 0.230469 0.673828