1 0.656250 0.402832 0.005859 0.020508
1 0.645996 0.390137 0.005859 0.010742
1 0.630127 0.394043 0.008301 0.016602
1 0.618408 0.394043 0.012207 0.026367
1 0.822510 0.469238 0.039551 0.219727
1 0.864258 0.475098 0.035156 0.198242
1 0.723633 0.461426 0.041016 0.188477
1 0.755127 0.465332 0.026855 0.192383
0 0.667236 0.413574 0.021973 0.043945
0 0.644287 0.422363 0.029785 0.053711
0 0.631836 0.427246 0.030273 0.049805
0 0.598389 0.432617 0.046387 0.062500
0 0.479980 0.450684 0.123047 0.170898
0 0.261475 0.459961 0.185059 0.203125
0 0.800781 0.419434 0.020508 0.028320