1 0.551270 0.400879 0.008789 0.059570
1 0.545166 0.405273 0.015137 0.054688
1 0.557617 0.404785 0.012695 0.063477
1 0.583740 0.411133 0.014160 0.099609
1 0.609619 0.404785 0.017090 0.120117
1 0.595703 0.416992 0.033203 0.140625
1 0.629883 0.408203 0.030273 0.152344
1 0.250244 0.459961 0.043457 0.238281
1 0.565430 0.404785 0.011719 0.061523
0 0.481689 0.407715 0.020996 0.034180
0 0.481201 0.412598 0.015137 0.040039
0 0.468994 0.414062 0.026855 0.042969
0 0.400391 0.427246 0.090820 0.172852
0 0.365479 0.461914 0.122559 0.189453
0 0.508789 0.415527 0.039062 0.065430
0 0.081299 0.642578 0.156738 0.623047