1 0.677734 0.387207 0.006836 0.030273
0 0.368652 0.462402 0.116211 0.213867
0 0.219971 0.496094 0.274902 0.359375
0 0.073486 0.556641 0.141113 0.628906
0 0.574219 0.393066 0.020508 0.030273
0 0.569580 0.395996 0.018066 0.034180
0 0.553955 0.398926 0.020020 0.032227
0 0.545898 0.407227 0.004883 0.035156
0 0.530273 0.400879 0.030273 0.059570
0 0.521973 0.409180 0.031250 0.060547
0 0.519531 0.414551 0.023438 0.067383
0 0.517090 0.420410 0.015625 0.069336
0 0.488525 0.418457 0.058105 0.088867
0 0.687744 0.370605 0.006348 0.012695
0 0.676025 0.373535 0.008301 0.010742