1 0.299805 0.406250 0.015625 0.136719
1 0.312988 0.409668 0.030273 0.131836
1 0.363525 0.413086 0.031738 0.158203
1 0.474365 0.406250 0.012207 0.066406
1 0.478516 0.409668 0.011719 0.059570
1 0.537109 0.407227 0.002930 0.035156
1 0.539551 0.409180 0.003906 0.037109
1 0.494873 0.402832 0.010254 0.061523
1 0.504883 0.407227 0.006836 0.044922
1 0.515869 0.407227 0.006348 0.048828
1 0.510010 0.406250 0.012207 0.050781
1 0.527588 0.406738 0.006348 0.041992
1 0.522949 0.408691 0.006836 0.041992
1 0.532227 0.406738 0.012695 0.045898
1 0.542969 0.408203 0.005859 0.041016
1 0.545654 0.411621 0.005371 0.032227
0 0.281738 0.417969 0.029297 0.080078
0 0.421387 0.429688 0.080078 0.097656