0 0.468506 0.398926 0.007324 0.022461
0 0.459229 0.399414 0.019043 0.029297
0 0.452393 0.403809 0.011230 0.028320
0 0.445068 0.405762 0.011230 0.030273
0 0.436279 0.406738 0.016113 0.038086
0 0.419678 0.409180 0.025879 0.048828
0 0.533203 0.394531 0.011719 0.029297
0 0.533936 0.397461 0.008301 0.029297
0 0.548584 0.397461 0.027832 0.046875
0 0.576172 0.419434 0.029297 0.081055
0 0.606934 0.421875 0.045898 0.115234
0 0.609619 0.440430 0.031738 0.123047
0 0.674805 0.433594 0.125000 0.201172
0 0.779785 0.485840 0.198242 0.260742
0 0.308350 0.437988 0.066895 0.108398
0 0.231934 0.458008 0.106445 0.148438
0 0.063232 0.492188 0.120605 0.322266
0 0.509521 0.393555 0.010254 0.003906