1 0.515381 0.407715 0.003418 0.038086
1 0.463379 0.406738 0.010742 0.038086
1 0.498291 0.409180 0.008301 0.041016
1 0.521729 0.407227 0.005371 0.029297
1 0.540283 0.408691 0.008301 0.047852
1 0.566406 0.415039 0.005859 0.048828
1 0.546875 0.410645 0.010742 0.057617
1 0.559570 0.410645 0.010742 0.065430
1 0.568604 0.411621 0.007324 0.059570
1 0.575439 0.411133 0.013184 0.066406
1 0.624268 0.409668 0.008301 0.086914
1 0.630127 0.414551 0.012207 0.106445
1 0.640137 0.411133 0.015625 0.123047
1 0.657715 0.405273 0.033203 0.142578
1 0.676758 0.458496 0.010742 0.018555
1 0.708252 0.408691 0.021973 0.143555
1 0.687012 0.426270 0.029297 0.137695
1 0.803955 0.380859 0.012207 0.078125
1 0.763428 0.378906 0.020020 0.064453
1 0.785156 0.375000 0.031250 0.111328
1 0.814453 0.408203 0.025391 0.160156
1 0.832275 0.428223 0.019043 0.114258
1 0.918701 0.428711 0.035645 0.109375
1 0.444336 0.409668 0.007812 0.030273
1 0.437988 0.408203 0.005859 0.041016
1 0.429443 0.411621 0.005371 0.032227
1 0.432617 0.405273 0.007812 0.046875
1 0.397705 0.404297 0.007324 0.021484
1 0.394287 0.410156 0.007324 0.029297
1 0.387939 0.413574 0.009277 0.024414
1 0.360840 0.429199 0.028320 0.065430
1 0.201904 0.416016 0.015137 0.078125
1 0.211426 0.439941 0.012695 0.038086
1 0.253906 0.376953 0.005859 0.015625
1 0.250244 0.419922 0.011230 0.080078
1 0.240723 0.408691 0.015625 0.133789
1 0.259033 0.432617 0.014160 0.117188
1 0.221191 0.408691 0.033203 0.168945
1 0.272461 0.414551 0.035156 0.202148
1 0.307373 0.421387 0.039551 0.202148
1 0.615967 0.408203 0.020996 0.128906
1 0.595459 0.424805 0.017090 0.128906
1 0.595947 0.417480 0.023926 0.143555