1 0.610596 0.328613 0.006348 0.020508
1 0.346680 0.347656 0.010742 0.035156
1 0.307373 0.353516 0.016113 0.033203
1 0.369873 0.351562 0.009277 0.029297
1 0.339111 0.349121 0.009277 0.028320
1 0.295166 0.358887 0.011230 0.043945
1 0.285645 0.367188 0.012695 0.046875
1 0.361084 0.344727 0.008301 0.041016
1 0.105713 0.435059 0.024902 0.204102
1 0.028564 0.390625 0.015137 0.037109
1 0.017578 0.399902 0.009766 0.051758
1 0.010254 0.437012 0.014648 0.153320
1 0.050781 0.411133 0.032227 0.175781
1 0.087646 0.438477 0.039551 0.220703
1 0.174805 0.473633 0.069336 0.287109
1 0.239746 0.458496 0.052734 0.344727
1 0.575928 0.335449 0.007324 0.034180
1 0.564453 0.339355 0.006836 0.030273
1 0.585693 0.363281 0.007324 0.080078
1 0.606201 0.333984 0.006348 0.021484
1 0.611328 0.351074 0.006836 0.030273
1 0.604736 0.350098 0.011230 0.055664
1 0.619629 0.354980 0.012695 0.065430
1 0.624756 0.356445 0.004395 0.042969
1 0.629395 0.365234 0.012695 0.083984
1 0.769287 0.390137 0.026855 0.145508
1 0.590332 0.376953 0.018555 0.117188
0 0.482910 0.346680 0.011719 0.013672
0 0.467041 0.353516 0.028809 0.037109
0 0.460938 0.370117 0.026367 0.054688
0 0.458252 0.378418 0.020020 0.061523
0 0.457764 0.384277 0.015137 0.067383
0 0.440674 0.387207 0.038574 0.083008
0 0.423340 0.393555 0.041992 0.085938
0 0.425781 0.404785 0.033203 0.096680
0 0.400635 0.415527 0.064941 0.118164
0 0.378174 0.426270 0.047363 0.122070
0 0.510498 0.334473 0.014160 0.012695
0 0.331055 0.447754 0.115234 0.172852
0 0.509277 0.404297 0.078125 0.126953
0 0.519043 0.330078 0.005859 0.013672