1 0.263672 0.440430 0.016602 0.044922
1 0.286865 0.449219 0.021973 0.058594
1 0.641846 0.425293 0.006348 0.043945
1 0.654541 0.414551 0.006348 0.061523
1 0.647217 0.408203 0.018066 0.085938
1 0.722412 0.428223 0.022949 0.204102
1 0.754150 0.460938 0.011230 0.138672
1 0.738525 0.426758 0.024902 0.224609
1 0.801270 0.430664 0.024414 0.189453
0 0.659424 0.393066 0.011230 0.020508
0 0.634033 0.407227 0.013184 0.039062
0 0.620117 0.409180 0.024414 0.041016
0 0.595215 0.412598 0.037109 0.045898
0 0.567139 0.414062 0.036621 0.048828
0 0.534912 0.418457 0.046387 0.051758
0 0.360352 0.430176 0.093750 0.114258
0 0.153076 0.458496 0.150879 0.243164
0 0.060791 0.446289 0.115723 0.355469