1 0.087646 0.378418 0.041504 0.262695
1 0.062744 0.397461 0.045410 0.248047
1 0.026611 0.381836 0.047363 0.291016
1 0.139404 0.395508 0.031738 0.230469
0 0.791992 0.356445 0.151367 0.107422
0 0.279541 0.353516 0.003418 0.015625
0 0.271240 0.363281 0.020020 0.035156
0 0.194824 0.363281 0.018555 0.029297
0 0.270996 0.366699 0.018555 0.034180
0 0.258789 0.368164 0.017578 0.046875
0 0.237549 0.370605 0.033691 0.049805
0 0.162598 0.366699 0.018555 0.032227
0 0.120605 0.372559 0.012695 0.038086
0 0.102295 0.374023 0.014160 0.039062
0 0.185303 0.365234 0.012207 0.025391
0 0.281250 0.373047 0.000977 0.015625