1 0.065674 0.395508 0.020020 0.083984
1 0.044434 0.425293 0.041016 0.217773
1 0.126465 0.417969 0.038086 0.082031
1 0.133057 0.416992 0.043457 0.082031
1 0.133789 0.421875 0.025391 0.083984
1 0.137207 0.438477 0.057617 0.123047
1 0.180908 0.406250 0.039551 0.216797
1 0.287354 0.410156 0.033691 0.205078
1 0.253174 0.410645 0.039551 0.221680
1 0.365723 0.422363 0.042969 0.223633
1 0.841064 0.361328 0.032715 0.058594
1 0.805664 0.400391 0.024414 0.158203
1 0.844971 0.398438 0.041504 0.187500
1 0.881836 0.389160 0.038086 0.190430
1 0.965088 0.399414 0.027832 0.156250
1 0.402832 0.427246 0.041016 0.213867