1 0.474854 0.409668 0.007324 0.041992
0 0.524170 0.410645 0.019043 0.030273
0 0.530029 0.410645 0.020020 0.030273
0 0.554932 0.405273 0.020996 0.037109
0 0.570068 0.408203 0.017090 0.048828
0 0.591553 0.415527 0.042480 0.069336
0 0.243652 0.401855 0.010742 0.016602
0 0.030029 0.416016 0.014160 0.011719
0 0.468506 0.409180 0.009277 0.039062
0 0.465576 0.419922 0.006348 0.017578
0 0.445801 0.412109 0.037109 0.042969
0 0.434326 0.414062 0.031738 0.041016
0 0.388428 0.419434 0.024902 0.049805
0 0.370361 0.428711 0.049316 0.072266
0 0.373291 0.441895 0.035645 0.059570
0 0.330078 0.419434 0.059570 0.051758
0 0.279541 0.439453 0.087402 0.087891
0 0.239990 0.462891 0.097168 0.144531
0 0.119629 0.445312 0.178711 0.257812
0 0.062256 0.522949 0.118652 0.245117