1 0.448242 0.369141 0.005859 0.013672
1 0.469971 0.378418 0.004395 0.020508
1 0.430420 0.369629 0.006348 0.010742
1 0.417725 0.375488 0.007324 0.014648
1 0.555908 0.368164 0.007324 0.017578
1 0.568604 0.370605 0.014160 0.040039
1 0.581787 0.380371 0.011230 0.065430
1 0.590820 0.383301 0.013672 0.067383
1 0.225342 0.409668 0.011230 0.024414
1 0.352051 0.408691 0.014648 0.104492
1 0.480713 0.381836 0.004395 0.031250
0 0.507812 0.375000 0.011719 0.019531
0 0.494629 0.379883 0.015625 0.029297
0 0.507568 0.379395 0.009277 0.022461
0 0.498291 0.382324 0.017090 0.028320
0 0.459961 0.391602 0.022461 0.041016
0 0.460205 0.394043 0.016113 0.040039
0 0.455078 0.404297 0.015625 0.056641
0 0.437988 0.405762 0.032227 0.065430
0 0.437744 0.412598 0.025879 0.061523
0 0.420166 0.420898 0.052246 0.076172
0 0.517334 0.389648 0.010254 0.044922
0 0.522461 0.398438 0.012695 0.052734
0 0.532959 0.403809 0.031738 0.065430
0 0.546143 0.407715 0.037598 0.067383
0 0.709229 0.462891 0.108887 0.189453
0 0.842773 0.486328 0.231445 0.283203
0 0.970215 0.664062 0.054688 0.380859
0 0.286865 0.481445 0.140137 0.197266
0 0.131592 0.527832 0.257324 0.276367