1 0.436523 0.364258 0.013672 0.019531
1 0.527832 0.357910 0.006836 0.028320
1 0.491699 0.363770 0.005859 0.026367
1 0.569336 0.354980 0.004883 0.026367
1 0.582031 0.357422 0.007812 0.023438
1 0.587646 0.354492 0.007324 0.013672
1 0.656982 0.350586 0.015137 0.027344
1 0.519043 0.378418 0.010742 0.047852
0 0.443848 0.421387 0.036133 0.094727
0 0.564697 0.358398 0.012207 0.021484
0 0.550049 0.386719 0.033691 0.050781
0 0.596436 0.396484 0.055176 0.074219
0 0.632568 0.430664 0.067871 0.136719
0 0.717529 0.463379 0.175293 0.219727
0 0.260742 0.479492 0.203125 0.279297
0 0.120361 0.611328 0.234863 0.548828