1 0.687500 0.472168 0.006836 0.022461
1 0.705811 0.472168 0.006348 0.016602
1 0.699463 0.470703 0.009277 0.021484
1 0.568848 0.505371 0.007812 0.040039
1 0.429688 0.531738 0.070312 0.231445
0 0.536377 0.500488 0.010254 0.014648
0 0.476318 0.524902 0.012207 0.051758
0 0.457031 0.522949 0.038086 0.067383
0 0.446777 0.532227 0.029297 0.062500
0 0.436035 0.534180 0.012695 0.068359
0 0.395508 0.540039 0.030273 0.083984
0 0.367676 0.543945 0.050781 0.093750
0 0.319824 0.548828 0.071289 0.121094
0 0.255127 0.566406 0.108887 0.128906