1 0.057373 0.453613 0.042480 0.176758
1 0.021973 0.457031 0.038086 0.203125
1 0.009033 0.471191 0.012207 0.147461
0 0.842773 0.418457 0.131836 0.309570
0 0.924316 0.504883 0.146484 0.351562
0 0.967773 0.590820 0.059570 0.335938
0 0.757812 0.407715 0.021484 0.075195
0 0.738281 0.413086 0.044922 0.089844
0 0.659424 0.407227 0.016113 0.046875
0 0.633545 0.411133 0.041504 0.054688
0 0.587158 0.416016 0.060059 0.062500
0 0.479248 0.412598 0.045410 0.061523
0 0.512695 0.419434 0.089844 0.086914
0 0.332520 0.453125 0.140625 0.158203
0 0.694580 0.419434 0.074707 0.118164