1 0.062500 0.403809 0.011719 0.041992
1 0.563721 0.363770 0.006348 0.010742
1 0.628174 0.411133 0.010254 0.064453
1 0.618652 0.407715 0.023438 0.090820
1 0.609375 0.408203 0.015625 0.087891
1 0.610840 0.462402 0.012695 0.043945
0 0.384277 0.416504 0.016602 0.026367
0 0.379150 0.408203 0.008301 0.009766
0 0.393311 0.415527 0.011230 0.032227
0 0.412354 0.411133 0.031738 0.042969
0 0.355957 0.435059 0.027344 0.098633
0 0.333496 0.440430 0.050781 0.113281
0 0.307129 0.455078 0.072266 0.132812
0 0.266846 0.469727 0.099121 0.154297
0 0.167969 0.482422 0.186523 0.283203
0 0.055176 0.492188 0.104492 0.423828
0 0.452148 0.415039 0.021484 0.046875
0 0.464600 0.416016 0.022949 0.048828
0 0.476074 0.416504 0.013672 0.053711
0 0.500000 0.406250 0.042969 0.085938
0 0.511230 0.420898 0.027344 0.076172
0 0.534424 0.421387 0.032715 0.083008
0 0.571777 0.423828 0.061523 0.111328
0 0.741699 0.386230 0.208984 0.340820
0 0.875732 0.493652 0.243652 0.299805