1 0.423340 0.420410 0.010742 0.073242
1 0.312744 0.410645 0.018066 0.090820
1 0.395752 0.403320 0.016113 0.050781
1 0.278564 0.427246 0.029785 0.129883
1 0.433594 0.418457 0.013672 0.075195
0 0.589355 0.391113 0.016602 0.034180
0 0.586914 0.411621 0.012695 0.032227
0 0.562256 0.399902 0.044434 0.030273
0 0.548828 0.467773 0.112305 0.126953
0 0.609863 0.415527 0.012695 0.049805
0 0.621826 0.413574 0.029785 0.057617
0 0.626953 0.422363 0.031250 0.069336
0 0.643311 0.447266 0.032715 0.132812
0 0.700439 0.451172 0.106934 0.185547
0 0.793945 0.482422 0.160156 0.226562
0 0.918701 0.526855 0.157715 0.391602