1 0.885498 0.318848 0.017090 0.040039
1 0.350586 0.368164 0.006836 0.021484
1 0.343750 0.367188 0.007812 0.023438
1 0.367432 0.368164 0.006348 0.021484
1 0.392822 0.391602 0.011230 0.064453
1 0.386475 0.389648 0.015137 0.070312
1 0.432861 0.407715 0.015137 0.038086
1 0.433838 0.392090 0.011230 0.073242
1 0.600830 0.376465 0.008301 0.045898
1 0.597900 0.366699 0.007324 0.024414
1 0.597656 0.375000 0.006836 0.031250
1 0.944092 0.351074 0.012207 0.034180
1 0.968750 0.316895 0.012695 0.032227
1 0.962646 0.317383 0.017090 0.029297
1 0.979248 0.321289 0.011230 0.050781
0 0.343506 0.367676 0.043457 0.022461
0 0.454102 0.377930 0.023438 0.033203