1 0.564697 0.388184 0.006348 0.045898
1 0.576416 0.393555 0.008301 0.050781
1 0.380859 0.424805 0.017578 0.085938
1 0.363525 0.430176 0.019043 0.075195
0 0.614502 0.381348 0.014160 0.016602
0 0.556152 0.391602 0.013672 0.035156
0 0.554443 0.396484 0.010254 0.025391
0 0.722656 0.390137 0.010742 0.020508
0 0.746338 0.392090 0.007324 0.016602
0 0.762207 0.383789 0.024414 0.035156
0 0.714844 0.385254 0.008789 0.024414
0 0.699707 0.393555 0.031250 0.054688
0 0.675537 0.411621 0.046387 0.071289
0 0.624023 0.447754 0.087891 0.122070
0 0.937500 0.360352 0.055664 0.031250
0 0.933350 0.378906 0.038574 0.050781
0 0.950439 0.381348 0.047363 0.059570
0 0.956787 0.385254 0.036621 0.057617
0 0.972412 0.390625 0.050293 0.060547
0 0.969238 0.395020 0.011719 0.018555
0 0.980225 0.402832 0.034668 0.053711
0 0.994873 0.414551 0.005371 0.038086