1 0.459229 0.400391 0.008301 0.019531
1 0.471924 0.401367 0.006348 0.017578
1 0.587891 0.394531 0.008789 0.035156
1 0.766113 0.421875 0.028320 0.158203
1 0.790039 0.418945 0.029297 0.177734
1 0.827637 0.393555 0.034180 0.140625
1 0.141113 0.371094 0.006836 0.007812
1 0.149170 0.369629 0.008301 0.010742
1 0.159912 0.370117 0.008301 0.011719
1 0.166016 0.372070 0.003906 0.007812
1 0.175049 0.367676 0.007324 0.014648
1 0.182617 0.368652 0.005859 0.012695
1 0.186279 0.368652 0.004395 0.012695
1 0.202393 0.371094 0.006348 0.007812
1 0.216064 0.370117 0.004395 0.011719
1 0.255127 0.372070 0.006348 0.013672
1 0.298828 0.372070 0.006836 0.013672
1 0.306885 0.369141 0.006348 0.019531
1 0.314941 0.367188 0.008789 0.023438
1 0.330322 0.369141 0.005371 0.015625
1 0.373535 0.371094 0.005859 0.017578
1 0.373535 0.373047 0.005859 0.015625
1 0.401855 0.377441 0.004883 0.014648
1 0.413574 0.387207 0.007812 0.040039
1 0.435303 0.390625 0.005371 0.033203
0 0.492432 0.400879 0.015137 0.030273
0 0.557617 0.410645 0.004883 0.004883
0 0.551025 0.409668 0.009277 0.010742
0 0.560303 0.412109 0.010254 0.005859
0 0.569092 0.412598 0.012207 0.010742
0 0.580566 0.412598 0.017578 0.010742
0 0.608887 0.440918 0.039062 0.143555
0 0.672363 0.456055 0.129883 0.183594
0 0.887939 0.613281 0.219238 0.615234
0 0.541992 0.395508 0.014648 0.027344
0 0.520020 0.388672 0.034180 0.019531
0 0.518555 0.427734 0.058594 0.070312