0 0.719727 0.409668 0.010742 0.022461
0 0.727051 0.409668 0.017578 0.022461
0 0.698486 0.409668 0.021973 0.036133
0 0.697021 0.414551 0.013184 0.032227
0 0.691895 0.419922 0.007812 0.042969
0 0.682617 0.419922 0.023438 0.046875
0 0.673828 0.422852 0.033203 0.048828
0 0.643799 0.437012 0.021973 0.079102
0 0.628174 0.439941 0.036621 0.086914
0 0.599365 0.446777 0.050293 0.106445
0 0.583008 0.454590 0.034180 0.118164
0 0.531250 0.457031 0.095703 0.177734
0 0.481445 0.484863 0.090820 0.209961
0 0.346680 0.524902 0.246094 0.321289
0 0.132080 0.640625 0.258301 0.621094
0 0.777344 0.408691 0.015625 0.024414
0 0.779297 0.406738 0.010742 0.014648
0 0.790527 0.397949 0.019531 0.024414
0 0.789795 0.410156 0.010254 0.029297
0 0.793457 0.409668 0.009766 0.028320
0 0.976562 0.398438 0.041992 0.083984
0 0.991699 0.500488 0.011719 0.190430
0 0.883545 0.462402 0.228027 0.387695