1 0.640869 0.388184 0.005371 0.022461
1 0.635498 0.396973 0.009277 0.024414
1 0.646729 0.381348 0.005371 0.018555
1 0.648926 0.391113 0.007812 0.028320
1 0.664307 0.374512 0.006348 0.018555
1 0.655273 0.387207 0.006836 0.020508
1 0.678223 0.380371 0.004883 0.024414
1 0.662842 0.385254 0.007324 0.018555
1 0.659424 0.426758 0.013184 0.089844
1 0.686279 0.420898 0.009277 0.070312
1 0.696045 0.420898 0.014160 0.068359
1 0.714111 0.424316 0.020996 0.084961
1 0.674561 0.442383 0.028809 0.138672
1 0.656250 0.473145 0.017578 0.079102
1 0.645996 0.435059 0.013672 0.081055
1 0.589844 0.424316 0.014648 0.061523
1 0.535156 0.426758 0.007812 0.058594
1 0.165283 0.456543 0.010254 0.051758
1 0.155273 0.466797 0.018555 0.080078
1 0.198730 0.428223 0.013672 0.030273
1 0.199951 0.434570 0.011230 0.019531
1 0.206055 0.436035 0.005859 0.016602
1 0.239746 0.461426 0.002930 0.004883
1 0.182861 0.476562 0.024902 0.109375
1 0.241699 0.441895 0.008789 0.038086
1 0.251221 0.441406 0.012207 0.029297
1 0.160889 0.513672 0.033691 0.041016
1 0.263184 0.441406 0.019531 0.037109
1 0.288574 0.467285 0.035156 0.122070
1 0.359375 0.462402 0.011719 0.075195
1 0.378906 0.465332 0.018555 0.092773
1 0.347900 0.472656 0.023926 0.142578
1 0.512695 0.434570 0.011719 0.072266
1 0.525146 0.428223 0.017090 0.084961
1 0.498291 0.439453 0.023926 0.099609
1 0.027344 0.475098 0.048828 0.262695
1 0.111816 0.463867 0.026367 0.236328
1 0.133545 0.472168 0.042480 0.237305
1 0.076904 0.470215 0.038574 0.233398
1 0.073242 0.477051 0.050781 0.291992
1 0.842285 0.459473 0.061523 0.145508
1 0.937500 0.450684 0.049805 0.147461
1 0.971191 0.430664 0.026367 0.076172
1 0.404541 0.469727 0.045410 0.298828
0 0.006836 0.490234 0.007812 0.062500
0 0.051025 0.473633 0.012207 0.076172
0 0.634766 0.386719 0.022461 0.017578
0 0.625244 0.390625 0.006348 0.007812
0 0.609375 0.405762 0.009766 0.032227
0 0.625244 0.418457 0.028809 0.047852
0 0.580322 0.426270 0.016113 0.057617
0 0.556396 0.429199 0.044434 0.065430