1 0.245361 0.478516 0.013184 0.019531
1 0.243164 0.480469 0.007812 0.015625
1 0.443359 0.505371 0.004883 0.006836
1 0.434570 0.505859 0.003906 0.005859
1 0.481689 0.497070 0.004395 0.019531
1 0.339111 0.480957 0.004395 0.024414
1 0.343994 0.478516 0.005371 0.027344
1 0.477295 0.498535 0.005371 0.018555
0 0.384033 0.478027 0.019043 0.024414
0 0.283203 0.482910 0.018555 0.006836
0 0.444336 0.473145 0.016602 0.018555
0 0.262695 0.484863 0.021484 0.006836
0 0.227295 0.486816 0.020020 0.004883
0 0.195557 0.491211 0.015137 0.009766
0 0.594238 0.453125 0.016602 0.011719
0 0.604004 0.514160 0.024414 0.063477
0 0.567871 0.506348 0.066406 0.088867
0 0.055908 0.521484 0.105957 0.310547
0 0.703369 0.480469 0.145996 0.197266