1 0.375000 0.415527 0.004883 0.010742
1 0.306885 0.430664 0.010254 0.083984
1 0.297119 0.434082 0.010254 0.075195
1 0.271973 0.447754 0.016602 0.100586
1 0.242920 0.436523 0.014160 0.082031
1 0.264404 0.443359 0.031738 0.107422
1 0.230469 0.449219 0.015625 0.103516
1 0.219482 0.451660 0.020996 0.104492
1 0.196777 0.448730 0.011719 0.090820
1 0.180176 0.444336 0.011719 0.095703
1 0.136230 0.452148 0.013672 0.050781
1 0.122070 0.481445 0.022461 0.128906
1 0.098633 0.470215 0.028320 0.157227
1 0.045166 0.485840 0.032715 0.145508
1 0.367188 0.406738 0.006836 0.024414
1 0.367920 0.425781 0.004395 0.019531
1 0.406982 0.438477 0.031738 0.128906
1 0.360352 0.435059 0.016602 0.090820
1 0.397705 0.437988 0.031738 0.139648
1 0.608154 0.424805 0.032715 0.109375
1 0.604004 0.416504 0.030273 0.127930
1 0.714111 0.401367 0.021973 0.150391
1 0.877441 0.405273 0.020508 0.111328
1 0.910889 0.400879 0.010254 0.110352
1 0.931152 0.391113 0.029297 0.129883
1 0.916748 0.396484 0.028809 0.119141
0 0.339600 0.441406 0.046387 0.080078