1 0.635742 0.345703 0.002930 0.013672
1 0.303955 0.409668 0.015137 0.143555
1 0.316406 0.408203 0.032227 0.150391
0 0.503418 0.393555 0.015625 0.021484
0 0.488770 0.392578 0.016602 0.027344
0 0.544678 0.395020 0.003418 0.018555
0 0.531738 0.389160 0.023438 0.032227
0 0.561279 0.391113 0.010254 0.026367
0 0.575928 0.388184 0.021973 0.075195
0 0.579590 0.397949 0.013672 0.067383
0 0.602783 0.393555 0.051270 0.099609
0 0.626709 0.414551 0.053223 0.127930
0 0.659424 0.424316 0.062988 0.161133
0 0.734131 0.438477 0.116699 0.265625
0 0.870605 0.476074 0.253906 0.434570
0 0.420410 0.385742 0.019531 0.017578
0 0.419922 0.395020 0.019531 0.034180
0 0.366699 0.406250 0.041016 0.074219
0 0.348145 0.411621 0.046875 0.077148
0 0.272461 0.409668 0.078125 0.143555
0 0.225098 0.432129 0.100586 0.145508
0 0.140381 0.465820 0.177246 0.179688
0 0.479248 0.391113 0.008301 0.024414
0 0.450928 0.400879 0.059082 0.092773