1 0.012695 0.374512 0.019531 0.159180
1 0.238281 0.372070 0.010742 0.037109
1 0.375488 0.394531 0.012695 0.031250
1 0.246582 0.384766 0.014648 0.025391
1 0.451660 0.414062 0.006836 0.035156
1 0.326172 0.423828 0.028320 0.125000
1 0.669678 0.435059 0.016113 0.086914
1 0.551270 0.413086 0.006836 0.035156
1 0.580566 0.408203 0.009766 0.068359
1 0.612305 0.411133 0.008789 0.066406
1 0.588867 0.411621 0.005859 0.061523
1 0.594482 0.411621 0.009277 0.061523
1 0.602051 0.413086 0.020508 0.085938
1 0.620117 0.414062 0.010742 0.082031
1 0.648193 0.416992 0.053223 0.244141
1 0.683594 0.408691 0.019531 0.149414
1 0.730225 0.421875 0.041504 0.179688
1 0.763428 0.417480 0.036621 0.184570
1 0.830566 0.393066 0.037109 0.170898
1 0.827148 0.418457 0.044922 0.194336
1 0.884521 0.409180 0.025879 0.152344
0 0.496338 0.422852 0.083496 0.136719
0 0.165527 0.461914 0.315430 0.410156
0 0.063477 0.641113 0.121094 0.391602