1 0.550293 0.378906 0.006836 0.046875
1 0.562012 0.376953 0.014648 0.074219
1 0.593750 0.373047 0.008789 0.044922
1 0.611084 0.375488 0.007324 0.055664
1 0.603271 0.381348 0.014160 0.073242
1 0.618652 0.380859 0.015625 0.072266
1 0.660156 0.388672 0.010742 0.089844
1 0.645508 0.390625 0.022461 0.152344
1 0.686279 0.394531 0.017090 0.101562
1 0.669434 0.398926 0.024414 0.129883
1 0.727783 0.376465 0.015137 0.129883
1 0.709717 0.382324 0.024902 0.124023
1 0.744629 0.395996 0.038086 0.202148
1 0.806396 0.391113 0.025879 0.186523
1 0.790283 0.393555 0.041504 0.195312
0 0.459961 0.398438 0.023438 0.056641
0 0.441650 0.399414 0.026855 0.078125
0 0.431152 0.405762 0.016602 0.088867
0 0.401367 0.402344 0.062500 0.121094
0 0.374756 0.420898 0.064941 0.132812
0 0.335938 0.442871 0.081055 0.180664
0 0.277832 0.470215 0.120117 0.247070
0 0.138184 0.502441 0.270508 0.442383
0 0.017578 0.676758 0.029297 0.312500
0 0.514648 0.400879 0.070312 0.118164