1 0.335693 0.447266 0.047363 0.363281
1 0.395264 0.445801 0.041504 0.325195
1 0.365479 0.457031 0.072754 0.386719
1 0.514893 0.439941 0.030762 0.086914
1 0.434570 0.445312 0.056641 0.343750
1 0.541260 0.411133 0.009277 0.027344
1 0.529541 0.440918 0.020996 0.088867
1 0.560059 0.453125 0.030273 0.123047
1 0.577881 0.413086 0.020020 0.041016
1 0.591797 0.417969 0.015625 0.042969
1 0.606689 0.412598 0.022949 0.055664
1 0.657227 0.453125 0.028320 0.119141
1 0.686768 0.452148 0.040527 0.144531
1 0.801025 0.393066 0.015137 0.051758
1 0.800049 0.452148 0.030762 0.115234
1 0.782471 0.411133 0.020996 0.044922
1 0.627930 0.417969 0.007812 0.035156
1 0.773682 0.445801 0.017090 0.090820
1 0.728516 0.463379 0.037109 0.211914
1 0.961914 0.411621 0.021484 0.102539
1 0.946045 0.417480 0.015137 0.088867
1 0.925537 0.425293 0.030762 0.131836
1 0.229492 0.416992 0.005859 0.027344
1 0.223877 0.409668 0.009277 0.043945
1 0.479980 0.457031 0.052734 0.341797
0 0.228027 0.370605 0.008789 0.016602
0 0.236816 0.408203 0.018555 0.031250
0 0.276367 0.397949 0.016602 0.028320
0 0.281494 0.403320 0.016113 0.027344
0 0.302490 0.414062 0.014160 0.042969
0 0.311035 0.415039 0.005859 0.054688
0 0.985107 0.413086 0.024902 0.082031