1 0.955322 0.348145 0.005371 0.008789
1 0.939941 0.375000 0.007812 0.072266
1 0.945312 0.380859 0.012695 0.072266
1 0.960693 0.361328 0.003418 0.007812
1 0.952881 0.383301 0.013184 0.063477
1 0.913574 0.378906 0.007812 0.070312
1 0.919678 0.382812 0.011230 0.068359
1 0.907959 0.380859 0.010254 0.074219
1 0.930420 0.378906 0.017090 0.083984
1 0.888916 0.383789 0.007324 0.060547
1 0.894043 0.385742 0.010742 0.064453
1 0.881104 0.385742 0.013184 0.066406
1 0.802002 0.379883 0.013184 0.054688
1 0.738525 0.378906 0.014160 0.044922
1 0.754883 0.378906 0.015625 0.031250
1 0.725342 0.388184 0.013184 0.069336
1 0.663086 0.390137 0.013672 0.069336
1 0.548340 0.418945 0.040039 0.175781
1 0.486328 0.416016 0.028320 0.181641
1 0.473633 0.417480 0.030273 0.196289
1 0.369629 0.414551 0.042969 0.211914
1 0.205566 0.423828 0.038086 0.142578
1 0.133301 0.408691 0.020508 0.106445
1 0.118164 0.417969 0.022461 0.097656
1 0.092773 0.414551 0.012695 0.096680
1 0.086182 0.416992 0.020996 0.093750
0 0.035645 0.421875 0.065430 0.087891