1 0.331543 0.405273 0.014648 0.023438
1 0.351074 0.402832 0.010742 0.028320
1 0.393555 0.449707 0.016602 0.045898
1 0.600830 0.443359 0.011230 0.048828
1 0.591553 0.442871 0.010254 0.049805
1 0.515869 0.444824 0.006348 0.036133
1 0.536621 0.441895 0.012695 0.041992
1 0.522217 0.443848 0.010254 0.045898
1 0.491943 0.448730 0.008301 0.034180
1 0.428955 0.435059 0.017090 0.090820
1 0.633545 0.444824 0.020996 0.051758
1 0.241943 0.427246 0.045410 0.258789
1 0.652344 0.432617 0.018555 0.087891
1 0.688965 0.434570 0.021484 0.087891
1 0.769287 0.427246 0.020996 0.098633
1 0.750977 0.419434 0.022461 0.143555
1 0.925049 0.423340 0.020020 0.202148
1 0.942383 0.425293 0.023438 0.211914
1 0.986572 0.424805 0.021973 0.218750
1 0.953369 0.438965 0.052246 0.219727
1 0.906738 0.427246 0.055664 0.241211
0 0.529785 0.443848 0.009766 0.038086