0 0.276367 0.404297 0.021484 0.054688
0 0.294189 0.409668 0.039551 0.063477
0 0.262695 0.410156 0.019531 0.062500
0 0.234131 0.412598 0.055176 0.083008
0 0.408447 0.395508 0.008301 0.019531
0 0.412842 0.395020 0.009277 0.022461
0 0.421387 0.390625 0.014648 0.033203
0 0.426758 0.391113 0.006836 0.034180
0 0.438965 0.386719 0.019531 0.042969
0 0.442139 0.393555 0.008301 0.042969
0 0.453125 0.393555 0.023438 0.054688
0 0.467285 0.397949 0.022461 0.063477
0 0.484863 0.398926 0.036133 0.075195
0 0.503662 0.403809 0.054199 0.083008