1 0.703613 0.423340 0.006836 0.057617
1 0.692871 0.412598 0.014648 0.081055
1 0.679688 0.413574 0.010742 0.079102
1 0.668945 0.413574 0.013672 0.081055
1 0.502197 0.406738 0.021973 0.106445
1 0.603027 0.415039 0.005859 0.072266
1 0.558105 0.412109 0.018555 0.107422
1 0.595947 0.409180 0.013184 0.085938
1 0.584961 0.407227 0.023438 0.119141
1 0.617676 0.416992 0.005859 0.062500
1 0.610352 0.406738 0.015625 0.092773
1 0.631592 0.411133 0.013184 0.083984
1 0.641846 0.412598 0.019043 0.084961
1 0.649170 0.432617 0.009277 0.037109
1 0.657471 0.416016 0.014160 0.078125