1 0.301758 0.414062 0.008789 0.046875
1 0.311035 0.417480 0.008789 0.041992
1 0.320557 0.420898 0.006348 0.033203
1 0.499512 0.398438 0.007812 0.029297
1 0.505859 0.392578 0.006836 0.025391
1 0.161865 0.432617 0.011230 0.068359
1 0.172119 0.433594 0.013184 0.066406
0 0.616211 0.371582 0.023438 0.016602
0 0.659180 0.379883 0.004883 0.013672
0 0.630127 0.379395 0.004395 0.010742
0 0.620850 0.380859 0.020020 0.017578
0 0.559082 0.377441 0.012695 0.018555
0 0.716309 0.373047 0.003906 0.005859
0 0.705811 0.381836 0.023926 0.011719
0 0.710205 0.380371 0.015137 0.006836
0 0.708496 0.388184 0.020508 0.012695
0 0.715088 0.400879 0.026855 0.028320
0 0.696533 0.403809 0.049316 0.034180
0 0.516113 0.409180 0.027344 0.041016
0 0.570801 0.415039 0.015625 0.048828
0 0.548584 0.417969 0.040527 0.072266
0 0.479736 0.414062 0.004395 0.009766
0 0.433105 0.461426 0.121094 0.194336