1 0.598633 0.396973 0.010742 0.049805
1 0.432617 0.400391 0.010742 0.056641
1 0.445068 0.403320 0.012207 0.050781
1 0.396484 0.405762 0.011719 0.073242
1 0.404297 0.413574 0.013672 0.067383
1 0.346680 0.419922 0.022461 0.105469
1 0.282959 0.424805 0.025879 0.146484
0 0.506836 0.378906 0.012695 0.017578
0 0.550049 0.391602 0.006348 0.023438
0 0.561523 0.395996 0.021484 0.041992
0 0.562500 0.400879 0.018555 0.038086
0 0.562012 0.405273 0.011719 0.042969
0 0.576172 0.407227 0.030273 0.046875
0 0.646729 0.428711 0.075684 0.140625
0 0.662109 0.446777 0.074219 0.165039
0 0.718994 0.461914 0.102051 0.228516
0 0.845215 0.507324 0.278320 0.334961
0 0.533691 0.408203 0.040039 0.060547