1 0.484131 0.414551 0.008301 0.036133
1 0.122314 0.409668 0.032715 0.170898
1 0.062256 0.408203 0.023926 0.177734
1 0.043945 0.424316 0.052734 0.219727
1 0.742920 0.374023 0.011230 0.015625
1 0.763672 0.373535 0.007812 0.018555
1 0.842773 0.395508 0.011719 0.074219
1 0.830078 0.366699 0.018555 0.041992
1 0.821045 0.416504 0.009277 0.118164
1 0.871826 0.419922 0.019043 0.093750
1 0.853760 0.409668 0.018066 0.112305
1 0.832520 0.421875 0.021484 0.111328
0 0.969238 0.478516 0.056641 0.195312
0 0.755615 0.446289 0.096191 0.130859
0 0.605469 0.533203 0.261719 0.406250