1 0.174561 0.427734 0.020020 0.140625
1 0.187500 0.446289 0.032227 0.105469
1 0.483154 0.395996 0.007324 0.024414
1 0.257568 0.425781 0.033691 0.146484
1 0.295898 0.430664 0.021484 0.128906
1 0.596191 0.393066 0.012695 0.063477
1 0.578613 0.372559 0.006836 0.014648
1 0.930176 0.382812 0.015625 0.125000
0 0.354248 0.427734 0.029785 0.054688
0 0.364990 0.429688 0.022949 0.054688
0 0.389160 0.424805 0.042969 0.068359
0 0.400635 0.428711 0.040527 0.068359
0 0.440430 0.431152 0.071289 0.083008
0 0.537354 0.386230 0.063965 0.090820
0 0.568359 0.409180 0.058594 0.058594