1 0.465332 0.413574 0.020508 0.120117
1 0.385254 0.361328 0.009766 0.015625
1 0.364258 0.352051 0.008789 0.014648
1 0.311035 0.348145 0.010742 0.024414
1 0.292480 0.348633 0.016602 0.058594
1 0.128174 0.364258 0.031738 0.113281
1 0.528076 0.410156 0.012207 0.078125
1 0.565674 0.379395 0.002441 0.020508
1 0.560059 0.406250 0.012695 0.074219
0 0.509521 0.395996 0.004395 0.014648
0 0.507812 0.396973 0.004883 0.024414
0 0.498047 0.399902 0.019531 0.036133
0 0.482666 0.403320 0.015137 0.041016
0 0.442139 0.412598 0.032715 0.084961
0 0.423584 0.429688 0.045410 0.117188
0 0.401611 0.433594 0.044434 0.128906
0 0.333496 0.451660 0.156250 0.188477
0 0.094482 0.537598 0.183105 0.635742
0 0.550293 0.404785 0.009766 0.040039
0 0.559082 0.406250 0.020508 0.042969
0 0.592529 0.386719 0.056152 0.130859
0 0.595703 0.420410 0.032227 0.083008
0 0.605957 0.424316 0.023438 0.086914
0 0.627930 0.430176 0.054688 0.112305
0 0.663818 0.440430 0.062012 0.160156
0 0.837891 0.351562 0.319336 0.658203
0 0.934570 0.624512 0.125977 0.479492