1 0.887695 0.386230 0.038086 0.198242
1 0.859619 0.400879 0.038574 0.157227
1 0.389893 0.379395 0.005371 0.006836
0 0.421143 0.400391 0.013184 0.039062
0 0.424072 0.399902 0.012207 0.038086
0 0.430420 0.401855 0.019043 0.045898
0 0.439209 0.403320 0.013184 0.046875
0 0.445801 0.402832 0.013672 0.051758
0 0.456543 0.398926 0.017578 0.057617
0 0.464355 0.405273 0.010742 0.048828
0 0.496338 0.396973 0.063965 0.079102
0 0.500488 0.403320 0.031250 0.064453
0 0.523926 0.404297 0.038086 0.074219
0 0.548340 0.398926 0.034180 0.071289
0 0.550537 0.414551 0.029785 0.075195
0 0.554443 0.422363 0.020996 0.069336
0 0.586670 0.411133 0.038574 0.101562
0 0.620117 0.413086 0.083008 0.111328
0 0.607910 0.428711 0.023438 0.101562
0 0.688721 0.421875 0.157715 0.111328
0 0.392822 0.415039 0.041504 0.091797
0 0.392578 0.381348 0.040039 0.051758
0 0.391846 0.393066 0.011230 0.030273
0 0.379639 0.431152 0.050293 0.122070
0 0.336182 0.446289 0.091309 0.146484
0 0.251709 0.506836 0.131348 0.267578
0 0.110596 0.554199 0.215332 0.768555