1 0.783691 0.377441 0.010742 0.055664
1 0.500244 0.390625 0.014160 0.060547
1 0.476318 0.366211 0.014160 0.037109
1 0.466553 0.477051 0.075684 0.313477
1 0.221436 0.427734 0.062012 0.306641
1 0.844971 0.395020 0.024902 0.133789
1 0.872803 0.399902 0.022949 0.120117
1 0.961426 0.359863 0.008789 0.024414
1 0.950195 0.349609 0.006836 0.011719
1 0.943604 0.382324 0.010254 0.069336
1 0.907471 0.402344 0.024902 0.115234
1 0.151367 0.411621 0.029297 0.110352
1 0.934570 0.398926 0.026367 0.127930
1 0.143066 0.409668 0.027344 0.122070
1 0.182373 0.415527 0.017090 0.102539
1 0.185791 0.414551 0.027832 0.106445
0 0.861328 0.375488 0.008789 0.043945
0 0.888184 0.383789 0.016602 0.037109
0 0.028076 0.421875 0.050293 0.087891