1 0.312256 0.380371 0.006348 0.014648
1 0.292969 0.385742 0.007812 0.009766
1 0.746582 0.337402 0.024414 0.038086
1 0.770996 0.341797 0.022461 0.029297
0 0.572754 0.402344 0.014648 0.041016
0 0.546387 0.406250 0.018555 0.039062
0 0.535889 0.407227 0.023926 0.041016
0 0.485596 0.391602 0.004395 0.003906
0 0.465332 0.410645 0.042969 0.057617
0 0.433594 0.417480 0.031250 0.057617
0 0.422852 0.420410 0.016602 0.061523
0 0.387695 0.410645 0.061523 0.094727
0 0.375000 0.426270 0.035156 0.083008
0 0.342041 0.427734 0.062012 0.103516
0 0.310791 0.443848 0.081543 0.114258
0 0.204834 0.469727 0.116699 0.160156
0 0.092529 0.485840 0.179199 0.276367
0 0.506836 0.411621 0.047852 0.069336
0 0.597168 0.405273 0.050781 0.099609
0 0.601318 0.416016 0.041504 0.093750
0 0.605713 0.424316 0.031738 0.104492
0 0.639160 0.419922 0.066406 0.150391
0 0.687012 0.440918 0.083008 0.174805
0 0.753906 0.468262 0.165039 0.229492
0 0.892578 0.520020 0.209961 0.459961