1 0.420166 0.419434 0.007324 0.043945
1 0.413574 0.416504 0.007812 0.051758
1 0.430908 0.412598 0.014160 0.055664
1 0.441406 0.417480 0.010742 0.045898
1 0.695312 0.359375 0.009766 0.017578
1 0.720459 0.360840 0.002441 0.012695
0 0.367188 0.415527 0.025391 0.092773
0 0.339355 0.416016 0.061523 0.150391
0 0.331055 0.438965 0.042969 0.153320
0 0.273193 0.430176 0.117676 0.260742
0 0.245361 0.473633 0.094238 0.250000
0 0.130127 0.541992 0.254395 0.550781
0 0.025391 0.738770 0.044922 0.430664
0 0.686279 0.433105 0.067871 0.133789
0 0.728271 0.466797 0.112793 0.210938
0 0.820557 0.515137 0.231934 0.334961
0 0.938477 0.541992 0.118164 0.521484