1 0.613525 0.446289 0.007324 0.013672
1 0.530518 0.415527 0.003418 0.012695
1 0.533203 0.416992 0.003906 0.013672
1 0.545166 0.425781 0.004395 0.013672
1 0.549316 0.425781 0.004883 0.015625
1 0.552979 0.443848 0.005371 0.032227
1 0.558105 0.424316 0.003906 0.018555
1 0.561035 0.444824 0.006836 0.040039
1 0.570312 0.434570 0.004883 0.017578
1 0.572998 0.451172 0.006348 0.029297
1 0.602783 0.448730 0.010254 0.038086
1 0.624268 0.442383 0.007324 0.052734
1 0.645264 0.444336 0.008301 0.058594
1 0.660400 0.443359 0.006348 0.050781
1 0.655273 0.442871 0.011719 0.061523
1 0.635498 0.441406 0.013184 0.064453
1 0.670654 0.450684 0.006348 0.043945
1 0.675537 0.444336 0.010254 0.058594
1 0.712158 0.447266 0.004395 0.056641
1 0.716309 0.425293 0.023438 0.120117
1 0.759033 0.432617 0.016113 0.111328
1 0.730713 0.431641 0.022949 0.111328
1 0.747070 0.424316 0.022461 0.149414
1 0.771240 0.427734 0.026855 0.142578
1 0.795898 0.424316 0.023438 0.147461
1 0.980713 0.441406 0.033691 0.171875
1 0.505615 0.420410 0.003418 0.016602
1 0.477051 0.437988 0.005859 0.028320
1 0.432617 0.444824 0.003906 0.030273
1 0.417969 0.440918 0.006836 0.045898
1 0.423584 0.440430 0.009277 0.052734
1 0.413086 0.438965 0.010742 0.051758
1 0.407959 0.436523 0.010254 0.062500
1 0.394043 0.437988 0.009766 0.055664
1 0.376709 0.439453 0.007324 0.050781
1 0.241211 0.435059 0.021484 0.124023
1 0.179688 0.438965 0.016602 0.120117
1 0.222168 0.423340 0.030273 0.159180
1 0.194824 0.418945 0.024414 0.156250
1 0.173096 0.374023 0.013184 0.052734
1 0.164551 0.440430 0.042969 0.234375
1 0.116211 0.426758 0.040039 0.238281
1 0.077393 0.427734 0.035645 0.226562
1 0.048340 0.489258 0.090820 0.363281
1 0.979004 0.430176 0.037109 0.194336
1 0.203857 0.416992 0.043457 0.187500
1 0.381348 0.441895 0.007812 0.045898
1 0.568115 0.452148 0.004395 0.027344
0 0.525146 0.414551 0.007324 0.014648
0 0.503662 0.432129 0.007324 0.020508
0 0.487061 0.451172 0.018066 0.029297
0 0.375977 0.442871 0.027344 0.032227
0 0.367432 0.449219 0.013184 0.021484