1 0.078369 0.427734 0.008301 0.025391
1 0.103760 0.428711 0.009277 0.029297
1 0.094727 0.446777 0.010742 0.057617
1 0.220215 0.468262 0.033203 0.120117
1 0.208008 0.470703 0.028320 0.121094
1 0.090576 0.441895 0.010254 0.049805
1 0.080811 0.440918 0.013184 0.043945
1 0.069580 0.431152 0.018066 0.036133
1 0.027832 0.444336 0.007812 0.068359
1 0.041016 0.439941 0.009766 0.045898
1 0.013184 0.450684 0.014648 0.094727
1 0.510986 0.465332 0.020020 0.116211
1 0.545654 0.462891 0.021973 0.119141
1 0.569092 0.461914 0.034668 0.125000
1 0.593994 0.466309 0.014160 0.088867
0 0.159180 0.442871 0.018555 0.041992
0 0.147217 0.451172 0.032715 0.052734
0 0.136963 0.458984 0.013184 0.050781
0 0.117188 0.463379 0.044922 0.065430
0 0.219727 0.426270 0.007812 0.014648
0 0.244629 0.440430 0.022461 0.039062
0 0.261230 0.445801 0.019531 0.036133
0 0.278809 0.453125 0.025391 0.042969
0 0.303955 0.458984 0.043457 0.078125
0 0.304932 0.468262 0.021973 0.069336
0 0.315918 0.469727 0.021484 0.078125
0 0.342773 0.474609 0.066406 0.091797
0 0.196533 0.445312 0.024902 0.054688