1 0.419678 0.353516 0.005371 0.011719
1 0.382812 0.375977 0.016602 0.060547
1 0.414307 0.356445 0.007324 0.005859
1 0.399658 0.359863 0.007324 0.010742
0 0.600586 0.383301 0.024414 0.032227
0 0.570557 0.369629 0.036621 0.096680
0 0.540039 0.391113 0.012695 0.049805
0 0.528809 0.393066 0.025391 0.055664
0 0.525879 0.398926 0.017578 0.059570
0 0.504639 0.396973 0.039551 0.077148
0 0.487061 0.406250 0.052246 0.083984
0 0.425781 0.426758 0.078125 0.136719
0 0.320312 0.458008 0.151367 0.255859
0 0.146240 0.464844 0.286621 0.642578