1 0.687744 0.371094 0.008301 0.023438
0 0.648926 0.380371 0.015625 0.020508
0 0.665283 0.380371 0.019043 0.026367
0 0.635742 0.377441 0.011719 0.022461
0 0.624512 0.375977 0.017578 0.023438
0 0.520996 0.369141 0.041992 0.052734
0 0.555420 0.398926 0.108887 0.096680
0 0.224365 0.384277 0.147949 0.118164
0 0.016602 0.327148 0.027344 0.037109
0 0.068359 0.379883 0.130859 0.160156
0 0.684814 0.430176 0.029785 0.098633
0 0.727295 0.443359 0.093262 0.140625
0 0.850342 0.471191 0.179199 0.282227
0 0.911377 0.556152 0.172363 0.413086