1 0.421875 0.386230 0.007812 0.034180
1 0.413086 0.388184 0.005859 0.032227
1 0.436523 0.394531 0.003906 0.019531
1 0.461670 0.386230 0.005371 0.028320
1 0.511963 0.380859 0.009277 0.031250
1 0.525879 0.383789 0.006836 0.025391
1 0.531982 0.395020 0.000488 0.000977
1 0.541748 0.382324 0.015137 0.030273
1 0.620605 0.374512 0.004883 0.026367
1 0.772949 0.361816 0.007812 0.014648
1 0.773438 0.370117 0.008789 0.039062
1 0.781738 0.395996 0.023438 0.108398
1 0.797852 0.396973 0.025391 0.118164
1 0.845215 0.375000 0.007812 0.031250
1 0.580566 0.400879 0.010742 0.071289
1 0.473877 0.410645 0.010254 0.067383
1 0.451904 0.409668 0.011230 0.075195
1 0.442627 0.415039 0.017090 0.068359
1 0.328369 0.405762 0.013184 0.040039
1 0.386475 0.396973 0.008301 0.047852
1 0.270264 0.398926 0.010254 0.036133
1 0.246582 0.416504 0.014648 0.096680
1 0.128418 0.436035 0.017578 0.124023
1 0.145508 0.434082 0.027344 0.125977
1 0.602051 0.395020 0.007812 0.051758
0 0.671143 0.414551 0.064941 0.098633