1 0.222168 0.407227 0.029297 0.164062
1 0.496338 0.376465 0.008301 0.049805
1 0.504639 0.371094 0.012207 0.062500
1 0.473877 0.339355 0.011230 0.030273
1 0.473389 0.384277 0.019043 0.102539
1 0.489258 0.385742 0.031250 0.105469
1 0.565918 0.374023 0.008789 0.050781
1 0.575928 0.371582 0.013184 0.055664
1 0.796387 0.377930 0.006836 0.033203
1 0.760742 0.396484 0.027344 0.128906
1 0.661133 0.378906 0.019531 0.103516
1 0.673828 0.397461 0.025391 0.115234
0 0.243896 0.404297 0.084473 0.105469
0 0.347168 0.371582 0.101562 0.071289
0 0.702881 0.381836 0.044434 0.050781
0 0.770264 0.385742 0.054199 0.074219