1 0.705078 0.428711 0.003906 0.037109
1 0.700684 0.428711 0.005859 0.037109
1 0.650879 0.421387 0.004883 0.049805
1 0.655518 0.428711 0.009277 0.052734
1 0.662109 0.416504 0.015625 0.049805
1 0.643311 0.430176 0.015137 0.106445
1 0.636963 0.430664 0.021973 0.111328
1 0.609863 0.427734 0.028320 0.169922
1 0.586182 0.431641 0.030762 0.154297
1 0.076904 0.484863 0.118652 0.561523
1 0.187988 0.483887 0.093750 0.569336
1 0.990479 0.387695 0.014160 0.205078
1 0.972168 0.432129 0.050781 0.295898
0 0.728027 0.428223 0.046875 0.073242
0 0.838135 0.438965 0.059082 0.131836