1 0.574951 0.424805 0.019043 0.105469
1 0.596436 0.421387 0.016113 0.110352
1 0.616455 0.422852 0.030762 0.156250
1 0.650391 0.425293 0.030273 0.149414
1 0.725098 0.434570 0.049805 0.255859
1 0.774902 0.453613 0.051758 0.282227
1 0.832520 0.465332 0.088867 0.360352
1 0.980713 0.537109 0.033691 0.523438
0 0.376709 0.386230 0.030762 0.006836
0 0.426514 0.441406 0.049316 0.115234
0 0.424072 0.451172 0.025879 0.113281
0 0.385498 0.464355 0.092285 0.157227
0 0.302490 0.501953 0.152832 0.267578
0 0.155273 0.537109 0.304688 0.548828
0 0.052002 0.722656 0.098145 0.464844