1 0.375488 0.342285 0.008789 0.014648
1 0.385010 0.345703 0.008301 0.011719
1 0.433838 0.363770 0.014160 0.051758
1 0.219238 0.399902 0.031250 0.155273
1 0.161865 0.398438 0.017090 0.056641
1 0.023926 0.400391 0.025391 0.042969
1 0.093018 0.401367 0.036621 0.041016
1 0.063965 0.396973 0.027344 0.057617
1 0.688477 0.368164 0.036133 0.187500
1 0.755615 0.366699 0.045410 0.176758
1 0.917236 0.351074 0.044434 0.157227
0 0.462646 0.360352 0.020020 0.035156
0 0.442139 0.367188 0.014160 0.029297
0 0.407715 0.376465 0.027344 0.055664
0 0.391113 0.392090 0.027344 0.071289
0 0.359863 0.393555 0.053711 0.095703
0 0.332520 0.408203 0.077148 0.109375
0 0.497559 0.390137 0.041992 0.098633
0 0.519775 0.395996 0.065918 0.112305