1 0.917725 0.299316 0.016113 0.024414
1 0.773682 0.397461 0.031738 0.171875
1 0.100342 0.389648 0.018066 0.048828
0 0.515869 0.408203 0.016113 0.033203
0 0.570312 0.413086 0.013672 0.054688
0 0.593262 0.400391 0.042969 0.087891
0 0.607178 0.409180 0.047363 0.072266
0 0.535645 0.404297 0.034180 0.064453
0 0.500244 0.406738 0.011230 0.053711
0 0.047363 0.553711 0.088867 0.361328
0 0.895264 0.534180 0.204590 0.447266
0 0.439453 0.405762 0.021484 0.030273
0 0.427246 0.404785 0.039062 0.041992
0 0.432861 0.418457 0.018066 0.028320
0 0.425537 0.420410 0.011230 0.030273
0 0.417480 0.411133 0.018555 0.035156
0 0.418701 0.425781 0.008301 0.025391
0 0.411865 0.416504 0.012207 0.043945
0 0.387451 0.410156 0.044434 0.062500
0 0.369141 0.407227 0.046875 0.050781
0 0.374512 0.420410 0.029297 0.053711
0 0.360840 0.419922 0.044922 0.060547
0 0.291992 0.462891 0.141602 0.201172