1 0.644287 0.423340 0.007324 0.053711
1 0.627930 0.416504 0.018555 0.079102
1 0.662109 0.436035 0.013672 0.096680
1 0.706299 0.437012 0.032715 0.188477
1 0.822266 0.454102 0.020508 0.212891
1 0.802246 0.450195 0.042969 0.279297
1 0.849365 0.508301 0.009277 0.045898
1 0.850098 0.448242 0.025391 0.230469
1 0.897949 0.458984 0.023438 0.162109
1 0.873291 0.453613 0.039551 0.278320
1 0.604736 0.428223 0.032715 0.184570
1 0.280029 0.425293 0.009277 0.159180
1 0.127441 0.395508 0.039062 0.093750
1 0.188965 0.411133 0.029297 0.134766
1 0.956299 0.564453 0.017090 0.046875
1 0.941650 0.458008 0.111816 0.447266
0 0.297363 0.365723 0.040039 0.151367
0 0.053711 0.344238 0.101562 0.155273