1 0.528320 0.416504 0.003906 0.022461
1 0.574219 0.435059 0.004883 0.026367
1 0.579834 0.432129 0.004395 0.024414
1 0.603516 0.437988 0.005859 0.012695
1 0.590088 0.431152 0.004395 0.022461
1 0.608154 0.435547 0.004395 0.007812
1 0.625977 0.422852 0.011719 0.076172
1 0.646729 0.425781 0.009277 0.062500
1 0.631592 0.434570 0.009277 0.050781
1 0.637451 0.423828 0.014160 0.072266
1 0.654297 0.420898 0.013672 0.072266
1 0.708252 0.418457 0.006348 0.063477
1 0.689209 0.415527 0.016113 0.090820
1 0.718018 0.390137 0.004395 0.018555
1 0.719971 0.420410 0.008301 0.073242
1 0.725342 0.414551 0.012207 0.100586
1 0.735840 0.418945 0.019531 0.097656
1 0.986328 0.425293 0.022461 0.131836
1 0.922363 0.420898 0.018555 0.134766
1 0.975342 0.409180 0.025879 0.097656
1 0.966797 0.440430 0.028320 0.134766
1 0.942383 0.473145 0.025391 0.057617
1 0.945557 0.430664 0.034668 0.167969
1 0.909180 0.440918 0.028320 0.145508
1 0.455811 0.433594 0.006348 0.039062
1 0.459961 0.432129 0.005859 0.034180
1 0.445068 0.433594 0.005371 0.021484
1 0.468506 0.431641 0.008301 0.044922
1 0.450439 0.435059 0.007324 0.038086
1 0.440186 0.429688 0.009277 0.046875
1 0.427490 0.429688 0.010254 0.044922
1 0.419922 0.435059 0.006836 0.034180
1 0.412842 0.436523 0.006348 0.033203
1 0.314697 0.409180 0.044434 0.226562
1 0.351318 0.410156 0.031738 0.255859
1 0.333496 0.415039 0.045898 0.281250
1 0.046631 0.387695 0.022949 0.064453
1 0.211670 0.427734 0.093262 0.332031
1 0.703369 0.418457 0.014160 0.084961
0 0.535156 0.413086 0.009766 0.015625
0 0.522217 0.427734 0.005371 0.019531
0 0.516846 0.429199 0.011230 0.022461
0 0.512695 0.441406 0.012695 0.029297
0 0.506104 0.442871 0.016113 0.028320