1 0.206787 0.440430 0.008301 0.017578
1 0.169678 0.445312 0.023926 0.115234
1 0.384521 0.438965 0.019043 0.114258
1 0.379639 0.454102 0.019043 0.097656
1 0.366211 0.435547 0.032227 0.142578
1 0.074707 0.449219 0.057617 0.214844
1 0.408691 0.408203 0.005859 0.035156
0 0.446533 0.407715 0.014160 0.024414
0 0.434570 0.411133 0.020508 0.021484
0 0.417969 0.414062 0.016602 0.021484
0 0.465088 0.413086 0.012207 0.044922
0 0.489502 0.404297 0.040527 0.066406
0 0.488770 0.416504 0.021484 0.051758
0 0.508057 0.415527 0.031738 0.065430
0 0.514404 0.420898 0.020020 0.062500
0 0.530273 0.421387 0.035156 0.075195
0 0.544922 0.431152 0.016602 0.075195
0 0.592285 0.416992 0.091797 0.142578
0 0.907471 0.576660 0.180176 0.641602
0 0.402832 0.412109 0.015625 0.025391
0 0.390381 0.412598 0.028809 0.034180
0 0.353271 0.409180 0.022949 0.042969
0 0.345703 0.414551 0.028320 0.051758
0 0.330811 0.423340 0.036621 0.061523
0 0.326416 0.429688 0.020020 0.066406
0 0.308838 0.433594 0.040527 0.076172
0 0.262939 0.448730 0.087402 0.112305
0 0.459229 0.409180 0.016113 0.041016
0 0.422607 0.412109 0.015137 0.021484