1 0.017578 0.370605 0.013672 0.049805
1 0.007324 0.368652 0.008789 0.053711
1 0.487549 0.372559 0.010254 0.036133
1 0.477051 0.372070 0.018555 0.052734
1 0.530518 0.372559 0.019043 0.057617
1 0.553223 0.370117 0.013672 0.046875
1 0.580078 0.369629 0.010742 0.038086
1 0.571533 0.367188 0.021973 0.054688
1 0.594482 0.372559 0.010254 0.034180
1 0.602051 0.376953 0.010742 0.046875
1 0.704834 0.393066 0.026855 0.086914
1 0.768311 0.424316 0.021973 0.110352
1 0.050049 0.401367 0.045410 0.253906
1 0.089355 0.394043 0.047852 0.258789
0 0.232666 0.380859 0.095215 0.074219