1 0.007080 0.419434 0.008301 0.038086
1 0.162842 0.461914 0.048340 0.199219
1 0.482178 0.450684 0.007324 0.110352
1 0.489258 0.457031 0.013672 0.095703
1 0.695557 0.438965 0.007324 0.022461
1 0.711182 0.436035 0.009277 0.026367
1 0.778320 0.464844 0.029297 0.087891
1 0.883545 0.432617 0.008301 0.050781
1 0.891357 0.431152 0.008301 0.038086
1 0.991455 0.430664 0.007324 0.033203
1 0.957031 0.436035 0.047852 0.313477
1 0.938232 0.453613 0.052246 0.284180
1 0.584717 0.480957 0.094238 0.334961
1 0.665771 0.503418 0.075684 0.401367
0 0.862549 0.432129 0.044434 0.073242