1 0.604980 0.464355 0.006836 0.053711
1 0.643555 0.464355 0.005859 0.047852
1 0.307129 0.482422 0.017578 0.113281
1 0.331299 0.481934 0.021973 0.122070
1 0.611328 0.464844 0.006836 0.048828
1 0.617920 0.462891 0.007324 0.052734
1 0.622314 0.462891 0.003418 0.052734
1 0.630615 0.442871 0.002441 0.008789
1 0.625977 0.465332 0.011719 0.063477
1 0.633545 0.466797 0.009277 0.060547
1 0.647217 0.463379 0.009277 0.049805
0 0.535400 0.459473 0.013184 0.045898
0 0.562744 0.439453 0.045410 0.017578
0 0.563477 0.504883 0.075195 0.123047
0 0.464111 0.503906 0.093262 0.121094
0 0.596924 0.477539 0.021973 0.068359