1 0.880859 0.395508 0.032227 0.134766
1 0.417236 0.413086 0.020996 0.070312
1 0.425049 0.401855 0.008301 0.043945
1 0.454834 0.403809 0.009277 0.041992
1 0.489014 0.388672 0.006348 0.011719
1 0.473633 0.375488 0.018555 0.034180
1 0.951660 0.406738 0.049805 0.211914
1 0.853027 0.403809 0.023438 0.122070
0 0.837402 0.387207 0.009766 0.026367
0 0.447021 0.401855 0.012207 0.010742
0 0.558350 0.395996 0.025879 0.034180
0 0.785156 0.394531 0.020508 0.037109
0 0.727051 0.395020 0.009766 0.030273
0 0.396729 0.397461 0.009277 0.007812
0 0.368164 0.408203 0.004883 0.025391
0 0.406006 0.406738 0.013184 0.022461
0 0.387451 0.405273 0.028809 0.029297
0 0.709473 0.398926 0.036133 0.041992