1 0.289062 0.429688 0.010742 0.027344
1 0.283691 0.441406 0.013672 0.039062
1 0.272217 0.444824 0.014160 0.055664
1 0.263428 0.475098 0.017090 0.112305
1 0.256104 0.464844 0.020020 0.134766
1 0.245361 0.475098 0.011230 0.098633
1 0.238281 0.469727 0.013672 0.111328
1 0.229736 0.462891 0.021973 0.134766
1 0.213135 0.475098 0.013184 0.100586
1 0.225342 0.467773 0.033691 0.132812
1 0.200684 0.467773 0.023438 0.121094
1 0.169189 0.466797 0.021973 0.130859
1 0.143066 0.466309 0.023438 0.131836
1 0.118408 0.471680 0.027832 0.117188
1 0.041504 0.473145 0.033203 0.153320
1 0.552490 0.465820 0.019043 0.111328
1 0.554199 0.472656 0.013672 0.097656
1 0.788574 0.454590 0.010742 0.090820
1 0.793945 0.454590 0.016602 0.098633
1 0.818359 0.464844 0.010742 0.078125
1 0.814209 0.453613 0.020020 0.102539
1 0.877686 0.446289 0.023926 0.115234
1 0.901123 0.447266 0.015137 0.107422
0 0.490723 0.472168 0.002930 0.006836
0 0.495117 0.474609 0.008789 0.015625
0 0.519775 0.472168 0.009277 0.010742
0 0.522949 0.483887 0.008789 0.028320
0 0.535645 0.484863 0.024414 0.049805
0 0.506836 0.485352 0.026367 0.035156
0 0.484619 0.490723 0.020996 0.059570
0 0.440430 0.479492 0.071289 0.101562
0 0.330322 0.480957 0.137207 0.149414
0 0.666504 0.473145 0.058594 0.110352
0 0.627441 0.507324 0.136719 0.151367