0 0.574463 0.416504 0.033691 0.051758
0 0.497314 0.396973 0.021973 0.028320
0 0.484375 0.421875 0.032227 0.066406
0 0.533203 0.441895 0.076172 0.112305
0 0.468750 0.428223 0.025391 0.073242
0 0.453857 0.436035 0.040527 0.100586
0 0.413330 0.448730 0.093262 0.125977
0 0.271484 0.490234 0.176758 0.267578
0 0.130371 0.542480 0.254883 0.393555
0 0.612061 0.426758 0.034668 0.076172
0 0.636230 0.437988 0.052734 0.094727
0 0.669678 0.456543 0.053223 0.147461
0 0.712646 0.464844 0.083496 0.199219
0 0.773438 0.489258 0.138672 0.265625
0 0.882812 0.539551 0.229492 0.389648