0 0.378662 0.412109 0.006348 0.011719
0 0.390137 0.409668 0.008789 0.016602
0 0.443359 0.399902 0.017578 0.038086
0 0.449707 0.408691 0.014648 0.022461
0 0.461670 0.406250 0.017090 0.025391
0 0.471191 0.406250 0.012695 0.025391
0 0.481201 0.405273 0.014160 0.029297
0 0.492188 0.403809 0.015625 0.036133
0 0.495361 0.406250 0.009277 0.035156
0 0.502930 0.403320 0.014648 0.041016
0 0.511230 0.405273 0.015625 0.044922
0 0.526367 0.405273 0.026367 0.050781
0 0.529541 0.407715 0.019043 0.051758
0 0.544922 0.406250 0.025391 0.060547
0 0.548340 0.408691 0.017578 0.061523
0 0.571777 0.404785 0.044922 0.081055
0 0.591064 0.414551 0.044434 0.096680
0 0.645020 0.423340 0.092773 0.147461
0 0.817383 0.406738 0.272461 0.362305