1 0.797119 0.448730 0.037598 0.170898
1 0.842285 0.431152 0.044922 0.204102
0 0.538574 0.450195 0.023438 0.033203
0 0.455811 0.459473 0.008301 0.022461
0 0.446533 0.453125 0.019043 0.035156
0 0.397461 0.447754 0.020508 0.018555
0 0.423096 0.452637 0.031738 0.043945
0 0.410889 0.457520 0.045410 0.038086
0 0.348633 0.466309 0.021484 0.061523
0 0.342773 0.475586 0.016602 0.048828
0 0.333740 0.465820 0.026855 0.078125
0 0.314453 0.467285 0.033203 0.083008
0 0.228760 0.454590 0.199707 0.147461
0 0.188477 0.477539 0.103516 0.121094
0 0.179199 0.491211 0.084961 0.115234
0 0.123291 0.492676 0.098145 0.151367
0 0.059814 0.520508 0.113770 0.132812
0 0.031494 0.541504 0.057129 0.143555