1 0.483154 0.378906 0.006348 0.015625
1 0.718506 0.352539 0.009277 0.013672
1 0.778320 0.375977 0.021484 0.089844
1 0.355469 0.401367 0.007812 0.050781
1 0.361084 0.405273 0.010254 0.046875
1 0.343750 0.401855 0.011719 0.059570
0 0.416992 0.392090 0.025391 0.020508
0 0.399414 0.403320 0.052734 0.041016
0 0.449707 0.375977 0.028320 0.007812
0 0.499756 0.398926 0.032715 0.045898
0 0.473145 0.409668 0.033203 0.065430
0 0.448486 0.420898 0.057129 0.083984
0 0.625732 0.372559 0.164551 0.288086
0 0.688965 0.458984 0.163086 0.207031
0 0.867188 0.512207 0.260742 0.395508
0 0.980713 0.642090 0.033691 0.323242
0 0.207520 0.424316 0.029297 0.061523