1 0.485352 0.415039 0.005859 0.052734
1 0.475586 0.418945 0.004883 0.035156
1 0.465332 0.414062 0.004883 0.042969
1 0.460205 0.415039 0.008301 0.058594
1 0.470947 0.418945 0.011230 0.048828
1 0.449951 0.421387 0.014160 0.081055
1 0.431152 0.416016 0.015625 0.087891
1 0.409912 0.392090 0.013184 0.020508
1 0.370117 0.397949 0.018555 0.065430
1 0.343506 0.372559 0.009277 0.032227
1 0.333252 0.412109 0.021973 0.105469
1 0.353027 0.397949 0.022461 0.088867
1 0.112549 0.428223 0.027832 0.208008
1 0.137695 0.429199 0.050781 0.245117
1 0.501709 0.418945 0.005371 0.019531
1 0.507080 0.419434 0.003418 0.018555
1 0.536377 0.418457 0.004395 0.028320
1 0.541748 0.417969 0.004395 0.025391
1 0.549805 0.417969 0.004883 0.029297
1 0.552734 0.419922 0.004883 0.027344
1 0.556641 0.417969 0.005859 0.031250
1 0.571045 0.413574 0.010254 0.051758
1 0.576660 0.411621 0.006836 0.040039
1 0.584717 0.413086 0.007324 0.044922
1 0.591553 0.411621 0.006348 0.030273
1 0.597412 0.401855 0.007324 0.016602
1 0.635010 0.414062 0.007324 0.056641
1 0.621826 0.411133 0.007324 0.066406
1 0.631348 0.413574 0.006836 0.059570
1 0.616211 0.413574 0.010742 0.090820
1 0.609863 0.417480 0.017578 0.086914
1 0.627441 0.421387 0.014648 0.081055
1 0.880371 0.443848 0.045898 0.223633
1 0.686768 0.376953 0.006348 0.021484
1 0.666504 0.421387 0.014648 0.100586
1 0.676514 0.429688 0.018066 0.103516
1 0.694824 0.434570 0.025391 0.148438
1 0.800537 0.450195 0.042480 0.251953
1 0.844482 0.453125 0.048340 0.244141
1 0.966797 0.459961 0.057617 0.267578
1 0.080322 0.432617 0.045410 0.203125
1 0.490479 0.415039 0.011230 0.052734
0 0.399658 0.407227 0.041504 0.089844