1 0.458496 0.426758 0.006836 0.023438
1 0.453369 0.412109 0.008301 0.052734
1 0.440674 0.408691 0.013184 0.055664
1 0.415283 0.414551 0.008301 0.032227
1 0.387939 0.399902 0.008301 0.034180
1 0.334473 0.402832 0.007812 0.024414
1 0.334229 0.403809 0.007324 0.024414
1 0.247803 0.399414 0.010254 0.101562
1 0.261230 0.411133 0.014648 0.173828
1 0.015381 0.386230 0.006348 0.077148
1 0.031982 0.380859 0.008301 0.089844
1 0.201172 0.463867 0.002930 0.007812
1 0.465332 0.415039 0.009766 0.052734
1 0.211670 0.394531 0.005371 0.029297
1 0.023682 0.377930 0.020020 0.095703
1 0.040771 0.398438 0.027832 0.148438
1 0.061768 0.400879 0.025879 0.151367
1 0.011475 0.475586 0.017090 0.080078
1 0.203857 0.405273 0.020996 0.207031
1 0.231934 0.436035 0.041016 0.254883
1 0.473633 0.450684 0.074219 0.301758
1 0.622803 0.449707 0.044434 0.399414
1 0.635010 0.481934 0.069824 0.377930
1 0.512939 0.473633 0.098145 0.501953
1 0.592773 0.532715 0.113281 0.534180
1 0.668945 0.431641 0.016602 0.082031
1 0.696777 0.426758 0.008789 0.097656
1 0.687988 0.429199 0.013672 0.108398
1 0.728760 0.434082 0.012207 0.055664
1 0.143799 0.486816 0.069824 0.399414
1 0.858643 0.471191 0.107910 0.393555
1 0.834717 0.490723 0.089355 0.385742
1 0.769043 0.499023 0.085938 0.673828
1 0.970947 0.496094 0.053223 0.439453
1 0.961426 0.520508 0.072266 0.427734
1 0.284912 0.500000 0.131348 0.531250
0 0.506836 0.423340 0.026367 0.088867
0 0.603271 0.450684 0.097168 0.209961