1 0.770996 0.424805 0.021484 0.130859
1 0.343994 0.378906 0.009277 0.019531
0 0.518066 0.409668 0.011719 0.018555
0 0.521973 0.409668 0.011719 0.018555
0 0.537354 0.408691 0.013184 0.024414
0 0.544434 0.416504 0.007812 0.045898
0 0.563721 0.419434 0.046387 0.077148
0 0.471924 0.417480 0.003418 0.016602
0 0.466553 0.399414 0.001465 0.001953
0 0.462158 0.395996 0.002441 0.000977
0 0.466553 0.410156 0.015137 0.029297
0 0.462402 0.416992 0.005859 0.021484
0 0.454102 0.412598 0.014648 0.038086
0 0.442139 0.412598 0.025879 0.038086
0 0.429199 0.414551 0.051758 0.043945
0 0.359131 0.423340 0.083496 0.081055
0 0.349365 0.425293 0.054199 0.071289
0 0.288818 0.417969 0.148926 0.115234
0 0.267334 0.429688 0.093262 0.107422
0 0.265381 0.459961 0.050293 0.095703
0 0.194336 0.438477 0.103516 0.125000
0 0.193115 0.460449 0.099121 0.159180
0 0.081299 0.452637 0.156738 0.245117
0 0.031250 0.488281 0.056641 0.255859