1 0.454834 0.324219 0.005371 0.021484
1 0.460938 0.324707 0.004883 0.020508
1 0.465576 0.321777 0.002441 0.014648
1 0.468018 0.319824 0.003418 0.020508
1 0.472412 0.322266 0.005371 0.021484
1 0.490967 0.321777 0.002441 0.018555
1 0.488037 0.322266 0.006348 0.019531
1 0.532227 0.339844 0.007812 0.041016
1 0.544189 0.339355 0.007324 0.041992
1 0.538086 0.348145 0.008789 0.047852
1 0.563721 0.340820 0.009277 0.052734
1 0.572510 0.333008 0.009277 0.017578
1 0.587402 0.348633 0.011719 0.058594
1 0.552246 0.381836 0.019531 0.050781
1 0.802979 0.377441 0.011230 0.026367
1 0.787842 0.379883 0.011230 0.041016
1 0.795654 0.396973 0.015137 0.055664
1 0.725830 0.386719 0.027832 0.037109
1 0.732178 0.390137 0.020020 0.040039
1 0.761719 0.403809 0.020508 0.053711
1 0.777100 0.416992 0.040527 0.091797
1 0.886230 0.388184 0.016602 0.045898
1 0.878174 0.396484 0.018066 0.048828
1 0.871338 0.408203 0.019043 0.082031
1 0.823975 0.437500 0.055176 0.212891
1 0.847656 0.402344 0.015625 0.062500
1 0.044434 0.369141 0.006836 0.033203
1 0.827148 0.431152 0.042969 0.262695
1 0.863281 0.467285 0.041016 0.188477
1 0.905762 0.379883 0.008789 0.021484
1 0.918213 0.400391 0.017090 0.070312
1 0.906494 0.451660 0.043457 0.133789
1 0.929688 0.400879 0.023438 0.063477
1 0.945068 0.398926 0.022949 0.069336
1 0.958008 0.423340 0.040039 0.100586
1 0.427002 0.319824 0.005371 0.016602
1 0.423096 0.326660 0.004395 0.018555
1 0.303955 0.348633 0.008301 0.054688
1 0.281982 0.359863 0.005371 0.024414
1 0.288330 0.358398 0.012207 0.054688
1 0.265869 0.344238 0.004395 0.020508
1 0.274170 0.359375 0.016113 0.076172
1 0.252441 0.365723 0.012695 0.051758
1 0.234863 0.367676 0.014648 0.075195
1 0.166748 0.366699 0.010254 0.022461
1 0.089844 0.366211 0.010742 0.093750
1 0.177002 0.355469 0.006348 0.023438
1 0.153076 0.391113 0.019043 0.131836
1 0.098389 0.355957 0.014160 0.045898
1 0.123047 0.380371 0.023438 0.100586
1 0.031982 0.358398 0.006348 0.023438
1 0.017090 0.400879 0.028320 0.202148
1 0.309326 0.351074 0.006348 0.053711
0 0.345215 0.335938 0.039062 0.033203
0 0.437012 0.316895 0.016602 0.016602
0 0.447998 0.344727 0.011230 0.039062
0 0.436768 0.348145 0.023926 0.047852
0 0.433105 0.355957 0.023438 0.045898
0 0.417480 0.374512 0.033203 0.063477
0 0.415771 0.360352 0.026855 0.025391
0 0.418457 0.392578 0.028320 0.076172
0 0.381836 0.398926 0.063477 0.088867