1 0.241699 0.372070 0.006836 0.031250
1 0.263916 0.371094 0.007324 0.037109
1 0.269531 0.375000 0.006836 0.031250
1 0.279053 0.372070 0.007324 0.037109
1 0.220459 0.378418 0.013184 0.073242
1 0.196289 0.380859 0.004883 0.062500
1 0.198486 0.381836 0.008301 0.064453
1 0.205322 0.380859 0.014160 0.078125
1 0.119873 0.392578 0.011230 0.048828
1 0.131104 0.394531 0.016113 0.052734
1 0.067383 0.412598 0.029297 0.127930
1 0.463379 0.373047 0.005859 0.037109
1 0.458496 0.370605 0.008789 0.043945
1 0.564697 0.399414 0.018066 0.099609
1 0.589844 0.395996 0.014648 0.108398
1 0.579102 0.400391 0.024414 0.107422
1 0.833496 0.360840 0.014648 0.026367
1 0.849121 0.366699 0.019531 0.028320