1 0.607666 0.429688 0.005371 0.027344
1 0.614746 0.426758 0.007812 0.023438
1 0.664307 0.415527 0.008301 0.059570
1 0.656494 0.422852 0.012207 0.058594
1 0.675781 0.413574 0.019531 0.084961
1 0.688232 0.411621 0.020996 0.084961
1 0.726318 0.404297 0.004395 0.044922
1 0.736084 0.408691 0.018066 0.084961
1 0.761475 0.411621 0.016113 0.100586
1 0.772461 0.409668 0.020508 0.104492
1 0.791260 0.412598 0.019043 0.100586
1 0.805420 0.411133 0.029785 0.126953
1 0.829590 0.414551 0.028320 0.122070
1 0.856934 0.428223 0.024414 0.125977
1 0.876221 0.417969 0.025879 0.130859
1 0.992676 0.432617 0.009766 0.128906
1 0.541748 0.414551 0.012207 0.071289
1 0.503418 0.416016 0.020508 0.070312
1 0.461426 0.419922 0.005859 0.023438
1 0.445312 0.424316 0.005859 0.028320
1 0.431641 0.424316 0.007812 0.036133
1 0.420654 0.413574 0.019043 0.106445
1 0.393555 0.445801 0.003906 0.034180
1 0.361328 0.400391 0.016602 0.103516
1 0.380127 0.416504 0.036621 0.206055
1 0.268799 0.321289 0.018066 0.046875
1 0.293213 0.401367 0.040527 0.199219
1 0.282959 0.478516 0.006348 0.033203
1 0.103027 0.405273 0.041992 0.294922
1 0.643799 0.410645 0.014160 0.083008
1 0.453857 0.427246 0.005371 0.034180
1 0.449219 0.428223 0.005859 0.030273
0 0.548096 0.433105 0.020996 0.030273
0 0.528809 0.421875 0.026367 0.052734