1 0.172852 0.422852 0.014648 0.089844
1 0.186523 0.421387 0.019531 0.108398
1 0.210449 0.422852 0.013672 0.103516
1 0.219727 0.418457 0.020508 0.114258
1 0.251709 0.432617 0.034668 0.230469
1 0.276367 0.417480 0.014648 0.092773
1 0.289307 0.419434 0.012207 0.084961
1 0.305908 0.441895 0.040527 0.192383
1 0.498535 0.437012 0.016602 0.151367
1 0.479736 0.431641 0.034668 0.197266
1 0.512207 0.413574 0.025391 0.206055
1 0.507568 0.453613 0.024902 0.149414
1 0.530518 0.437500 0.039551 0.218750
1 0.573242 0.432617 0.043945 0.224609
1 0.971436 0.479492 0.052246 0.691406
0 0.452393 0.408691 0.086426 0.086914