1 0.534180 0.402832 0.006836 0.028320
1 0.581787 0.403320 0.009277 0.035156
0 0.518799 0.401855 0.012207 0.022461
0 0.454102 0.402832 0.042969 0.024414
0 0.419189 0.411621 0.045410 0.038086
0 0.380371 0.414062 0.010742 0.025391
0 0.359619 0.426270 0.032715 0.081055
0 0.340576 0.427246 0.032715 0.086914
0 0.315186 0.429199 0.056152 0.102539
0 0.291260 0.454590 0.029785 0.065430
0 0.216553 0.417969 0.159668 0.166016
0 0.162598 0.398438 0.050781 0.074219
0 0.110596 0.451172 0.215332 0.205078
0 0.030029 0.504395 0.054199 0.163086