1 0.399658 0.478027 0.069824 0.305664
1 0.352295 0.541992 0.051270 0.193359
1 0.462158 0.475586 0.036621 0.261719
1 0.473145 0.489746 0.054688 0.334961
1 0.556641 0.512207 0.043945 0.317383
1 0.516602 0.535156 0.057617 0.312500
0 0.238037 0.430176 0.022949 0.057617
0 0.235352 0.438477 0.013672 0.054688
0 0.197510 0.430664 0.074707 0.117188
0 0.206299 0.451172 0.026855 0.087891
0 0.189453 0.457520 0.043945 0.112305
0 0.158447 0.479004 0.066895 0.176758
0 0.077393 0.484375 0.148926 0.308594
0 0.023682 0.583496 0.041504 0.331055