1 0.257324 0.444824 0.023438 0.141602
1 0.385986 0.416016 0.022949 0.125000
1 0.408691 0.416992 0.020508 0.115234
1 0.676025 0.334473 0.006348 0.022461
1 0.670410 0.336426 0.007812 0.024414
1 0.658447 0.346191 0.007324 0.045898
1 0.591064 0.381836 0.005371 0.052734
1 0.612305 0.321289 0.006836 0.015625
1 0.584229 0.375488 0.013184 0.065430
0 0.389404 0.412598 0.091309 0.114258
0 0.319824 0.435059 0.099609 0.102539
0 0.245605 0.446777 0.145508 0.106445
0 0.686523 0.382324 0.059570 0.079102
0 0.730713 0.395508 0.073730 0.128906
0 0.812012 0.397461 0.114258 0.185547