1 0.887695 0.342773 0.004883 0.029297
1 0.890381 0.333984 0.004395 0.017578
1 0.879883 0.344727 0.007812 0.039062
1 0.877686 0.358887 0.009277 0.075195
1 0.865723 0.341309 0.004883 0.034180
1 0.870361 0.362793 0.015137 0.084961
1 0.895752 0.342285 0.015137 0.038086
1 0.835205 0.347656 0.006348 0.056641
1 0.821533 0.361816 0.012207 0.081055
1 0.846436 0.362793 0.029785 0.182617
1 0.767822 0.362305 0.025879 0.115234
1 0.739502 0.364258 0.019043 0.105469
1 0.625488 0.358398 0.037109 0.195312
1 0.467285 0.358887 0.027344 0.178711
1 0.475342 0.370605 0.030762 0.170898
1 0.339600 0.409180 0.062012 0.277344
1 0.279053 0.401855 0.059082 0.274414