1 0.759277 0.442383 0.005859 0.027344
1 0.799316 0.443359 0.011719 0.021484
1 0.242188 0.419922 0.014648 0.058594
1 0.230957 0.420898 0.013672 0.046875
1 0.193359 0.423828 0.016602 0.029297
0 0.636230 0.395508 0.023438 0.025391
0 0.664307 0.404785 0.021973 0.028320
0 0.563721 0.409180 0.016113 0.042969
0 0.554443 0.413086 0.020020 0.048828
0 0.534912 0.418457 0.037598 0.059570
0 0.459961 0.421875 0.064453 0.099609
0 0.397705 0.419434 0.034668 0.049805
0 0.374512 0.426758 0.026367 0.046875
0 0.359375 0.428223 0.019531 0.051758
0 0.338867 0.429688 0.037109 0.060547
0 0.322510 0.435059 0.029785 0.063477
0 0.291504 0.431152 0.052734 0.090820