1 0.597656 0.415527 0.009766 0.065430
1 0.567627 0.408691 0.006348 0.038086
1 0.462646 0.398926 0.009277 0.073242
1 0.475342 0.411133 0.015137 0.080078
1 0.453613 0.408203 0.013672 0.083984
1 0.467773 0.410645 0.015625 0.096680
1 0.488037 0.406250 0.015137 0.105469
1 0.418701 0.412109 0.013184 0.093750
1 0.426514 0.412109 0.011230 0.095703
1 0.437744 0.417480 0.021973 0.102539
1 0.556885 0.410156 0.019043 0.107422
1 0.730469 0.429688 0.037109 0.232422
1 0.696777 0.438965 0.033203 0.198242
1 0.673096 0.425293 0.049316 0.264648
1 0.638916 0.439941 0.072754 0.256836
1 0.358154 0.435059 0.026855 0.137695
1 0.322510 0.430176 0.019043 0.147461
1 0.287109 0.377441 0.035156 0.030273
1 0.284424 0.442383 0.019043 0.142578
1 0.297119 0.432617 0.018066 0.130859
1 0.311035 0.441895 0.026367 0.172852
1 0.259277 0.510742 0.006836 0.046875
1 0.244141 0.434082 0.056641 0.301758
1 0.116699 0.439453 0.057617 0.242188
1 0.166260 0.442871 0.057129 0.293945
0 0.534424 0.412598 0.047363 0.084961