1 0.493652 0.419922 0.008789 0.033203
1 0.408447 0.417480 0.019043 0.071289
0 0.521729 0.417480 0.017090 0.028320
0 0.472656 0.419434 0.016602 0.038086
0 0.474121 0.422363 0.012695 0.034180
0 0.469482 0.422852 0.009277 0.035156
0 0.447266 0.416992 0.037109 0.066406
0 0.542969 0.421875 0.007812 0.035156
0 0.545654 0.421875 0.008301 0.037109
0 0.568115 0.437012 0.010254 0.053711
0 0.595215 0.424805 0.052734 0.093750
0 0.597412 0.437500 0.036621 0.093750
0 0.629395 0.444824 0.078125 0.100586
0 0.894043 0.583008 0.207031 0.478516