1 0.730957 0.374512 0.010742 0.026367
0 0.742188 0.419434 0.105469 0.092773
0 0.597900 0.404785 0.014160 0.041992
0 0.606201 0.410645 0.011230 0.032227
0 0.646729 0.409668 0.075684 0.047852
0 0.562256 0.399902 0.013184 0.026367
0 0.571777 0.402832 0.011719 0.020508
0 0.535645 0.394043 0.008789 0.014648
0 0.550049 0.402344 0.014160 0.023438
0 0.961182 0.420410 0.049316 0.104492
0 0.990967 0.440430 0.013184 0.048828
0 0.517578 0.395508 0.005859 0.013672
0 0.525391 0.400879 0.012695 0.024414
0 0.502441 0.396484 0.012695 0.015625
0 0.475586 0.398438 0.016602 0.015625
0 0.266846 0.418945 0.055176 0.070312
0 0.246826 0.426270 0.052246 0.067383
0 0.215088 0.430664 0.062012 0.072266
0 0.390625 0.399902 0.018555 0.018555
0 0.394287 0.414551 0.011230 0.026367
0 0.371094 0.402344 0.050781 0.048828
0 0.201660 0.434082 0.055664 0.075195
0 0.142578 0.431641 0.080078 0.095703
0 0.136719 0.439941 0.059570 0.092773
0 0.086182 0.442383 0.089355 0.107422
0 0.059326 0.449707 0.111816 0.110352
0 0.348633 0.412109 0.037109 0.044922
0 0.008057 0.402344 0.010254 0.160156
0 0.306641 0.435059 0.071289 0.088867