1 0.286377 0.358887 0.021973 0.098633
1 0.258057 0.369141 0.031738 0.150391
1 0.330566 0.370605 0.009766 0.083008
1 0.342529 0.334473 0.005371 0.012695
1 0.321533 0.363770 0.023926 0.100586
1 0.364258 0.356934 0.014648 0.069336
1 0.347656 0.393555 0.029297 0.146484
1 0.587158 0.374512 0.019043 0.100586
1 0.627930 0.395020 0.033203 0.165039
1 0.735107 0.403320 0.039551 0.187500
1 0.764160 0.398438 0.013672 0.044922
1 0.771729 0.385742 0.017090 0.031250
1 0.782959 0.377441 0.008301 0.018555
1 0.775879 0.432617 0.028320 0.097656
1 0.834473 0.426270 0.044922 0.106445