1 0.577393 0.382324 0.004395 0.006836
1 0.441162 0.384277 0.009277 0.041992
1 0.181641 0.370117 0.023438 0.091797
1 0.151367 0.337891 0.019531 0.062500
0 0.591797 0.407227 0.043945 0.042969
0 0.622559 0.411621 0.022461 0.036133
0 0.666504 0.402832 0.050781 0.053711
0 0.242188 0.352539 0.024414 0.021484
0 0.280273 0.353516 0.025391 0.027344
0 0.338867 0.362305 0.022461 0.017578
0 0.338867 0.390625 0.015625 0.054688
0 0.303223 0.408203 0.065430 0.123047
0 0.231934 0.432129 0.106445 0.141602
0 0.094727 0.437012 0.182617 0.206055
0 0.377197 0.413574 0.085449 0.149414
0 0.523438 0.400879 0.095703 0.202148