1 0.481445 0.359863 0.004883 0.022461
1 0.406738 0.387207 0.006836 0.034180
1 0.390625 0.401367 0.005859 0.039062
1 0.399902 0.410645 0.010742 0.061523
1 0.185059 0.386719 0.013672 0.056641
1 0.067627 0.392090 0.022949 0.053711
1 0.522217 0.381348 0.004395 0.014648
1 0.578369 0.383789 0.006348 0.017578
1 0.564209 0.387695 0.009277 0.019531
1 0.675781 0.377930 0.012695 0.015625
1 0.475586 0.346191 0.003906 0.010742
0 0.521729 0.406738 0.050293 0.043945
0 0.633545 0.420410 0.082520 0.143555
0 0.937988 0.545410 0.119141 0.407227