0 0.545166 0.364258 0.003418 0.011719
0 0.550049 0.364258 0.008301 0.015625
0 0.570312 0.360352 0.014648 0.019531
0 0.564941 0.379883 0.005859 0.025391
0 0.572510 0.380371 0.016113 0.028320
0 0.586914 0.385254 0.022461 0.036133
0 0.605713 0.401855 0.031738 0.055664
0 0.627197 0.420410 0.048340 0.073242
0 0.734375 0.479492 0.080078 0.164062
0 0.827393 0.512207 0.156738 0.254883
0 0.914795 0.580566 0.165527 0.452148
0 0.495605 0.403809 0.019531 0.073242
0 0.470215 0.400391 0.052734 0.107422
0 0.309814 0.475586 0.155762 0.255859
0 0.127686 0.577637 0.249512 0.450195