1 0.478027 0.434570 0.003906 0.019531
1 0.473389 0.436523 0.003418 0.019531
1 0.347656 0.441895 0.019531 0.110352
1 0.324707 0.448730 0.016602 0.092773
1 0.299072 0.454590 0.025879 0.131836
1 0.265625 0.452148 0.025391 0.138672
1 0.230957 0.461914 0.032227 0.171875
1 0.192139 0.467773 0.033691 0.158203
1 0.146729 0.459961 0.034668 0.175781
1 0.553467 0.434082 0.005371 0.026367
1 0.559082 0.434570 0.005859 0.025391
1 0.408691 0.444336 0.010742 0.054688
1 0.396973 0.442871 0.012695 0.061523
0 0.490234 0.436523 0.010742 0.017578
0 0.530518 0.426270 0.015137 0.012695
0 0.525635 0.439453 0.008301 0.025391
0 0.534912 0.439453 0.017090 0.029297
0 0.594727 0.446289 0.049805 0.113281
0 0.629883 0.454102 0.072266 0.125000