1 0.521729 0.323242 0.002441 0.015625
1 0.517334 0.313965 0.002441 0.014648
1 0.471436 0.342773 0.007324 0.027344
1 0.574463 0.345703 0.005371 0.027344
1 0.568359 0.343262 0.003906 0.022461
0 0.527588 0.301758 0.005371 0.009766
0 0.518555 0.300781 0.007812 0.013672
0 0.394775 0.435059 0.065918 0.102539
0 0.385742 0.446777 0.056641 0.106445
0 0.300537 0.470703 0.145996 0.205078
0 0.462891 0.391602 0.029297 0.052734
0 0.458740 0.396484 0.025879 0.054688
0 0.448730 0.400879 0.039062 0.061523
0 0.013916 0.649414 0.021973 0.400391
0 0.576172 0.402832 0.020508 0.059570
0 0.589355 0.405273 0.038086 0.064453
0 0.605713 0.433105 0.025879 0.086914
0 0.644531 0.440918 0.089844 0.139648
0 0.862793 0.543945 0.269531 0.398438