0 0.495117 0.372559 0.001953 0.004883
0 0.395020 0.358398 0.013672 0.017578
0 0.414795 0.351074 0.022949 0.010742
0 0.384766 0.372070 0.021484 0.039062
0 0.377930 0.386719 0.021484 0.062500
0 0.366943 0.391113 0.028809 0.067383
0 0.344482 0.393555 0.036621 0.076172
0 0.304199 0.360352 0.049805 0.017578
0 0.197021 0.411621 0.090332 0.155273
0 0.094238 0.457031 0.175781 0.191406
0 0.484131 0.355957 0.024902 0.053711
0 0.475830 0.352539 0.012207 0.005859
0 0.473389 0.373047 0.016113 0.041016
0 0.449951 0.372559 0.034668 0.071289
0 0.416260 0.396484 0.060059 0.089844
0 0.557861 0.358887 0.006348 0.002930
0 0.566650 0.357422 0.012207 0.015625
0 0.607422 0.361328 0.017578 0.037109
0 0.626221 0.364258 0.028809 0.050781
0 0.568848 0.361328 0.006836 0.017578
0 0.573486 0.373047 0.009277 0.044922
0 0.587891 0.375977 0.027344 0.050781
0 0.683105 0.412109 0.083984 0.156250
0 0.724121 0.445801 0.125000 0.157227
0 0.858154 0.425293 0.105957 0.145508
0 0.279053 0.474121 0.172363 0.217773
0 0.542480 0.417480 0.071289 0.114258