1 0.679688 0.476074 0.008789 0.022461
1 0.735352 0.465332 0.010742 0.030273
1 0.753662 0.468750 0.008301 0.029297
1 0.851074 0.457031 0.018555 0.050781
0 0.474365 0.481445 0.027832 0.062500
0 0.473145 0.494629 0.010742 0.038086
0 0.405762 0.446777 0.040039 0.038086
0 0.440918 0.491211 0.057617 0.097656
0 0.291504 0.504883 0.067383 0.093750
0 0.228271 0.497559 0.107910 0.145508
0 0.107666 0.524414 0.140137 0.152344
0 0.019287 0.551270 0.032715 0.137695
0 0.515869 0.500000 0.066895 0.107422
0 0.369629 0.510254 0.113281 0.151367