1 0.659180 0.438477 0.002930 0.033203
1 0.664062 0.441895 0.004883 0.032227
0 0.511963 0.433594 0.007324 0.025391
0 0.507080 0.434570 0.007324 0.029297
0 0.499023 0.436035 0.015625 0.034180
0 0.496094 0.439941 0.010742 0.030273
0 0.528320 0.447266 0.021484 0.035156
0 0.558838 0.453613 0.044434 0.073242
0 0.602539 0.466309 0.060547 0.084961
0 0.485352 0.447754 0.032227 0.047852
0 0.839355 0.458008 0.110352 0.146484
0 0.953857 0.483398 0.087402 0.154297
0 0.461670 0.426758 0.011230 0.019531
0 0.460693 0.430664 0.009277 0.013672
0 0.459473 0.436035 0.006836 0.020508
0 0.441162 0.432617 0.006348 0.013672
0 0.434570 0.430664 0.005859 0.033203
0 0.426270 0.431641 0.014648 0.042969
0 0.389160 0.435547 0.011719 0.056641
0 0.367920 0.437012 0.008301 0.038086
0 0.342041 0.437988 0.026855 0.057617
0 0.263672 0.467285 0.048828 0.083008
0 0.125488 0.462402 0.013672 0.051758