1 0.422363 0.429688 0.007812 0.031250
1 0.286865 0.440430 0.007324 0.037109
1 0.268311 0.439453 0.009277 0.042969
1 0.228760 0.439453 0.007324 0.041016
1 0.219482 0.442383 0.009277 0.066406
1 0.204346 0.423828 0.005371 0.019531
1 0.044922 0.417969 0.011719 0.033203
1 0.003906 0.427734 0.001953 0.013672
1 0.020508 0.461914 0.017578 0.123047
1 0.639893 0.411133 0.012207 0.033203
1 0.663330 0.399414 0.009277 0.023438
1 0.753662 0.401367 0.011230 0.070312
1 0.688721 0.415527 0.015137 0.073242
0 0.462646 0.429199 0.005371 0.026367
0 0.483398 0.402832 0.010742 0.006836
0 0.495117 0.432129 0.007812 0.030273
0 0.477295 0.433105 0.030762 0.053711
0 0.441650 0.425293 0.002441 0.010742
0 0.422119 0.423828 0.009277 0.015625
0 0.433838 0.419922 0.014160 0.031250
0 0.403076 0.433594 0.020996 0.037109
0 0.362793 0.446289 0.032227 0.042969
0 0.333984 0.447266 0.028320 0.037109
0 0.626221 0.429199 0.020020 0.049805
0 0.678711 0.485352 0.143555 0.142578
0 0.974365 0.468750 0.046387 0.191406
0 0.860352 0.543457 0.274414 0.405273