1 0.450928 0.398926 0.006348 0.014648
1 0.458984 0.403320 0.005859 0.023438
1 0.492920 0.416992 0.009277 0.070312
1 0.506836 0.418457 0.008789 0.067383
1 0.584717 0.402344 0.006348 0.033203
1 0.593018 0.407227 0.008301 0.052734
1 0.759521 0.477539 0.039551 0.205078
1 0.846191 0.430664 0.030273 0.142578
1 0.909668 0.475586 0.061523 0.300781
1 0.987793 0.458984 0.019531 0.207031
1 0.310059 0.385742 0.005859 0.009766
1 0.280029 0.377930 0.021973 0.035156
0 0.483398 0.419434 0.012695 0.026367
0 0.472656 0.419922 0.018555 0.025391
0 0.526367 0.415527 0.018555 0.038086
0 0.522705 0.397949 0.016113 0.010742
0 0.507568 0.416016 0.021973 0.039062
0 0.619385 0.428711 0.030762 0.080078
0 0.629395 0.443848 0.009766 0.067383
0 0.670166 0.374512 0.071777 0.133789
0 0.668457 0.423828 0.082031 0.214844
0 0.735840 0.440918 0.133789 0.266602
0 0.563232 0.440430 0.056152 0.085938
0 0.454834 0.437012 0.020996 0.063477
0 0.443604 0.439941 0.020020 0.069336
0 0.437988 0.449707 0.007812 0.063477
0 0.402832 0.435547 0.065430 0.121094
0 0.393799 0.454590 0.037598 0.108398
0 0.360840 0.457520 0.053711 0.131836
0 0.307373 0.475586 0.102051 0.169922
0 0.194092 0.507324 0.178223 0.247070
0 0.067139 0.547363 0.128418 0.403320