0 0.386475 0.413086 0.005371 0.023438
0 0.392090 0.412109 0.012695 0.025391
0 0.397705 0.414551 0.014160 0.026367
0 0.410400 0.416016 0.018066 0.027344
0 0.432617 0.419922 0.024414 0.031250
0 0.457764 0.423828 0.014160 0.035156
0 0.469238 0.424316 0.025391 0.038086
0 0.486816 0.426270 0.031250 0.041992
0 0.506836 0.432617 0.023438 0.048828
0 0.520996 0.434570 0.022461 0.058594
0 0.535645 0.435059 0.031250 0.059570
0 0.549072 0.446289 0.023926 0.066406
0 0.572510 0.447266 0.047363 0.082031
0 0.585205 0.456055 0.042480 0.089844
0 0.620850 0.465820 0.066895 0.117188
0 0.656494 0.478027 0.080566 0.149414
0 0.731934 0.500488 0.146484 0.192383
0 0.888184 0.566895 0.218750 0.360352
0 0.955322 0.655762 0.084473 0.368164