1 0.726074 0.478516 0.017578 0.134766
1 0.803223 0.485840 0.033203 0.159180
1 0.863281 0.486328 0.037109 0.197266
1 0.065918 0.483398 0.026367 0.130859
1 0.518555 0.475586 0.009766 0.052734
0 0.608398 0.460449 0.058594 0.137695
0 0.620117 0.480469 0.067383 0.119141
0 0.442871 0.481934 0.022461 0.040039
0 0.427734 0.480469 0.015625 0.046875
0 0.414795 0.480469 0.022949 0.052734
0 0.393311 0.482910 0.038574 0.061523
0 0.320312 0.459473 0.113281 0.155273
0 0.275879 0.498535 0.067383 0.120117
0 0.198730 0.506348 0.118164 0.147461