1 0.378174 0.418945 0.003418 0.007812
1 0.374268 0.422852 0.005371 0.015625
1 0.351807 0.427734 0.004395 0.027344
1 0.365479 0.431152 0.002441 0.028320
1 0.363525 0.429688 0.004395 0.031250
1 0.359619 0.431152 0.005371 0.028320
1 0.128418 0.440430 0.005859 0.044922
1 0.131836 0.442383 0.005859 0.041016
0 0.606934 0.407715 0.022461 0.032227
0 0.562988 0.417969 0.007812 0.015625
0 0.557129 0.437988 0.019531 0.032227
0 0.582520 0.426758 0.031250 0.060547
0 0.538574 0.438965 0.029297 0.036133
0 0.509521 0.438477 0.032715 0.042969
0 0.482910 0.430664 0.013672 0.041016
0 0.334717 0.437500 0.020020 0.019531
0 0.082275 0.445801 0.080566 0.057617
0 0.383789 0.449219 0.033203 0.056641
0 0.478027 0.441895 0.007812 0.036133