1 0.519775 0.339355 0.009277 0.030273
0 0.507324 0.358887 0.019531 0.030273
0 0.490723 0.367188 0.024414 0.044922
0 0.408447 0.358887 0.028809 0.034180
0 0.392090 0.381836 0.039062 0.054688
0 0.432129 0.393066 0.046875 0.075195
0 0.535400 0.370117 0.026855 0.044922
0 0.543701 0.379395 0.028809 0.049805
0 0.552246 0.399902 0.037109 0.043945
0 0.589600 0.418457 0.044434 0.096680
0 0.606689 0.425781 0.062988 0.099609
0 0.625000 0.447754 0.075195 0.127930
0 0.382812 0.392090 0.033203 0.059570
0 0.378662 0.400391 0.016113 0.060547
0 0.359863 0.405762 0.039062 0.073242
0 0.348389 0.414551 0.044434 0.075195
0 0.335449 0.425293 0.052734 0.086914
0 0.314941 0.438965 0.042969 0.096680
0 0.268311 0.451172 0.086426 0.126953
0 0.660645 0.473145 0.111328 0.153320
0 0.790527 0.529785 0.201172 0.307617
0 0.910889 0.643555 0.173340 0.623047