1 0.253174 0.446777 0.008301 0.014648
1 0.261719 0.442871 0.006836 0.020508
1 0.051758 0.463379 0.009766 0.022461
1 0.438232 0.431641 0.004395 0.017578
1 0.421631 0.436035 0.005371 0.014648
0 0.023682 0.447266 0.041504 0.064453
0 0.292725 0.447266 0.021973 0.007812
0 0.357910 0.440430 0.019531 0.009766
0 0.489990 0.422852 0.007324 0.019531
0 0.559814 0.390625 0.013184 0.013672
0 0.597900 0.394531 0.009277 0.015625
0 0.594971 0.398438 0.006348 0.003906
0 0.604492 0.405273 0.008789 0.013672
0 0.595459 0.406250 0.010254 0.013672
0 0.580078 0.414062 0.013672 0.017578
0 0.572510 0.434570 0.010254 0.025391
0 0.579102 0.443848 0.012695 0.051758
0 0.600830 0.449707 0.046387 0.073242
0 0.559082 0.422852 0.016602 0.052734
0 0.451416 0.433594 0.015137 0.009766
0 0.420410 0.430176 0.027344 0.030273
0 0.388916 0.435059 0.020020 0.016602
0 0.526367 0.467285 0.087891 0.141602
0 0.655762 0.424316 0.058594 0.112305
0 0.728760 0.411621 0.093262 0.174805
0 0.922363 0.444336 0.057617 0.130859
0 0.964844 0.437012 0.065430 0.190430
0 0.824463 0.507812 0.225098 0.275391