1 0.514893 0.382812 0.005371 0.019531
1 0.508301 0.381836 0.006836 0.025391
1 0.490723 0.378418 0.003906 0.012695
1 0.495850 0.389648 0.005371 0.033203
1 0.419678 0.385742 0.006348 0.037109
1 0.402832 0.376465 0.005859 0.018555
1 0.408447 0.385742 0.010254 0.039062
1 0.311768 0.374512 0.006348 0.032227
1 0.335449 0.399902 0.004883 0.057617
1 0.335693 0.399414 0.009277 0.068359
1 0.317139 0.402344 0.013184 0.070312
1 0.306152 0.397949 0.012695 0.077148
1 0.236328 0.341309 0.015625 0.032227
1 0.275635 0.394531 0.019043 0.091797
1 0.237549 0.371582 0.013184 0.061523
1 0.254150 0.446777 0.028809 0.182617
1 0.185303 0.362305 0.009277 0.035156
1 0.213867 0.443359 0.033203 0.177734
1 0.225830 0.439453 0.035645 0.191406
1 0.195312 0.442383 0.023438 0.183594
1 0.062500 0.441406 0.070312 0.289062
1 0.105713 0.450195 0.030762 0.226562
1 0.155273 0.379395 0.009766 0.034180
1 0.177002 0.501465 0.078613 0.401367
1 0.134521 0.528320 0.080566 0.384766
1 0.013428 0.342773 0.020996 0.083984
1 0.011475 0.431641 0.017090 0.107422
1 0.562988 0.393555 0.007812 0.042969
1 0.558350 0.392090 0.008301 0.043945
1 0.673828 0.375000 0.007812 0.033203
1 0.786865 0.381348 0.020020 0.061523
1 0.953857 0.383301 0.010254 0.081055
1 0.973877 0.376953 0.030762 0.105469
1 0.826416 0.500000 0.107910 0.380859
1 0.743652 0.516113 0.113281 0.565430
1 0.638672 0.522949 0.094727 0.500977
1 0.538574 0.447266 0.030273 0.191406
1 0.395020 0.524414 0.104492 0.386719
1 0.449951 0.506348 0.094238 0.444336
1 0.380859 0.535156 0.097656 0.527344
1 0.466309 0.541992 0.090820 0.470703
0 0.570312 0.377441 0.016602 0.045898
0 0.533691 0.375488 0.008789 0.008789
0 0.527344 0.384277 0.014648 0.022461
0 0.589111 0.397461 0.026855 0.060547
0 0.604736 0.402832 0.025879 0.071289
0 0.604980 0.414551 0.018555 0.069336
0 0.606689 0.445801 0.002441 0.020508