1 0.344238 0.406738 0.006836 0.016602
1 0.315430 0.428711 0.020508 0.060547
1 0.616211 0.409180 0.006836 0.011719
1 0.664551 0.462402 0.022461 0.133789
0 0.451904 0.463867 0.029785 0.082031
0 0.434082 0.470703 0.035156 0.089844
0 0.390137 0.471680 0.063477 0.144531
0 0.344971 0.496582 0.106934 0.165039
0 0.197510 0.556641 0.178223 0.300781
0 0.065674 0.551270 0.125488 0.485352
0 0.754150 0.493652 0.134277 0.178711
0 0.897949 0.557617 0.199219 0.337891
0 0.966797 0.689941 0.061523 0.268555
0 0.559326 0.443359 0.036621 0.058594