1 0.476807 0.417969 0.004395 0.019531
1 0.481445 0.417969 0.003906 0.019531
1 0.484619 0.416504 0.005371 0.026367
1 0.498535 0.415039 0.003906 0.019531
1 0.492920 0.416016 0.004395 0.021484
1 0.489014 0.416992 0.003418 0.019531
1 0.525391 0.400391 0.002930 0.003906
1 0.537842 0.425781 0.012207 0.080078
1 0.551270 0.425293 0.014648 0.077148
1 0.705322 0.448242 0.027832 0.119141
1 0.952881 0.380371 0.016113 0.086914
1 0.345947 0.428223 0.002441 0.036133
1 0.321533 0.412109 0.005371 0.011719
1 0.307373 0.429688 0.005371 0.041016
1 0.294922 0.427246 0.011719 0.047852
1 0.138184 0.445312 0.025391 0.119141
1 0.111084 0.450195 0.016113 0.115234
0 0.524414 0.421387 0.015625 0.038086
0 0.526611 0.424805 0.015137 0.042969
0 0.555908 0.421387 0.027832 0.057617
0 0.416992 0.437012 0.050781 0.100586
0 0.392578 0.456543 0.065430 0.110352