1 0.660889 0.421875 0.016113 0.062500
1 0.823242 0.440918 0.014648 0.100586
0 0.847900 0.357422 0.034668 0.046875
0 0.778564 0.350098 0.035645 0.038086
0 0.786133 0.365234 0.020508 0.031250
0 0.758057 0.354004 0.044434 0.030273
0 0.811768 0.388672 0.042480 0.037109
0 0.689209 0.367676 0.032715 0.049805
0 0.746094 0.408203 0.039062 0.054688
0 0.571777 0.360352 0.071289 0.037109
0 0.519531 0.365723 0.051758 0.038086
0 0.540039 0.379883 0.051758 0.031250
0 0.517578 0.408203 0.027344 0.048828
0 0.479736 0.401367 0.049316 0.089844
0 0.461670 0.423828 0.012207 0.068359
0 0.367920 0.393555 0.042480 0.048828
0 0.420898 0.405273 0.069336 0.123047
0 0.375732 0.439941 0.065918 0.084961
0 0.316895 0.443848 0.059570 0.104492
0 0.240967 0.442871 0.093262 0.139648
0 0.133789 0.475098 0.145508 0.147461
0 0.033936 0.425781 0.062012 0.189453
0 0.024658 0.477051 0.043457 0.165039
0 0.591064 0.500000 0.153809 0.248047