1 0.255371 0.448242 0.011719 0.042969
0 0.340332 0.388184 0.017578 0.028320
0 0.414551 0.380371 0.010742 0.030273
0 0.382568 0.410156 0.014160 0.029297
0 0.371582 0.413574 0.017578 0.034180
0 0.356445 0.419922 0.025391 0.039062
0 0.346924 0.428711 0.020996 0.041016
0 0.331055 0.438477 0.028320 0.048828
0 0.250244 0.446289 0.032715 0.042969
0 0.226318 0.448242 0.025879 0.035156
0 0.382324 0.459961 0.042969 0.056641
0 0.940186 0.427734 0.022949 0.042969
0 0.863037 0.431152 0.025879 0.038086
0 0.800049 0.430664 0.021973 0.041016
0 0.832275 0.434570 0.053223 0.060547
0 0.718994 0.428223 0.015137 0.030273
0 0.711182 0.444336 0.024902 0.058594
0 0.762939 0.446289 0.081543 0.093750
0 0.638184 0.433105 0.138672 0.174805
0 0.156738 0.512207 0.307617 0.223633