1 0.473877 0.422363 0.007324 0.028320
1 0.536133 0.405273 0.003906 0.015625
1 0.145752 0.411133 0.009277 0.041016
0 0.458252 0.433594 0.014160 0.013672
0 0.480957 0.411621 0.015625 0.008789
0 0.514160 0.438477 0.015625 0.056641
0 0.493408 0.443359 0.044434 0.070312
0 0.429688 0.402832 0.022461 0.010742
0 0.438477 0.437500 0.023438 0.066406
0 0.376953 0.401855 0.033203 0.030273
0 0.415283 0.439941 0.045410 0.081055
0 0.358643 0.432129 0.042480 0.083008
0 0.352539 0.446289 0.028320 0.072266
0 0.402832 0.459473 0.071289 0.102539
0 0.269287 0.504883 0.190918 0.277344