1 0.523438 0.362793 0.003906 0.038086
1 0.251953 0.396484 0.016602 0.103516
1 0.970947 0.300781 0.042480 0.253906
1 0.933350 0.301270 0.038574 0.262695
1 0.880615 0.318359 0.040527 0.253906
1 0.788330 0.333984 0.038574 0.255859
1 0.834717 0.322754 0.072754 0.325195
0 0.505127 0.346191 0.008301 0.012695
0 0.536377 0.346191 0.023926 0.079102
0 0.473145 0.371094 0.006836 0.025391
0 0.460938 0.369141 0.020508 0.039062
0 0.454346 0.375000 0.015137 0.029297
0 0.445557 0.378418 0.010254 0.036133
0 0.433350 0.378906 0.025879 0.042969
0 0.417969 0.382324 0.017578 0.047852
0 0.396729 0.388672 0.041504 0.060547
0 0.055908 0.484375 0.105957 0.394531
0 0.568848 0.373535 0.065430 0.106445