1 0.606201 0.474609 0.012207 0.082031
1 0.615479 0.480957 0.009277 0.092773
1 0.628174 0.486328 0.021973 0.097656
1 0.666504 0.482422 0.017578 0.117188
1 0.653320 0.488770 0.024414 0.118164
1 0.798340 0.447754 0.040039 0.106445
1 0.411865 0.429199 0.009277 0.043945
0 0.514893 0.450195 0.006348 0.035156
0 0.579834 0.461914 0.011230 0.044922
0 0.604492 0.464355 0.014648 0.040039
0 0.558350 0.458984 0.041504 0.078125
0 0.319336 0.467773 0.050781 0.074219
0 0.375488 0.468750 0.073242 0.125000
0 0.285889 0.464355 0.026855 0.092773
0 0.263428 0.475098 0.043457 0.120117
0 0.187256 0.481934 0.122559 0.165039
0 0.464600 0.524414 0.122559 0.193359