0 0.437744 0.419922 0.035645 0.083984
0 0.429932 0.438477 0.030762 0.062500
0 0.416748 0.444336 0.038574 0.062500
0 0.391602 0.453125 0.022461 0.097656
0 0.360840 0.455566 0.055664 0.116211
0 0.331787 0.475098 0.090332 0.141602
0 0.235840 0.510254 0.126953 0.225586
0 0.103760 0.556641 0.201660 0.365234
0 0.570557 0.422363 0.012207 0.010742
0 0.582764 0.446289 0.024902 0.064453
0 0.601807 0.453613 0.039551 0.079102
0 0.644043 0.462891 0.079102 0.119141
0 0.534180 0.453125 0.081055 0.125000
0 0.720947 0.501465 0.137207 0.176758
0 0.912598 0.603516 0.169922 0.449219