1 0.826904 0.350098 0.014160 0.026367
1 0.068848 0.470703 0.032227 0.123047
0 0.510986 0.388672 0.005371 0.005859
0 0.511230 0.395508 0.006836 0.011719
0 0.518311 0.395996 0.009277 0.010742
0 0.524414 0.407715 0.012695 0.022461
0 0.528076 0.430176 0.003418 0.024414
0 0.539062 0.426758 0.020508 0.044922
0 0.542236 0.437500 0.014160 0.050781
0 0.547119 0.437988 0.018066 0.053711
0 0.562012 0.439941 0.026367 0.069336
0 0.577148 0.443848 0.025391 0.098633
0 0.592041 0.453613 0.047363 0.116211
0 0.610352 0.474121 0.042969 0.147461
0 0.671875 0.483398 0.130859 0.201172
0 0.872803 0.588867 0.249512 0.542969
0 0.968750 0.806641 0.057617 0.376953
0 0.471924 0.433594 0.011230 0.023438
0 0.469238 0.435547 0.008789 0.021484
0 0.461670 0.435059 0.014160 0.022461
0 0.458984 0.438965 0.011719 0.024414
0 0.455322 0.440430 0.007324 0.023438
0 0.437500 0.442383 0.017578 0.035156
0 0.431152 0.446289 0.014648 0.033203
0 0.419189 0.447754 0.018066 0.040039
0 0.407471 0.453125 0.029785 0.041016
0 0.485107 0.433105 0.016113 0.032227
0 0.508789 0.436523 0.040039 0.070312
0 0.322021 0.524902 0.168457 0.215820
0 0.040771 0.531738 0.075684 0.206055