1 0.533691 0.379883 0.002930 0.015625
0 0.602539 0.434570 0.034180 0.042969
0 0.615234 0.455566 0.040039 0.073242
0 0.615234 0.465820 0.021484 0.080078
0 0.626953 0.468262 0.034180 0.081055
0 0.657959 0.475098 0.061035 0.094727
0 0.691162 0.517090 0.046387 0.122070
0 0.560791 0.473633 0.071777 0.119141
0 0.540771 0.381836 0.009277 0.015625
0 0.539307 0.391602 0.010254 0.017578
0 0.501953 0.437988 0.017578 0.053711
0 0.489990 0.441406 0.020020 0.060547
0 0.486816 0.448242 0.025391 0.062500
0 0.482910 0.448730 0.016602 0.069336
0 0.478760 0.453613 0.013184 0.071289
0 0.466553 0.452148 0.023926 0.101562
0 0.433594 0.466797 0.074219 0.136719
0 0.405518 0.487305 0.069824 0.144531
0 0.290527 0.485352 0.171875 0.318359
0 0.156494 0.569824 0.307129 0.416992