1 0.449951 0.416992 0.003418 0.046875
1 0.452393 0.411133 0.008301 0.056641
0 0.538086 0.410645 0.008789 0.014648
0 0.526123 0.417480 0.008301 0.014648
0 0.470215 0.404297 0.015625 0.007812
0 0.463379 0.425293 0.004883 0.010742
0 0.422852 0.414062 0.010742 0.009766
0 0.433838 0.422852 0.024902 0.029297
0 0.375244 0.412598 0.020996 0.026367
0 0.398682 0.436523 0.052246 0.074219
0 0.339844 0.393555 0.036133 0.009766
0 0.299072 0.426758 0.022949 0.048828
0 0.343750 0.450195 0.092773 0.107422
0 0.275146 0.415039 0.016113 0.062500
0 0.250244 0.422852 0.055176 0.082031
0 0.120605 0.391602 0.075195 0.076172
0 0.159180 0.420410 0.063477 0.086914
0 0.187256 0.436523 0.074707 0.087891
0 0.043213 0.450195 0.080566 0.152344
0 0.948730 0.457520 0.097656 0.084961
0 0.595215 0.451660 0.124023 0.135742
0 0.771973 0.488281 0.242188 0.201172