1 0.641357 0.373047 0.008301 0.041016
1 0.649414 0.372559 0.008789 0.040039
1 0.690430 0.379395 0.010742 0.049805
1 0.767578 0.387695 0.017578 0.056641
1 0.794678 0.376465 0.012207 0.053711
1 0.804443 0.429199 0.012207 0.125977
1 0.799805 0.427734 0.025391 0.132812
1 0.701172 0.432617 0.013672 0.142578
1 0.717773 0.434082 0.039062 0.168945
1 0.936035 0.400879 0.014648 0.083008
1 0.970459 0.433594 0.036621 0.250000
1 0.973633 0.316895 0.029297 0.094727
1 0.987305 0.449707 0.020508 0.225586
1 0.959473 0.492676 0.076172 0.313477
1 0.670166 0.460938 0.061035 0.320312
1 0.426025 0.377441 0.006348 0.043945
1 0.417969 0.380859 0.004883 0.039062
1 0.397217 0.366699 0.006348 0.024414
1 0.408936 0.379883 0.011230 0.046875
1 0.399414 0.392578 0.010742 0.050781
1 0.386475 0.382812 0.009277 0.041016
1 0.497070 0.425293 0.032227 0.190430
1 0.496094 0.439941 0.035156 0.194336
1 0.521729 0.417969 0.048340 0.234375
1 0.572021 0.646484 0.034668 0.089844
1 0.569824 0.499023 0.099609 0.398438
1 0.287598 0.368652 0.005859 0.018555
1 0.278320 0.372559 0.014648 0.036133
1 0.271484 0.375488 0.021484 0.045898
1 0.190918 0.349121 0.018555 0.040039
1 0.215332 0.409668 0.012695 0.063477
1 0.208740 0.403809 0.020996 0.083008
1 0.199951 0.405273 0.025879 0.082031
1 0.187256 0.406250 0.031738 0.082031
1 0.144043 0.371094 0.026367 0.066406
1 0.114014 0.363770 0.010254 0.041992
1 0.103516 0.377930 0.016602 0.066406
1 0.142822 0.391602 0.029785 0.074219
1 0.135742 0.402832 0.051758 0.100586
1 0.062012 0.400391 0.020508 0.109375
1 0.008789 0.410645 0.010742 0.098633
1 0.022949 0.442871 0.029297 0.188477
1 0.010010 0.463867 0.014160 0.263672
1 0.088623 0.443848 0.032715 0.176758
1 0.225098 0.468750 0.017578 0.093750
1 0.252441 0.405273 0.030273 0.087891
1 0.247070 0.473145 0.016602 0.100586
1 0.372559 0.516602 0.116211 0.558594
1 0.306396 0.553711 0.119629 0.562500
0 0.583496 0.378418 0.020508 0.036133
0 0.600342 0.374512 0.035645 0.026367
0 0.607422 0.407227 0.046875 0.076172
0 0.486328 0.369141 0.022461 0.021484