1 0.803223 0.392578 0.016602 0.050781
1 0.781250 0.405273 0.018555 0.025391
1 0.762451 0.416992 0.003418 0.001953
1 0.671875 0.510742 0.246094 0.869141
0 0.413574 0.433594 0.029297 0.060547
0 0.413574 0.444824 0.016602 0.047852
0 0.390625 0.446289 0.041992 0.056641
0 0.350342 0.449707 0.021973 0.055664
0 0.203613 0.458496 0.060547 0.071289
0 0.278564 0.448242 0.135254 0.093750
0 0.047119 0.460938 0.088379 0.068359
0 0.130615 0.458984 0.110840 0.078125
0 0.965088 0.387695 0.064941 0.056641
0 0.977295 0.454590 0.040527 0.161133
0 0.648926 0.476562 0.292969 0.205078