1 0.655762 0.443359 0.010742 0.058594
1 0.680420 0.453613 0.020996 0.077148
0 0.466309 0.455566 0.031250 0.038086
0 0.566406 0.457031 0.012695 0.050781
0 0.575195 0.457520 0.022461 0.045898
0 0.588135 0.455078 0.009277 0.064453
0 0.494629 0.460938 0.026367 0.044922
0 0.311035 0.472168 0.029297 0.059570
0 0.287354 0.474609 0.042480 0.056641
0 0.172852 0.467285 0.034180 0.032227
0 0.199463 0.493652 0.108887 0.069336
0 0.536865 0.470703 0.061035 0.103516
0 0.735840 0.463379 0.105469 0.155273
0 0.834717 0.487793 0.166504 0.192383
0 0.619873 0.448242 0.062012 0.095703