1 0.062744 0.461914 0.009277 0.132812
1 0.022461 0.459961 0.031250 0.148438
0 0.363525 0.433594 0.019043 0.029297
0 0.372559 0.443359 0.030273 0.041016
0 0.260742 0.447266 0.031250 0.058594
0 0.224854 0.445801 0.054199 0.092773
0 0.142822 0.486328 0.102051 0.117188
0 0.010254 0.588379 0.014648 0.161133
0 0.459717 0.435547 0.054199 0.107422
0 0.470459 0.450195 0.056152 0.095703
0 0.496094 0.454102 0.049805 0.105469
0 0.509033 0.467773 0.053223 0.134766
0 0.579346 0.471680 0.130371 0.193359
0 0.883789 0.547852 0.227539 0.419922