1 0.517578 0.454590 0.002930 0.016602
1 0.500488 0.452637 0.002930 0.014648
1 0.621582 0.443359 0.008789 0.039062
0 0.502197 0.408691 0.005371 0.008789
0 0.509521 0.405273 0.005371 0.005859
0 0.515625 0.406250 0.004883 0.005859
0 0.402344 0.469727 0.017578 0.054688
0 0.388672 0.471680 0.023438 0.056641
0 0.370850 0.473633 0.024902 0.070312
0 0.320068 0.443359 0.082520 0.144531
0 0.118896 0.468262 0.093262 0.086914
0 0.564453 0.449707 0.040039 0.077148
0 0.582764 0.461914 0.036621 0.078125
0 0.593994 0.475586 0.042480 0.064453
0 0.630371 0.496094 0.044922 0.126953
0 0.779297 0.454590 0.077148 0.096680
0 0.689453 0.504395 0.122070 0.172852
0 0.969482 0.415039 0.056152 0.042969
0 0.863281 0.574219 0.268555 0.347656
0 0.969238 0.706055 0.056641 0.369141