1 0.115723 0.427734 0.012695 0.052734
1 0.347900 0.387207 0.019043 0.135742
1 0.838623 0.493652 0.206543 0.719727
0 0.888916 0.261230 0.054199 0.069336
0 0.206543 0.396973 0.014648 0.036133
0 0.219727 0.406738 0.013672 0.022461
0 0.174561 0.435059 0.068848 0.114258
0 0.255371 0.404785 0.023438 0.043945
0 0.260986 0.406250 0.016113 0.041016
0 0.270752 0.408691 0.017090 0.040039
0 0.282227 0.406738 0.018555 0.043945
0 0.301514 0.404297 0.034668 0.048828
0 0.328369 0.401367 0.021973 0.062500
0 0.351807 0.396484 0.042480 0.072266
0 0.396240 0.395020 0.070801 0.084961
0 0.696045 0.421875 0.146973 0.339844
0 0.835693 0.518066 0.323730 0.497070
0 0.013672 0.630371 0.021484 0.243164