1 0.526855 0.390625 0.006836 0.017578
1 0.535645 0.390137 0.009766 0.024414
1 0.584473 0.426758 0.014648 0.082031
1 0.579346 0.424316 0.020020 0.090820
1 0.593262 0.429199 0.012695 0.086914
1 0.625488 0.420898 0.008789 0.089844
1 0.618896 0.424805 0.012207 0.083984
1 0.714355 0.428711 0.012695 0.048828
1 0.693115 0.418457 0.005371 0.020508
1 0.882324 0.433105 0.020508 0.141602
1 0.545410 0.408691 0.003906 0.020508
1 0.063477 0.387695 0.007812 0.033203
1 0.703369 0.424805 0.015137 0.083984
0 0.564697 0.410645 0.006348 0.010742
0 0.573730 0.409668 0.008789 0.028320
0 0.588379 0.410156 0.005859 0.015625
0 0.604004 0.416992 0.012695 0.037109
0 0.609619 0.420410 0.012207 0.036133
0 0.636963 0.407715 0.034668 0.077148
0 0.637207 0.426270 0.021484 0.047852
0 0.747803 0.445801 0.051270 0.098633
0 0.791260 0.455078 0.090332 0.117188
0 0.521484 0.443359 0.065430 0.089844
0 0.640869 0.429199 0.013184 0.045898
0 0.659424 0.429688 0.039551 0.060547