1 0.593994 0.392090 0.014160 0.051758
1 0.606201 0.380371 0.012207 0.026367
1 0.618896 0.381836 0.013184 0.027344
1 0.731689 0.395508 0.014160 0.023438
0 0.473633 0.406250 0.013672 0.029297
0 0.454346 0.403320 0.030762 0.042969
0 0.579834 0.397949 0.022949 0.047852
0 0.640381 0.394043 0.032715 0.012695
0 0.604736 0.435059 0.038574 0.084961
0 0.619629 0.441895 0.042969 0.092773
0 0.646240 0.455566 0.062988 0.114258
0 0.664551 0.468750 0.063477 0.136719
0 0.713867 0.486328 0.131836 0.164062
0 0.875000 0.563477 0.245117 0.402344
0 0.971191 0.735352 0.052734 0.345703
0 0.206543 0.495117 0.142578 0.232422
0 0.092041 0.557617 0.178223 0.333984