0 0.586426 0.434082 0.018555 0.053711
0 0.615479 0.447754 0.065918 0.127930
0 0.637207 0.466797 0.047852 0.166016
0 0.435303 0.409668 0.007324 0.012695
0 0.419189 0.437500 0.029785 0.074219
0 0.457275 0.442871 0.063965 0.092773
0 0.404785 0.447754 0.041016 0.081055
0 0.524170 0.443359 0.084473 0.154297
0 0.380615 0.451660 0.027832 0.104492
0 0.712646 0.464355 0.153809 0.280273
0 0.819580 0.536133 0.239746 0.367188
0 0.167480 0.508301 0.140625 0.211914
0 0.296387 0.506348 0.185547 0.256836
0 0.066895 0.564453 0.127930 0.337891