0 0.532471 0.443359 0.017090 0.039062
0 0.556152 0.452637 0.020508 0.073242
0 0.573730 0.455078 0.040039 0.093750
0 0.593018 0.463867 0.037598 0.115234
0 0.636230 0.469238 0.094727 0.151367
0 0.724609 0.510742 0.153320 0.267578
0 0.862793 0.573730 0.269531 0.502930
0 0.985352 0.812500 0.024414 0.365234
0 0.490723 0.437012 0.023438 0.043945
0 0.428223 0.435547 0.103516 0.105469
0 0.394043 0.457031 0.029297 0.091797
0 0.364990 0.463379 0.067871 0.110352
0 0.281738 0.489258 0.127930 0.171875
0 0.109619 0.536621 0.213379 0.377930