1 0.747803 0.401367 0.003418 0.009766
1 0.743408 0.401855 0.003418 0.008789
1 0.422119 0.415039 0.005371 0.009766
1 0.014893 0.422852 0.014160 0.023438
1 0.029541 0.429199 0.005371 0.008789
1 0.052002 0.424805 0.006348 0.013672
1 0.065430 0.423340 0.011719 0.016602
1 0.479248 0.515625 0.123535 0.447266
1 0.365723 0.516602 0.187500 0.726562
0 0.750977 0.422363 0.010742 0.036133
0 0.772461 0.420898 0.042969 0.044922
0 0.927490 0.419922 0.021973 0.029297
0 0.733154 0.427734 0.015137 0.025391
0 0.722412 0.423828 0.009277 0.035156
0 0.887939 0.422363 0.078613 0.055664
0 0.982910 0.426270 0.029297 0.043945