1 0.783203 0.470703 0.038086 0.228516
1 0.463379 0.431152 0.010742 0.038086
1 0.470459 0.427734 0.008301 0.041016
1 0.477295 0.432617 0.018066 0.060547
1 0.451416 0.437500 0.015137 0.052734
1 0.416748 0.435059 0.010254 0.057617
0 0.525146 0.388672 0.010254 0.015625
0 0.583740 0.436035 0.032715 0.057617
0 0.614990 0.452637 0.051270 0.092773
0 0.646484 0.458008 0.048828 0.107422
0 0.678711 0.466797 0.055664 0.132812
0 0.748535 0.479004 0.144531 0.192383
0 0.485107 0.423828 0.021973 0.039062
0 0.368652 0.423340 0.073242 0.153320
0 0.267090 0.428711 0.133789 0.226562
0 0.533447 0.437500 0.035645 0.048828