1 0.553711 0.532715 0.112305 0.557617
0 0.747559 0.424316 0.011719 0.032227
0 0.733643 0.418945 0.020020 0.039062
0 0.931885 0.422852 0.011230 0.029297
0 0.903320 0.421387 0.009766 0.026367
0 0.917969 0.422852 0.025391 0.035156
0 0.775879 0.419922 0.025391 0.039062
0 0.825928 0.424805 0.086426 0.068359
0 0.616699 0.418457 0.032227 0.034180
0 0.658691 0.422852 0.009766 0.029297
0 0.633301 0.422363 0.023438 0.038086
0 0.674072 0.421387 0.007324 0.028320
0 0.708008 0.422852 0.066406 0.054688
0 0.083008 0.452637 0.160156 0.110352
0 0.262939 0.418945 0.159668 0.160156
0 0.430664 0.403320 0.166992 0.148438