0 0.032959 0.464355 0.037598 0.053711
0 0.011230 0.478027 0.016602 0.116211
0 0.006592 0.507812 0.007324 0.099609
0 0.050537 0.465820 0.019043 0.052734
0 0.148438 0.466797 0.056641 0.060547
0 0.092773 0.474609 0.082031 0.095703
0 0.195557 0.468262 0.064941 0.061523
0 0.257324 0.464844 0.067383 0.072266
0 0.312988 0.469727 0.078125 0.074219
0 0.742188 0.527344 0.189453 0.263672
0 0.881592 0.580566 0.231934 0.411133
0 0.400146 0.467773 0.082520 0.095703
0 0.462646 0.474609 0.088379 0.107422
0 0.539307 0.485352 0.104004 0.123047