1 0.399170 0.449707 0.020996 0.073242
0 0.423096 0.410645 0.018066 0.030273
0 0.409180 0.440918 0.018555 0.032227
0 0.447266 0.443359 0.020508 0.039062
0 0.482178 0.440918 0.034668 0.069336
0 0.510498 0.446777 0.041504 0.083008
0 0.546875 0.462891 0.046875 0.095703
0 0.361084 0.457520 0.017090 0.057617
0 0.312256 0.471680 0.054199 0.126953
0 0.267090 0.487793 0.083984 0.159180
0 0.207031 0.514648 0.117188 0.193359
0 0.580322 0.474609 0.074707 0.128906
0 0.659668 0.490723 0.136719 0.178711
0 0.852539 0.573730 0.290039 0.403320
0 0.928955 0.674805 0.137207 0.482422
0 0.092041 0.578613 0.178223 0.301758