1 0.470215 0.461426 0.026367 0.122070
1 0.444336 0.466797 0.025391 0.119141
0 0.510986 0.458496 0.019043 0.043945
0 0.435303 0.461426 0.006348 0.040039
0 0.430420 0.459473 0.012207 0.043945
0 0.409668 0.469727 0.022461 0.060547
0 0.521484 0.463867 0.013672 0.054688
0 0.545410 0.461426 0.049805 0.077148
0 0.397217 0.476074 0.030762 0.075195
0 0.387695 0.485840 0.024414 0.092773
0 0.372559 0.489258 0.043945 0.109375
0 0.336182 0.495117 0.063965 0.138672
0 0.646729 0.502441 0.090332 0.178711
0 0.735107 0.535156 0.187012 0.242188
0 0.927246 0.656738 0.140625 0.465820
0 0.280518 0.522461 0.107910 0.224609
0 0.149170 0.582520 0.264160 0.356445