1 0.181885 0.473145 0.012207 0.098633
1 0.190674 0.475098 0.019043 0.110352
1 0.211914 0.475586 0.024414 0.109375
1 0.220459 0.480469 0.024902 0.099609
1 0.246338 0.480469 0.023926 0.111328
1 0.284912 0.482422 0.031738 0.107422
1 0.392822 0.419922 0.023926 0.091797
1 0.655273 0.473145 0.023438 0.139648
0 0.731934 0.462891 0.012695 0.023438
0 0.603760 0.435547 0.079590 0.072266
0 0.614990 0.454102 0.047363 0.035156
0 0.306396 0.477051 0.026855 0.071289
0 0.254395 0.475586 0.073242 0.089844
0 0.143066 0.484863 0.083008 0.073242
0 0.354004 0.458496 0.099609 0.155273
0 0.792236 0.501465 0.084473 0.094727