1 0.493896 0.438477 0.013184 0.050781
1 0.388184 0.410156 0.002930 0.013672
1 0.380615 0.413086 0.010254 0.011719
1 0.167969 0.416016 0.028320 0.064453
1 0.222900 0.479492 0.038574 0.242188
0 0.408447 0.445312 0.016113 0.050781
0 0.393555 0.446289 0.026367 0.062500
0 0.381592 0.453613 0.020996 0.071289
0 0.374023 0.459473 0.019531 0.088867
0 0.323730 0.471680 0.033203 0.107422
0 0.295898 0.474121 0.061523 0.112305
0 0.267822 0.496094 0.100098 0.148438
0 0.134766 0.549316 0.186523 0.260742
0 0.066162 0.582031 0.126465 0.343750
0 0.524902 0.452637 0.023438 0.086914
0 0.563721 0.452637 0.084473 0.133789