1 0.792725 0.439453 0.005371 0.039062
0 0.506592 0.431152 0.011230 0.004883
0 0.511963 0.454102 0.020020 0.041016
0 0.553955 0.448242 0.025879 0.046875
0 0.556152 0.453125 0.020508 0.046875
0 0.575439 0.455078 0.033691 0.050781
0 0.814941 0.446777 0.016602 0.022461
0 0.788086 0.436035 0.038086 0.045898
0 0.640869 0.457031 0.045410 0.064453
0 0.680908 0.455566 0.028809 0.051758
0 0.944092 0.465820 0.097168 0.101562
0 0.984619 0.479492 0.025879 0.097656
0 0.037842 0.419434 0.069824 0.104492
0 0.132812 0.519531 0.259766 0.281250
0 0.378906 0.589355 0.338867 0.477539