1 0.372070 0.420898 0.006836 0.011719
1 0.385010 0.416016 0.009277 0.015625
0 0.468018 0.440430 0.010254 0.042969
0 0.449707 0.437988 0.033203 0.065430
0 0.436279 0.451660 0.029785 0.063477
0 0.424561 0.460449 0.027832 0.069336
0 0.390381 0.470215 0.062012 0.096680
0 0.319092 0.496094 0.099121 0.150391
0 0.149170 0.535156 0.258301 0.337891
0 0.618164 0.442871 0.090820 0.094727
0 0.606934 0.455078 0.042969 0.082031
0 0.648438 0.471680 0.053711 0.109375
0 0.712646 0.479004 0.126465 0.127930
0 0.877930 0.502441 0.212891 0.241211
0 0.911621 0.555664 0.140625 0.240234
0 0.964355 0.598145 0.066406 0.395508