1 0.953857 0.447266 0.010254 0.060547
1 0.993896 0.435547 0.007324 0.044922
1 0.925293 0.462402 0.017578 0.079102
0 0.553467 0.431152 0.009277 0.018555
0 0.992676 0.474609 0.009766 0.054688
0 0.032227 0.424805 0.058594 0.060547
0 0.097656 0.438477 0.051758 0.046875
0 0.503906 0.444824 0.032227 0.049805
0 0.462402 0.435547 0.020508 0.029297
0 0.442383 0.432617 0.021484 0.044922
0 0.429688 0.437012 0.020508 0.045898
0 0.411377 0.440918 0.030762 0.051758
0 0.396240 0.447754 0.017090 0.059570
0 0.370361 0.454590 0.059082 0.084961