1 0.549316 0.343262 0.004883 0.026367
1 0.555176 0.348145 0.003906 0.030273
1 0.519287 0.312500 0.002441 0.013672
1 0.473145 0.341309 0.003906 0.028320
1 0.493408 0.309570 0.002441 0.007812
0 0.564697 0.408203 0.031738 0.056641
0 0.584717 0.423340 0.038574 0.077148
0 0.604248 0.439453 0.037598 0.103516
0 0.631104 0.445312 0.046387 0.130859
0 0.671631 0.459473 0.091309 0.155273
0 0.914062 0.651367 0.166992 0.447266
0 0.444092 0.413086 0.031738 0.064453
0 0.410645 0.429688 0.060547 0.095703
0 0.338867 0.467773 0.083984 0.160156
0 0.220947 0.512695 0.197754 0.283203