1 0.709961 0.427246 0.031250 0.159180
1 0.759766 0.427246 0.017578 0.139648
1 0.364746 0.411621 0.006836 0.012695
1 0.355713 0.412109 0.004395 0.007812
1 0.321289 0.425781 0.013672 0.037109
1 0.271484 0.435547 0.005859 0.025391
1 0.267822 0.436523 0.008301 0.027344
1 0.262451 0.445801 0.013184 0.051758
1 0.247314 0.431641 0.005371 0.017578
1 0.242432 0.437500 0.016113 0.027344
1 0.219482 0.444824 0.020996 0.100586
1 0.295898 0.444336 0.016602 0.078125
1 0.281738 0.441895 0.017578 0.094727
1 0.080811 0.456055 0.015137 0.117188
1 0.115967 0.464844 0.029785 0.128906
1 0.054688 0.472656 0.042969 0.187500
0 0.569092 0.383789 0.042480 0.050781
0 0.484375 0.384277 0.004883 0.008789
0 0.463135 0.401367 0.006348 0.013672
0 0.458984 0.415527 0.009766 0.016602
0 0.455566 0.418457 0.010742 0.016602
0 0.449707 0.424316 0.015625 0.024414
0 0.469727 0.423828 0.011719 0.017578
0 0.512939 0.404297 0.012207 0.031250
0 0.496582 0.407227 0.009766 0.011719
0 0.491943 0.418457 0.025879 0.026367
0 0.487061 0.436035 0.033691 0.051758
0 0.516846 0.414062 0.010254 0.021484
0 0.517822 0.416016 0.007324 0.019531
0 0.556641 0.447266 0.079102 0.156250
0 0.739014 0.431641 0.033691 0.087891
0 0.957764 0.536133 0.079590 0.628906
0 0.417236 0.435547 0.030762 0.046875
0 0.384521 0.440430 0.038574 0.064453
0 0.342529 0.471191 0.075684 0.110352