1 0.688232 0.446289 0.005371 0.025391
1 0.698730 0.447754 0.004883 0.024414
1 0.538574 0.442383 0.006836 0.046875
1 0.046631 0.442871 0.006348 0.010742
1 0.792725 0.525879 0.121582 0.450195
0 0.604004 0.453613 0.008789 0.008789
0 0.679688 0.441895 0.012695 0.018555
0 0.664062 0.437988 0.008789 0.008789
0 0.669434 0.445312 0.011719 0.017578
0 0.660889 0.447266 0.007324 0.021484
0 0.617920 0.456055 0.020020 0.023438
0 0.715576 0.454102 0.021973 0.035156
0 0.764648 0.447266 0.018555 0.070312
0 0.825439 0.454102 0.038574 0.083984
0 0.853271 0.452637 0.083496 0.110352
0 0.964844 0.468262 0.065430 0.139648