1 0.168457 0.451660 0.006836 0.022461
1 0.175537 0.455566 0.006348 0.024414
1 0.214111 0.454102 0.005371 0.021484
1 0.228271 0.438477 0.005371 0.017578
1 0.333496 0.444824 0.010742 0.053711
1 0.367920 0.450195 0.007324 0.044922
1 0.386719 0.442383 0.009766 0.066406
1 0.546387 0.447266 0.017578 0.078125
1 0.602295 0.445312 0.015137 0.087891
1 0.245117 0.477539 0.062500 0.328125
1 0.309814 0.521484 0.121582 0.396484
1 0.263428 0.507324 0.107910 0.459961
1 0.686768 0.451172 0.013184 0.089844
1 0.675049 0.450195 0.015137 0.091797
1 0.662354 0.452148 0.018066 0.085938
1 0.637939 0.456543 0.013184 0.075195
1 0.625244 0.449707 0.018066 0.084961
1 0.402588 0.437988 0.013184 0.067383