1 0.362061 0.558105 0.013184 0.065430
1 0.239502 0.554199 0.032715 0.139648
1 0.797607 0.488281 0.058105 0.269531
1 0.914307 0.476562 0.065918 0.279297
1 0.863037 0.479980 0.050293 0.276367
0 0.472412 0.538086 0.019043 0.041016
0 0.489746 0.548340 0.014648 0.016602
0 0.500488 0.539551 0.022461 0.024414
0 0.377441 0.567383 0.027344 0.056641
0 0.418213 0.556641 0.059082 0.085938
0 0.330566 0.560547 0.045898 0.095703
0 0.293457 0.565918 0.080078 0.098633
0 0.047607 0.602539 0.089355 0.236328
0 0.540527 0.543945 0.022461 0.078125
0 0.551514 0.541504 0.025879 0.092773
0 0.569824 0.533691 0.040039 0.122070
0 0.589355 0.535156 0.040039 0.130859
0 0.667725 0.514648 0.132324 0.210938