1 0.449707 0.289551 0.009766 0.045898
1 0.468018 0.264648 0.010254 0.019531
1 0.518799 0.285645 0.009277 0.051758
1 0.610596 0.289062 0.010254 0.048828
1 0.621338 0.284668 0.015137 0.065430
1 0.314453 0.307129 0.020508 0.073242
1 0.240479 0.377441 0.028809 0.202148
1 0.219971 0.391602 0.037598 0.189453
1 0.145264 0.415527 0.060059 0.225586
1 0.360596 0.337402 0.020020 0.106445
0 0.540771 0.258301 0.027832 0.043945
0 0.487305 0.271484 0.028320 0.044922
0 0.565186 0.278809 0.034668 0.038086
0 0.577148 0.307617 0.035156 0.080078
0 0.594238 0.323242 0.044922 0.060547
0 0.455811 0.396973 0.139160 0.163086
0 0.612793 0.474609 0.172852 0.248047