1 0.764160 0.483398 0.048828 0.238281
1 0.209961 0.479492 0.025391 0.076172
0 0.510986 0.396484 0.005371 0.007812
0 0.513916 0.399414 0.005371 0.007812
0 0.505371 0.405273 0.008789 0.011719
0 0.503662 0.411133 0.007324 0.011719
0 0.510498 0.416016 0.008301 0.013672
0 0.517822 0.417969 0.012207 0.011719
0 0.500732 0.419434 0.012207 0.012695
0 0.495850 0.429688 0.010254 0.015625
0 0.531006 0.431152 0.018066 0.036133
0 0.561035 0.432129 0.017578 0.041992
0 0.566162 0.436523 0.007324 0.042969
0 0.578857 0.434570 0.026855 0.072266
0 0.600098 0.429199 0.034180 0.108398
0 0.618164 0.435059 0.062500 0.116211
0 0.625977 0.443359 0.045898 0.125000
0 0.632324 0.471191 0.028320 0.114258
0 0.726318 0.391113 0.181152 0.366211
0 0.444824 0.441406 0.016602 0.027344
0 0.370850 0.458496 0.042480 0.084961
0 0.330566 0.471680 0.063477 0.103516