0 0.498291 0.317871 0.006348 0.014648
0 0.424316 0.296875 0.015625 0.003906
0 0.407959 0.297363 0.014160 0.006836
0 0.406006 0.303711 0.014160 0.013672
0 0.407959 0.308594 0.006348 0.011719
0 0.401123 0.311035 0.014160 0.018555
0 0.388916 0.315918 0.020996 0.026367
0 0.387939 0.320801 0.016113 0.022461
0 0.375488 0.322266 0.017578 0.031250
0 0.369873 0.326172 0.021973 0.033203
0 0.365723 0.332031 0.023438 0.037109
0 0.359131 0.340820 0.024902 0.050781
0 0.351562 0.344727 0.023438 0.048828
0 0.329102 0.338379 0.037109 0.036133
0 0.289062 0.351074 0.048828 0.061523
0 0.263184 0.358398 0.055664 0.033203
0 0.439697 0.314453 0.015137 0.031250
0 0.424805 0.321777 0.025391 0.045898
0 0.420410 0.334961 0.026367 0.048828
0 0.413330 0.344727 0.028809 0.054688
0 0.394287 0.365723 0.049316 0.073242
0 0.333496 0.408203 0.072266 0.113281
0 0.238525 0.462402 0.150879 0.202148
0 0.478760 0.312500 0.019043 0.027344
0 0.502930 0.313965 0.005859 0.022461
0 0.510742 0.312988 0.014648 0.030273
0 0.517578 0.318848 0.018555 0.038086
0 0.524658 0.324707 0.022949 0.040039
0 0.543945 0.308105 0.016602 0.032227
0 0.556641 0.312500 0.021484 0.039062
0 0.729736 0.390137 0.067871 0.120117
0 0.569824 0.360352 0.047852 0.068359
0 0.579834 0.383301 0.047363 0.083008
0 0.511719 0.466309 0.124023 0.192383