0 0.513184 0.261719 0.014648 0.013672
0 0.527832 0.259277 0.004883 0.016602
0 0.464844 0.258301 0.003906 0.018555
0 0.458008 0.255859 0.013672 0.025391
0 0.456543 0.257324 0.014648 0.022461
0 0.455322 0.258301 0.013184 0.018555
0 0.453857 0.264160 0.015137 0.026367
0 0.447021 0.267090 0.019043 0.024414
0 0.446045 0.274902 0.013184 0.020508
0 0.437012 0.275391 0.011719 0.017578
0 0.436279 0.277344 0.012207 0.015625
0 0.432617 0.286133 0.015625 0.023438
0 0.428467 0.294922 0.020996 0.031250
0 0.425781 0.303223 0.020508 0.038086
0 0.418945 0.309082 0.020508 0.041992
0 0.406494 0.323730 0.017090 0.059570
0 0.403076 0.343262 0.012207 0.045898
0 0.479248 0.265137 0.018066 0.028320
0 0.455078 0.320312 0.038086 0.080078
0 0.442139 0.363281 0.043457 0.074219
0 0.533203 0.257324 0.009766 0.020508
0 0.538818 0.260742 0.015137 0.023438
0 0.541992 0.263672 0.013672 0.019531
0 0.543457 0.269531 0.015625 0.025391
0 0.546631 0.277344 0.017090 0.029297
0 0.564453 0.255859 0.013672 0.023438
0 0.571289 0.264648 0.016602 0.029297
0 0.561523 0.320312 0.017578 0.042969
0 0.562988 0.335449 0.014648 0.045898
0 0.619385 0.327148 0.029785 0.046875
0 0.631104 0.344727 0.026855 0.058594
0 0.531982 0.456055 0.102051 0.164062