1 0.482666 0.429199 0.002441 0.016602
1 0.479736 0.427734 0.003418 0.019531
1 0.489014 0.431152 0.007324 0.022461
1 0.508301 0.436035 0.012695 0.055664
0 0.468018 0.436523 0.011230 0.027344
0 0.442871 0.438965 0.049805 0.032227
0 0.441162 0.436523 0.026855 0.044922
0 0.369141 0.415039 0.033203 0.017578
0 0.395020 0.446289 0.033203 0.060547
0 0.385498 0.452148 0.025879 0.056641
0 0.370361 0.452637 0.022949 0.069336
0 0.365234 0.457031 0.020508 0.074219
0 0.160645 0.479004 0.119141 0.200195
0 0.067139 0.511719 0.128418 0.238281
0 0.268066 0.491211 0.188477 0.271484
0 0.506348 0.433594 0.011719 0.015625
0 0.574951 0.444824 0.034668 0.055664
0 0.610352 0.453125 0.055664 0.093750
0 0.645020 0.469727 0.053711 0.142578
0 0.710693 0.486328 0.135254 0.191406
0 0.949463 0.591797 0.096191 0.482422