1 0.515137 0.438477 0.009766 0.033203
0 0.555420 0.441895 0.016113 0.024414
0 0.566162 0.445801 0.016113 0.040039
0 0.580322 0.446289 0.022949 0.052734
0 0.584229 0.454102 0.024902 0.058594
0 0.596680 0.458984 0.022461 0.078125
0 0.611084 0.460938 0.034668 0.080078
0 0.616455 0.470215 0.034668 0.094727
0 0.645996 0.475586 0.057617 0.125000
0 0.691650 0.491699 0.089355 0.166992
0 0.748047 0.524414 0.115234 0.230469
0 0.871826 0.570312 0.251465 0.376953
0 0.960693 0.722656 0.073730 0.402344
0 0.472656 0.451660 0.017578 0.051758
0 0.457764 0.457520 0.027832 0.071289
0 0.442383 0.463379 0.022461 0.094727
0 0.421631 0.462891 0.042480 0.117188
0 0.409668 0.472168 0.035156 0.129883
0 0.359619 0.478027 0.094238 0.176758
0 0.287598 0.519531 0.148438 0.224609
0 0.090576 0.656738 0.175293 0.590820
0 0.527588 0.435547 0.011230 0.019531