0 0.574951 0.422363 0.027832 0.061523
0 0.600586 0.435547 0.038086 0.068359
0 0.608398 0.446777 0.032227 0.069336
0 0.622803 0.455566 0.028809 0.081055
0 0.649658 0.461914 0.063965 0.097656
0 0.713135 0.484863 0.105957 0.155273
0 0.829102 0.518066 0.176758 0.258789
0 0.915039 0.603027 0.165039 0.368164
0 0.467773 0.432617 0.016602 0.035156
0 0.458496 0.436523 0.014648 0.039062
0 0.452148 0.437988 0.011719 0.038086
0 0.441162 0.440430 0.020020 0.050781
0 0.429932 0.443848 0.022949 0.057617
0 0.402832 0.444824 0.044922 0.067383
0 0.498535 0.429688 0.020508 0.037109
0 0.527832 0.432617 0.044922 0.078125
0 0.064941 0.446777 0.090820 0.102539
0 0.333252 0.458496 0.061035 0.110352
0 0.269287 0.477051 0.119629 0.139648