1 0.186279 0.398926 0.017090 0.028320
0 0.445312 0.415039 0.016602 0.015625
0 0.469238 0.416016 0.032227 0.031250
0 0.476562 0.418457 0.021484 0.026367
0 0.486084 0.419434 0.019043 0.024414
0 0.495117 0.419434 0.015625 0.024414
0 0.500488 0.420410 0.010742 0.024414
0 0.510254 0.416016 0.017578 0.029297
0 0.513184 0.419922 0.007812 0.025391
0 0.520752 0.417480 0.015137 0.032227
0 0.523438 0.418457 0.008789 0.028320
0 0.531250 0.417480 0.015625 0.034180
0 0.547119 0.415039 0.027832 0.035156
0 0.564941 0.415039 0.035156 0.035156
0 0.459961 0.449707 0.013672 0.053711
0 0.438232 0.447754 0.041504 0.069336
0 0.403809 0.462891 0.047852 0.080078
0 0.348145 0.479980 0.087891 0.125977
0 0.217041 0.516602 0.172363 0.234375
0 0.075195 0.595703 0.144531 0.445312