1 0.477051 0.360352 0.005859 0.013672
1 0.488281 0.381348 0.007812 0.045898
1 0.495605 0.380371 0.006836 0.040039
1 0.466553 0.381836 0.009277 0.046875
1 0.440186 0.373535 0.005371 0.018555
1 0.446045 0.383789 0.008301 0.046875
1 0.454590 0.380371 0.009766 0.040039
1 0.456787 0.420898 0.013184 0.056641
1 0.436035 0.418945 0.023438 0.117188
1 0.396973 0.404297 0.016602 0.070312
1 0.549805 0.416992 0.014648 0.103516
1 0.562744 0.411621 0.019043 0.133789
1 0.816406 0.441406 0.042969 0.289062
1 0.594482 0.467773 0.042480 0.267578
1 0.628418 0.454102 0.044922 0.314453
1 0.898926 0.422852 0.074219 0.324219
1 0.900879 0.451172 0.038086 0.291016
0 0.476074 0.379395 0.012695 0.032227
0 0.703369 0.434570 0.139160 0.238281