1 0.660156 0.423340 0.007812 0.043945
1 0.653809 0.419922 0.012695 0.056641
1 0.668701 0.427246 0.012207 0.049805
1 0.556885 0.426270 0.008301 0.040039
1 0.754883 0.431152 0.011719 0.067383
1 0.741211 0.429688 0.010742 0.070312
1 0.732910 0.426270 0.013672 0.083008
1 0.718994 0.430664 0.014160 0.070312
1 0.482666 0.418457 0.004395 0.022461
1 0.488525 0.424805 0.010254 0.060547
1 0.455566 0.419922 0.008789 0.048828
1 0.462646 0.420898 0.007324 0.041016
0 0.609863 0.428223 0.020508 0.020508
0 0.576416 0.437012 0.033691 0.057617
0 0.519775 0.435059 0.033691 0.053711