1 0.664551 0.449707 0.033203 0.153320
1 0.732178 0.443359 0.031738 0.166016
1 0.448730 0.416504 0.004883 0.006836
1 0.307129 0.440430 0.015625 0.078125
1 0.325928 0.435059 0.018066 0.086914
0 0.550781 0.417969 0.010742 0.015625
0 0.546387 0.424805 0.013672 0.023438
0 0.713623 0.436523 0.071777 0.076172
0 0.695068 0.445801 0.025879 0.063477
0 0.727539 0.442871 0.066406 0.069336
0 0.752930 0.449707 0.025391 0.067383
0 0.823486 0.460938 0.093262 0.140625
0 0.899414 0.467285 0.152344 0.157227
0 0.935547 0.498047 0.124023 0.191406