1 0.731201 0.372070 0.008301 0.017578
1 0.757324 0.392090 0.004883 0.041992
1 0.753662 0.389648 0.010254 0.060547
1 0.772461 0.388672 0.008789 0.046875
1 0.764893 0.391602 0.008301 0.044922
1 0.801514 0.385254 0.007324 0.051758
1 0.808105 0.385254 0.009766 0.051758
1 0.826172 0.382324 0.013672 0.057617
1 0.816895 0.382324 0.011719 0.057617
1 0.330322 0.442871 0.040527 0.256836
1 0.292725 0.452148 0.061035 0.259766
1 0.270996 0.454102 0.050781 0.261719
1 0.859619 0.387207 0.009277 0.061523
1 0.870605 0.396973 0.013672 0.084961
1 0.847168 0.385742 0.016602 0.064453
1 0.888428 0.399414 0.017090 0.087891
0 0.398926 0.394043 0.042969 0.041992
0 0.630615 0.394043 0.045410 0.034180
0 0.534180 0.439453 0.156250 0.326172
0 0.692871 0.418945 0.022461 0.062500
0 0.722900 0.424805 0.060059 0.091797