1 0.495361 0.389648 0.006348 0.027344
1 0.524170 0.393066 0.006348 0.026367
1 0.517578 0.398438 0.007812 0.039062
1 0.534668 0.399902 0.005859 0.036133
1 0.540527 0.402344 0.007812 0.046875
1 0.547119 0.412109 0.008301 0.042969
1 0.562256 0.410156 0.007324 0.050781
1 0.556885 0.413574 0.013184 0.055664
1 0.569824 0.412109 0.009766 0.058594
1 0.580078 0.404297 0.010742 0.054688
1 0.585449 0.421875 0.014648 0.076172
1 0.601074 0.420898 0.014648 0.076172
1 0.615234 0.414062 0.013672 0.078125
1 0.627930 0.410645 0.015625 0.081055
1 0.682373 0.418457 0.020020 0.102539
1 0.665283 0.428223 0.016113 0.086914
1 0.844971 0.429199 0.027832 0.161133
1 0.828613 0.462891 0.029297 0.134766
1 0.817871 0.426270 0.038086 0.225586
1 0.786133 0.510742 0.019531 0.044922
1 0.782715 0.429199 0.041016 0.231445
1 0.865723 0.469727 0.041016 0.103516
1 0.898193 0.425293 0.031738 0.217773
1 0.308350 0.410156 0.009277 0.066406
1 0.318848 0.406250 0.012695 0.070312
1 0.368164 0.396484 0.007812 0.027344
1 0.251465 0.369629 0.006836 0.016602
1 0.017334 0.416992 0.028809 0.189453
0 0.469238 0.383789 0.008789 0.013672
0 0.413574 0.400879 0.020508 0.041992
0 0.402100 0.411133 0.021973 0.041016
0 0.399658 0.414551 0.014160 0.043945
0 0.392578 0.414551 0.017578 0.045898
0 0.380859 0.416504 0.033203 0.049805
0 0.264648 0.443848 0.096680 0.133789