1 0.494141 0.354004 0.005859 0.014648
1 0.503662 0.362793 0.010254 0.036133
1 0.535889 0.380371 0.015137 0.090820
1 0.547363 0.410645 0.022461 0.125977
1 0.411377 0.350098 0.005371 0.026367
1 0.418457 0.351562 0.008789 0.029297
1 0.426758 0.357422 0.007812 0.025391
1 0.433838 0.354004 0.007324 0.024414
1 0.442627 0.351074 0.006348 0.020508
1 0.448242 0.352539 0.006836 0.017578
1 0.396729 0.365723 0.009277 0.045898
1 0.372314 0.350586 0.009277 0.029297
1 0.374756 0.359863 0.012207 0.028320
1 0.350098 0.403320 0.027344 0.148438
1 0.340332 0.399902 0.012695 0.147461
1 0.386475 0.406738 0.020020 0.141602
1 0.408691 0.414551 0.028320 0.131836
1 0.513672 0.407715 0.023438 0.133789
1 0.457275 0.426270 0.037598 0.159180
1 0.652100 0.419922 0.035645 0.218750
1 0.624756 0.436523 0.046387 0.199219
1 0.766846 0.466797 0.063965 0.335938
1 0.948975 0.471191 0.084473 0.491211
0 0.472412 0.407227 0.069824 0.107422