1 0.349365 0.450684 0.024902 0.147461
0 0.409424 0.428711 0.045410 0.017578
0 0.411865 0.444824 0.050293 0.043945
0 0.458252 0.454102 0.024902 0.029297
0 0.498779 0.451172 0.025879 0.035156
0 0.527832 0.448730 0.037109 0.038086
0 0.558350 0.447754 0.050293 0.040039
0 0.598389 0.462891 0.025879 0.070312
0 0.613037 0.463867 0.028809 0.091797
0 0.638428 0.468750 0.055176 0.111328
0 0.672852 0.487305 0.075195 0.146484
0 0.726807 0.506836 0.105957 0.193359
0 0.824219 0.540039 0.202148 0.255859
0 0.939941 0.610840 0.115234 0.389648