1 0.450928 0.405273 0.008301 0.037109
1 0.438721 0.411621 0.008301 0.022461
1 0.430176 0.419434 0.009766 0.051758
1 0.480225 0.433105 0.009277 0.041992
1 0.502930 0.423340 0.008789 0.038086
1 0.495850 0.436035 0.013184 0.069336
1 0.470459 0.437500 0.010254 0.066406
1 0.089600 0.483887 0.068848 0.293945
1 0.363281 0.403809 0.010742 0.020508
1 0.355469 0.408203 0.007812 0.013672
1 0.519043 0.430664 0.016602 0.066406
1 0.599365 0.475098 0.020996 0.188477
1 0.618164 0.483398 0.029297 0.197266
1 0.579590 0.474121 0.030273 0.202148
0 0.397461 0.458984 0.065430 0.140625
0 0.358643 0.501953 0.108887 0.175781
0 0.550537 0.437988 0.029785 0.059570
0 0.574219 0.476074 0.074219 0.122070
0 0.051270 0.681152 0.096680 0.627930