1 0.856689 0.486328 0.022949 0.132812
0 0.439941 0.417480 0.032227 0.055664
0 0.416748 0.422363 0.024902 0.051758
0 0.394775 0.426758 0.029785 0.062500
0 0.367920 0.434570 0.043457 0.066406
0 0.338135 0.440918 0.041504 0.075195
0 0.305664 0.448242 0.040039 0.091797
0 0.280273 0.453613 0.039062 0.106445
0 0.235840 0.461914 0.076172 0.140625
0 0.233154 0.486328 0.063965 0.136719
0 0.137939 0.487305 0.145996 0.234375
0 0.065430 0.550293 0.125000 0.274414
0 0.827148 0.519531 0.117188 0.068359
0 0.526367 0.399414 0.032227 0.052734
0 0.519531 0.396484 0.029297 0.031250
0 0.512207 0.412598 0.036133 0.057617
0 0.494629 0.423340 0.041016 0.067383