0 0.625732 0.441895 0.054199 0.065430
0 0.593994 0.449219 0.050293 0.064453
0 0.569824 0.453613 0.037109 0.073242
0 0.543457 0.451172 0.032227 0.085938
0 0.503906 0.453125 0.074219 0.091797
0 0.478271 0.461426 0.072754 0.090820
0 0.454590 0.466797 0.048828 0.093750
0 0.446289 0.471680 0.041992 0.097656
0 0.403564 0.471680 0.076660 0.109375
0 0.386230 0.475586 0.064453 0.117188
0 0.353760 0.478027 0.048340 0.124023
0 0.290283 0.474609 0.123535 0.158203
0 0.270996 0.492676 0.071289 0.151367
0 0.200684 0.489746 0.109375 0.170898
0 0.118164 0.505859 0.190430 0.203125
0 0.028809 0.520996 0.051758 0.239258