0 0.707031 0.393066 0.014648 0.022461
0 0.701904 0.430176 0.023926 0.047852
0 0.678711 0.382324 0.015625 0.028320
0 0.681641 0.398438 0.015625 0.023438
0 0.676514 0.404297 0.017090 0.015625
0 0.704346 0.434082 0.013184 0.041992
0 0.699219 0.436035 0.013672 0.045898
0 0.686523 0.437012 0.029297 0.049805
0 0.682129 0.437988 0.015625 0.049805
0 0.677490 0.428223 0.015137 0.032227
0 0.652588 0.428223 0.048340 0.049805
0 0.611572 0.431152 0.026855 0.043945
0 0.583496 0.435547 0.035156 0.052734
0 0.546387 0.441895 0.045898 0.063477
0 0.502441 0.445801 0.055664 0.077148
0 0.396484 0.474609 0.108398 0.167969
0 0.020752 0.354980 0.035645 0.137695
0 0.099609 0.400879 0.150391 0.188477