1 0.514893 0.354004 0.008301 0.032227
1 0.540283 0.349609 0.003418 0.009766
1 0.547607 0.365723 0.004395 0.049805
1 0.554199 0.366699 0.006836 0.045898
1 0.543457 0.375488 0.008789 0.065430
1 0.527588 0.394043 0.026855 0.112305
1 0.518066 0.397461 0.028320 0.111328
1 0.386963 0.381348 0.017090 0.092773
1 0.406006 0.396484 0.024902 0.105469
1 0.209961 0.483887 0.046875 0.348633
1 0.251465 0.467285 0.071289 0.426758
1 0.577881 0.353027 0.007324 0.024414
1 0.571533 0.375977 0.008301 0.060547
1 0.577148 0.364746 0.008789 0.034180
1 0.602783 0.371582 0.007324 0.067383
1 0.609375 0.374512 0.010742 0.061523
1 0.590088 0.375000 0.009277 0.058594
1 0.597412 0.373047 0.009277 0.062500
1 0.635986 0.353027 0.008301 0.034180
1 0.709229 0.370605 0.014160 0.034180
1 0.896973 0.451660 0.068359 0.295898
0 0.665283 0.451660 0.124512 0.184570