1 0.515625 0.414551 0.017578 0.110352
1 0.539551 0.408203 0.017578 0.105469
1 0.238281 0.442871 0.022461 0.254883
1 0.247803 0.450195 0.049316 0.261719
1 0.561035 0.404297 0.011719 0.062500
1 0.571777 0.405273 0.011719 0.064453
1 0.592285 0.380371 0.007812 0.026367
1 0.580811 0.409180 0.010254 0.087891
1 0.588867 0.413086 0.009766 0.087891
1 0.618896 0.380859 0.011230 0.044922
1 0.642090 0.401855 0.006836 0.081055
1 0.647705 0.408691 0.012207 0.092773
1 0.626953 0.471680 0.048828 0.257812
1 0.608398 0.468262 0.075195 0.301758
1 0.749756 0.416504 0.029785 0.157227
1 0.846680 0.444824 0.055664 0.190430