1 0.290283 0.456055 0.016113 0.091797
1 0.270752 0.455078 0.014160 0.089844
0 0.527344 0.435059 0.024414 0.016602
0 0.569580 0.437988 0.011230 0.020508
0 0.440674 0.423828 0.012207 0.007812
0 0.449463 0.437500 0.012207 0.021484
0 0.439941 0.430176 0.012695 0.010742
0 0.440430 0.443848 0.009766 0.028320
0 0.428223 0.445801 0.017578 0.040039
0 0.463379 0.440918 0.019531 0.030273
0 0.407715 0.452148 0.036133 0.052734
0 0.033691 0.542969 0.061523 0.285156
0 0.483398 0.441895 0.008789 0.024414
0 0.486084 0.442383 0.008301 0.025391
0 0.497803 0.447266 0.024902 0.039062