1 0.609863 0.418457 0.008789 0.024414
1 0.618408 0.435059 0.009277 0.030273
1 0.609131 0.466797 0.020020 0.068359
1 0.632568 0.464355 0.030762 0.147461
1 0.572510 0.444336 0.012207 0.064453
1 0.500977 0.438965 0.006836 0.045898
1 0.512695 0.454590 0.016602 0.092773
1 0.540527 0.447754 0.010742 0.075195
1 0.477783 0.452637 0.008301 0.104492
1 0.488770 0.464355 0.029297 0.139648
1 0.458008 0.458984 0.024414 0.125000
1 0.425537 0.456543 0.020020 0.127930
1 0.299805 0.474121 0.045898 0.254883
1 0.057617 0.555176 0.109375 0.670898
1 0.931152 0.572266 0.129883 0.505859