1 0.262451 0.395020 0.011230 0.026367
1 0.312744 0.388184 0.018066 0.043945
1 0.326904 0.398438 0.012207 0.041016
1 0.502686 0.399414 0.003418 0.058594
1 0.522217 0.397461 0.003418 0.062500
1 0.544434 0.392578 0.012695 0.037109
1 0.552246 0.390137 0.007812 0.026367
1 0.647461 0.437988 0.030273 0.131836
1 0.780762 0.387207 0.009766 0.022461
1 0.770752 0.391602 0.015137 0.044922
1 0.754639 0.405762 0.019043 0.061523
1 0.854248 0.486816 0.056152 0.334961
1 0.812988 0.478027 0.071289 0.364258
1 0.217285 0.393066 0.019531 0.040039
1 0.232666 0.404785 0.009277 0.012695
1 0.445801 0.387695 0.014648 0.050781
1 0.439697 0.395996 0.018066 0.047852
0 0.989990 0.359863 0.015137 0.043945
0 0.768799 0.446777 0.029785 0.100586
0 0.775146 0.437988 0.019043 0.084961
0 0.913818 0.396973 0.100098 0.086914
0 0.926758 0.499023 0.141602 0.238281
0 0.320557 0.463379 0.140137 0.118164
0 0.273193 0.475098 0.120605 0.127930
0 0.163330 0.484375 0.167480 0.148438