1 0.749268 0.440918 0.008301 0.049805
1 0.843262 0.466309 0.017578 0.079102
1 0.622314 0.442383 0.011230 0.072266
1 0.666016 0.454590 0.018555 0.057617
1 0.646973 0.443848 0.008789 0.075195
1 0.645508 0.445801 0.005859 0.069336
1 0.643066 0.442871 0.004883 0.075195
1 0.631104 0.444336 0.010254 0.072266
1 0.639404 0.441406 0.012207 0.082031
0 0.423828 0.438965 0.006836 0.024414
0 0.428467 0.439453 0.010254 0.023438
0 0.443604 0.440430 0.029785 0.037109
0 0.581055 0.470215 0.032227 0.108398
0 0.524170 0.483398 0.117676 0.177734
0 0.682617 0.426270 0.007812 0.016602