1 0.108398 0.429199 0.014648 0.059570
1 0.125488 0.430664 0.013672 0.062500
1 0.588623 0.348145 0.036621 0.055664
1 0.516113 0.520508 0.087891 0.632812
0 0.202637 0.394531 0.119141 0.119141
0 0.100098 0.428711 0.008789 0.042969
0 0.055908 0.413086 0.084473 0.179688
0 0.013916 0.464844 0.021973 0.162109
0 0.275146 0.409668 0.023926 0.043945
0 0.265381 0.462402 0.059082 0.075195
0 0.298828 0.437012 0.042969 0.133789
0 0.361572 0.440430 0.130371 0.156250
0 0.397217 0.414551 0.081543 0.081055
0 0.414062 0.449219 0.125000 0.179688
0 0.641602 0.585449 0.410156 0.436523
0 0.896240 0.780273 0.202637 0.429688