1 0.339111 0.412598 0.013184 0.016602
1 0.371582 0.450684 0.012695 0.088867
1 0.305176 0.455078 0.012695 0.082031
1 0.238770 0.422852 0.016602 0.050781
1 0.687012 0.434570 0.008789 0.046875
1 0.670654 0.447266 0.025879 0.144531
1 0.620361 0.444824 0.033691 0.161133
0 0.439209 0.430664 0.008301 0.013672
0 0.420654 0.438965 0.006348 0.016602
0 0.281982 0.456543 0.040527 0.053711
0 0.352539 0.459961 0.057617 0.078125
0 0.185791 0.484863 0.126465 0.149414
0 0.477783 0.440918 0.015137 0.036133
0 0.625488 0.439941 0.071289 0.057617
0 0.537598 0.435547 0.012695 0.033203
0 0.459961 0.444824 0.035156 0.051758
0 0.510254 0.460449 0.068359 0.102539