0 0.529785 0.434570 0.013672 0.021484
0 0.494873 0.439941 0.009277 0.034180
0 0.508545 0.446289 0.030762 0.048828
0 0.463379 0.440918 0.023438 0.040039
0 0.436035 0.434570 0.008789 0.027344
0 0.425049 0.443359 0.024902 0.042969
0 0.386230 0.455566 0.045898 0.065430
0 0.205322 0.495605 0.139160 0.180664
0 0.790527 0.435547 0.040039 0.056641
0 0.844482 0.411133 0.049316 0.025391
0 0.925781 0.396484 0.016602 0.015625
0 0.950439 0.420410 0.038574 0.075195
0 0.900635 0.427734 0.072754 0.082031
0 0.958252 0.436523 0.031738 0.064453
0 0.899414 0.437012 0.059570 0.075195
0 0.821045 0.420898 0.009277 0.021484
0 0.845215 0.441406 0.120117 0.070312
0 0.684570 0.431641 0.014648 0.042969
0 0.705078 0.430664 0.011719 0.041016
0 0.753174 0.430664 0.009277 0.037109
0 0.728516 0.429199 0.043945 0.069336
0 0.767090 0.434570 0.029297 0.056641