1 0.286133 0.393555 0.006836 0.013672
1 0.293701 0.394531 0.005371 0.017578
1 0.521729 0.395508 0.006348 0.023438
1 0.761963 0.396973 0.014160 0.051758
1 0.752930 0.399414 0.012695 0.107422
1 0.742188 0.396973 0.021484 0.120117
1 0.788086 0.372559 0.025391 0.073242
0 0.237305 0.390625 0.021484 0.031250
0 0.526855 0.382324 0.006836 0.016602
0 0.515869 0.382324 0.009277 0.010742
0 0.491455 0.382324 0.009277 0.014648
0 0.475098 0.381836 0.009766 0.013672
0 0.503174 0.388184 0.018066 0.018555
0 0.434814 0.394531 0.018066 0.023438
0 0.393066 0.399414 0.010742 0.029297
0 0.388428 0.406250 0.015137 0.035156
0 0.268066 0.402344 0.007812 0.023438
0 0.279053 0.403809 0.021973 0.028320
0 0.320801 0.410645 0.025391 0.034180
0 0.649902 0.394531 0.053711 0.062500
0 0.677979 0.398438 0.073730 0.058594
0 0.412598 0.399902 0.023438 0.040039