1 0.732910 0.415039 0.004883 0.041016
1 0.718506 0.412109 0.015137 0.054688
1 0.748047 0.408203 0.009766 0.052734
1 0.785156 0.394043 0.007812 0.030273
1 0.790771 0.395508 0.011230 0.025391
1 0.773682 0.407715 0.011230 0.047852
1 0.761475 0.413574 0.017090 0.063477
1 0.647461 0.462402 0.038086 0.159180
0 0.498535 0.422363 0.035156 0.053711
0 0.774170 0.474609 0.045410 0.138672
0 0.811768 0.471680 0.076660 0.169922
0 0.911133 0.466309 0.172852 0.301758
0 0.513672 0.459473 0.071289 0.116211
0 0.061768 0.552734 0.117676 0.279297