0 0.496826 0.472168 0.010254 0.022461
0 0.520264 0.471680 0.010254 0.031250
0 0.536621 0.470215 0.029297 0.034180
0 0.593994 0.471191 0.032715 0.102539
0 0.620117 0.478516 0.062500 0.125000
0 0.664795 0.497070 0.089355 0.167969
0 0.751709 0.524902 0.171387 0.274414
0 0.880371 0.618164 0.234375 0.509766
0 0.482422 0.462891 0.013672 0.041016
0 0.477295 0.465820 0.015137 0.048828
0 0.456787 0.461914 0.035645 0.080078
0 0.434814 0.473633 0.034668 0.111328
0 0.383789 0.478516 0.096680 0.136719
0 0.134766 0.648926 0.263672 0.590820