1 0.294189 0.425781 0.015137 0.058594
1 0.706543 0.391113 0.002930 0.016602
1 0.715088 0.396973 0.005371 0.020508
1 0.749023 0.414062 0.009766 0.052734
1 0.737793 0.417969 0.015625 0.050781
1 0.810791 0.416504 0.009277 0.079102
1 0.797852 0.423340 0.010742 0.090820
1 0.778320 0.431641 0.017578 0.089844
1 0.805420 0.432617 0.017090 0.105469
1 0.849854 0.433105 0.025879 0.145508
1 0.883545 0.426270 0.007324 0.102539
1 0.991943 0.420898 0.011230 0.046875
1 0.973145 0.456543 0.048828 0.120117
1 0.953613 0.430176 0.043945 0.202148
1 0.894287 0.440918 0.040527 0.186523
0 0.564697 0.416016 0.009277 0.017578
0 0.706299 0.437012 0.041504 0.063477
0 0.526367 0.450195 0.076172 0.136719
0 0.652832 0.430176 0.013672 0.049805
0 0.609863 0.475586 0.112305 0.173828