1 0.602051 0.404297 0.005859 0.031250
0 0.635254 0.405762 0.011719 0.026367
0 0.664795 0.509766 0.056152 0.101562
0 0.796875 0.491211 0.225586 0.240234
0 0.542480 0.419434 0.022461 0.036133
0 0.526123 0.429199 0.023926 0.041992
0 0.507080 0.434082 0.032715 0.051758
0 0.499756 0.446289 0.006348 0.039062
0 0.485107 0.437988 0.028809 0.067383
0 0.420898 0.418945 0.009766 0.013672
0 0.456055 0.404785 0.034180 0.008789
0 0.454346 0.464355 0.066895 0.120117
0 0.404785 0.472656 0.063477 0.140625
0 0.312744 0.493164 0.169434 0.267578
0 0.144531 0.583496 0.283203 0.465820
0 0.557617 0.437988 0.032227 0.041992