1 0.292969 0.446777 0.032227 0.174805
0 0.540283 0.439941 0.007324 0.028320
0 0.526855 0.438477 0.028320 0.031250
0 0.552002 0.443359 0.020996 0.052734
0 0.558350 0.443848 0.023926 0.053711
0 0.563232 0.447266 0.014160 0.056641
0 0.581299 0.446289 0.038574 0.070312
0 0.598389 0.458496 0.027832 0.077148
0 0.606201 0.462891 0.028809 0.089844
0 0.622314 0.467285 0.034668 0.106445
0 0.657715 0.469238 0.075195 0.135742
0 0.685547 0.485352 0.074219 0.150391
0 0.762695 0.499023 0.132812 0.218750
0 0.881104 0.545410 0.232910 0.342773