1 0.431885 0.405762 0.009277 0.036133
1 0.422363 0.420410 0.010742 0.057617
1 0.660645 0.438477 0.018555 0.072266
1 0.775879 0.458496 0.008789 0.030273
1 0.782959 0.457031 0.007324 0.027344
1 0.773193 0.497559 0.026855 0.057617
1 0.783203 0.503418 0.005859 0.043945
1 0.797119 0.515137 0.012207 0.028320
1 0.822266 0.483398 0.028320 0.101562
0 0.539551 0.394531 0.010742 0.021484
0 0.543701 0.397949 0.012207 0.014648
0 0.543213 0.405762 0.010254 0.022461
0 0.549072 0.409180 0.018066 0.029297
0 0.551514 0.415527 0.020020 0.034180
0 0.560059 0.432617 0.028320 0.052734
0 0.567139 0.437012 0.034668 0.051758
0 0.512695 0.426270 0.026367 0.045898
0 0.521729 0.443848 0.040527 0.059570
0 0.448975 0.442871 0.047363 0.071289