0 0.627686 0.345215 0.025879 0.022461
0 0.515137 0.372070 0.046875 0.039062
0 0.445557 0.385742 0.074707 0.052734
0 0.388916 0.396973 0.064941 0.069336
0 0.357910 0.398438 0.103516 0.095703
0 0.359375 0.408691 0.037109 0.071289
0 0.292725 0.407227 0.110840 0.121094
0 0.177490 0.415039 0.167480 0.144531
0 0.782471 0.375977 0.008301 0.017578
0 0.556152 0.384277 0.028320 0.043945
0 0.713623 0.440918 0.122559 0.157227
0 0.756104 0.455078 0.049316 0.171875
0 0.801758 0.469727 0.124023 0.234375
0 0.890381 0.482910 0.201660 0.282227
0 0.914795 0.521973 0.108887 0.241211
0 0.955078 0.553711 0.084961 0.414062