1 0.589111 0.397461 0.006348 0.033203
1 0.308838 0.416504 0.004395 0.024414
1 0.316895 0.421387 0.007812 0.040039
1 0.405273 0.410156 0.008789 0.033203
1 0.373779 0.418457 0.005371 0.045898
1 0.380371 0.428223 0.011719 0.071289
1 0.281250 0.448242 0.029297 0.123047
1 0.148926 0.430664 0.015625 0.095703
1 0.175537 0.457031 0.030762 0.177734
1 0.160156 0.467773 0.031250 0.154297
1 0.127197 0.461914 0.028809 0.226562
1 0.038330 0.472656 0.033691 0.228516
1 0.016113 0.500000 0.026367 0.205078
1 0.060547 0.480469 0.059570 0.263672
0 0.776367 0.397461 0.034180 0.042969
0 0.799561 0.408691 0.065918 0.084961
0 0.915039 0.408203 0.136719 0.138672
0 0.960693 0.418457 0.073730 0.133789
0 0.993896 0.468262 0.007324 0.067383