1 0.513428 0.409668 0.007324 0.020508
0 0.300781 0.333496 0.014648 0.016602
0 0.312988 0.340332 0.013672 0.018555
0 0.281250 0.337402 0.012695 0.018555
0 0.279053 0.342285 0.013184 0.022461
0 0.302734 0.350098 0.013672 0.020508
0 0.308838 0.358887 0.015137 0.022461
0 0.304443 0.376465 0.020996 0.028320
0 0.512939 0.380371 0.010254 0.022461
0 0.519043 0.382812 0.022461 0.023438
0 0.532715 0.390625 0.035156 0.029297
0 0.333740 0.336914 0.004395 0.017578
0 0.558594 0.436035 0.050781 0.045898
0 0.509277 0.456055 0.052734 0.074219
0 0.309814 0.467285 0.064941 0.088867