0 0.849365 0.449219 0.109863 0.083984
0 0.993896 0.472656 0.007324 0.042969
0 0.570557 0.431152 0.008301 0.012695
0 0.577881 0.445312 0.011230 0.031250
0 0.587402 0.450684 0.017578 0.045898
0 0.593262 0.458008 0.011719 0.042969
0 0.599365 0.458496 0.015137 0.047852
0 0.616699 0.458984 0.033203 0.048828
0 0.559570 0.430664 0.009766 0.011719
0 0.333008 0.443848 0.023438 0.077148
0 0.006104 0.456055 0.006348 0.011719
0 0.009521 0.468262 0.013184 0.043945
0 0.013672 0.472656 0.021484 0.056641
0 0.042480 0.470703 0.048828 0.060547
0 0.054199 0.516602 0.083008 0.175781
0 0.386963 0.486816 0.112793 0.174805
0 0.186523 0.539551 0.297852 0.401367