1 0.420654 0.436035 0.004395 0.030273
1 0.393555 0.434570 0.007812 0.044922
0 0.438965 0.436035 0.008789 0.016602
0 0.477783 0.439941 0.015137 0.022461
0 0.493408 0.440918 0.019043 0.030273
0 0.522949 0.447754 0.039062 0.057617
0 0.559326 0.440918 0.020020 0.028320
0 0.578613 0.451172 0.022461 0.056641
0 0.606445 0.460938 0.056641 0.080078
0 0.675537 0.452148 0.039551 0.072266
0 0.679688 0.457520 0.030273 0.077148
0 0.712646 0.458984 0.063965 0.089844
0 0.849365 0.480957 0.129395 0.159180
0 0.452637 0.441406 0.019531 0.031250
0 0.309082 0.433105 0.105469 0.182617