1 0.014648 0.424316 0.011719 0.034180
1 0.093018 0.452148 0.014160 0.099609
1 0.533691 0.439941 0.008789 0.034180
1 0.431641 0.437500 0.017578 0.039062
1 0.359863 0.443359 0.012695 0.031250
1 0.668213 0.443359 0.009277 0.052734
1 0.657471 0.425293 0.012207 0.036133
0 0.088135 0.450684 0.056152 0.094727
0 0.048584 0.467773 0.071777 0.103516
0 0.015137 0.491699 0.024414 0.125977
0 0.170166 0.508301 0.157715 0.231445
0 0.746582 0.450684 0.033203 0.057617
0 0.704834 0.443848 0.037598 0.073242
0 0.618164 0.459473 0.068359 0.088867