1 0.600098 0.443359 0.019531 0.128906
1 0.583008 0.442871 0.024414 0.133789
1 0.543945 0.447754 0.031250 0.129883
0 0.573242 0.388672 0.013672 0.042969
0 0.626709 0.390625 0.043457 0.027344
0 0.626709 0.414551 0.040527 0.045898
0 0.666748 0.428711 0.089355 0.056641
0 0.832275 0.504883 0.104004 0.181641
0 0.918701 0.525879 0.157715 0.250977
0 0.490967 0.386230 0.044434 0.049805
0 0.481934 0.402344 0.011719 0.033203
0 0.458740 0.406738 0.043457 0.061523
0 0.431885 0.416504 0.083496 0.073242
0 0.391357 0.445312 0.047363 0.097656
0 0.365234 0.429199 0.054688 0.073242
0 0.368652 0.478027 0.046875 0.073242
0 0.313232 0.453613 0.109863 0.141602
0 0.307129 0.448730 0.087891 0.116211
0 0.251953 0.425293 0.101562 0.071289
0 0.222412 0.477051 0.199707 0.196289
0 0.075439 0.479980 0.145020 0.264648