0 0.422607 0.389648 0.012207 0.031250
0 0.418213 0.398926 0.018066 0.022461
0 0.394775 0.413086 0.014160 0.039062
0 0.413086 0.423828 0.037109 0.064453
0 0.337158 0.445312 0.025879 0.078125
0 0.309326 0.454590 0.061035 0.092773
0 0.182861 0.487793 0.117676 0.178711
0 0.081299 0.524414 0.156738 0.271484
0 0.939453 0.468750 0.068359 0.091797
0 0.459717 0.380371 0.042480 0.088867
0 0.473877 0.393555 0.041504 0.011719
0 0.447021 0.449707 0.023926 0.100586
0 0.483887 0.456055 0.075195 0.126953
0 0.705078 0.446777 0.079102 0.147461
0 0.793701 0.442871 0.178223 0.155273