1 0.443604 0.430176 0.004395 0.026367
1 0.446777 0.431152 0.004883 0.026367
1 0.164062 0.435059 0.021484 0.088867
1 0.186523 0.415039 0.020508 0.052734
0 0.714844 0.404297 0.056641 0.021484
0 0.696777 0.426270 0.025391 0.038086
0 0.628906 0.452637 0.063477 0.092773
0 0.750244 0.497559 0.161621 0.190430
0 0.428467 0.434082 0.019043 0.032227
0 0.413086 0.435059 0.020508 0.038086
0 0.404785 0.435059 0.009766 0.038086
0 0.395020 0.436035 0.021484 0.041992
0 0.364990 0.443848 0.056152 0.075195
0 0.313232 0.438477 0.022949 0.050781
0 0.230957 0.497070 0.187500 0.212891
0 0.510254 0.452148 0.053711 0.091797
0 0.560303 0.437012 0.026855 0.038086