1 0.501221 0.406250 0.002441 0.027344
1 0.643555 0.396484 0.003906 0.031250
1 0.639160 0.396973 0.007812 0.034180
1 0.009521 0.508301 0.013184 0.116211
1 0.056641 0.505859 0.028320 0.130859
1 0.029053 0.483398 0.030762 0.171875
0 0.530273 0.402344 0.021484 0.017578
0 0.505859 0.407227 0.008789 0.025391
0 0.555908 0.404785 0.027832 0.020508
0 0.583252 0.404785 0.017090 0.028320
0 0.610840 0.403320 0.018555 0.027344
0 0.765137 0.404297 0.029297 0.046875
0 0.770264 0.422363 0.019043 0.040039
0 0.729004 0.445801 0.072266 0.106445