1 0.874512 0.491699 0.081055 0.463867
1 0.935547 0.607422 0.056641 0.193359
0 0.454346 0.403809 0.003418 0.004883
0 0.457764 0.403809 0.004395 0.008789
0 0.462402 0.402344 0.006836 0.015625
0 0.462891 0.408203 0.005859 0.011719
0 0.463867 0.414551 0.003906 0.020508
0 0.478760 0.399902 0.026855 0.057617
0 0.477295 0.426270 0.020996 0.045898
0 0.486816 0.429199 0.013672 0.049805
0 0.493408 0.423340 0.014160 0.038086
0 0.497070 0.449219 0.023438 0.089844
0 0.506592 0.456055 0.032715 0.103516
0 0.516846 0.464355 0.022949 0.116211
0 0.560059 0.468750 0.093750 0.181641
0 0.607178 0.494629 0.146973 0.215820
0 0.421875 0.408203 0.009766 0.019531
0 0.407959 0.407715 0.023926 0.061523
0 0.406494 0.430176 0.015137 0.040039
0 0.403809 0.435059 0.007812 0.041992
0 0.394531 0.431641 0.021484 0.072266
0 0.377686 0.437988 0.038574 0.083008
0 0.354248 0.458008 0.050293 0.099609
0 0.345215 0.472168 0.029297 0.110352
0 0.311279 0.481445 0.076660 0.146484
0 0.283691 0.502930 0.046875 0.201172
0 0.442383 0.452637 0.062500 0.100586
0 0.187744 0.500488 0.172363 0.340820
0 0.099121 0.623047 0.192383 0.521484