1 0.855225 0.434082 0.008301 0.036133
1 0.774170 0.433105 0.005371 0.036133
1 0.708008 0.444336 0.019531 0.091797
1 0.925049 0.493164 0.120605 0.488281
1 0.254395 0.420898 0.003906 0.025391
1 0.237549 0.418945 0.004395 0.023438
1 0.174316 0.417969 0.005859 0.035156
1 0.136475 0.412598 0.007324 0.041992
1 0.032959 0.415039 0.008301 0.052734
1 0.071289 0.421387 0.005859 0.038086
1 0.049072 0.426758 0.014160 0.074219
1 0.103516 0.432129 0.025391 0.088867
1 0.108887 0.449219 0.010742 0.050781
1 0.328857 0.436523 0.017090 0.091797
1 0.520996 0.441406 0.016602 0.095703
1 0.499023 0.443848 0.016602 0.090820
1 0.484375 0.441895 0.026367 0.104492
1 0.457764 0.440918 0.010254 0.090820
1 0.462402 0.449707 0.021484 0.086914
1 0.387451 0.518066 0.075684 0.448242
0 0.282227 0.425781 0.032227 0.042969
0 0.212646 0.417480 0.036621 0.028320
0 0.196533 0.416992 0.040527 0.031250