1 0.403564 0.396973 0.003418 0.020508
1 0.399170 0.398438 0.006348 0.021484
1 0.322021 0.428711 0.013184 0.060547
1 0.611816 0.381836 0.004883 0.031250
1 0.900391 0.404297 0.018555 0.103516
0 0.540039 0.389648 0.006836 0.011719
0 0.529053 0.392090 0.016113 0.022461
0 0.469238 0.399414 0.016602 0.031250
0 0.415771 0.413086 0.027832 0.050781
0 0.380371 0.436035 0.055664 0.081055
0 0.552246 0.390137 0.020508 0.022461
0 0.663330 0.356934 0.030762 0.049805
0 0.552002 0.400879 0.018066 0.038086
0 0.558105 0.409668 0.024414 0.045898
0 0.585449 0.419434 0.053711 0.077148