0 0.557617 0.412598 0.013672 0.026367
0 0.740479 0.403809 0.032715 0.053711
0 0.430176 0.406738 0.015625 0.020508
0 0.427490 0.419922 0.019043 0.035156
0 0.409668 0.423828 0.032227 0.042969
0 0.364258 0.416016 0.031250 0.019531
0 0.376221 0.423828 0.081543 0.031250
0 0.449707 0.430664 0.030273 0.046875
0 0.476562 0.440918 0.030273 0.102539
0 0.479248 0.450195 0.021973 0.119141
0 0.593018 0.440918 0.066895 0.106445
0 0.517822 0.459961 0.094238 0.156250
0 0.674316 0.455566 0.126953 0.192383
0 0.846924 0.533203 0.301270 0.361328
0 0.290771 0.441895 0.062988 0.067383
0 0.273438 0.455078 0.086914 0.093750
0 0.140381 0.425781 0.274902 0.302734