0 0.371338 0.414551 0.009277 0.008789
0 0.538330 0.412598 0.011230 0.012695
0 0.416260 0.415527 0.026855 0.026367
0 0.526367 0.416992 0.021484 0.042969
0 0.396240 0.419434 0.028809 0.020508
0 0.403564 0.435059 0.016113 0.034180
0 0.386719 0.436523 0.025391 0.041016
0 0.374512 0.439941 0.029297 0.043945
0 0.363281 0.441406 0.037109 0.054688
0 0.359863 0.444824 0.023438 0.051758
0 0.343018 0.443359 0.021973 0.070312
0 0.311279 0.446289 0.074707 0.078125
0 0.291016 0.458008 0.071289 0.070312
0 0.263672 0.458496 0.043945 0.065430
0 0.230713 0.467285 0.047363 0.100586
0 0.152344 0.467773 0.131836 0.140625
0 0.081543 0.480469 0.141602 0.125000
0 0.496582 0.424805 0.022461 0.033203