1 0.027832 0.439941 0.012695 0.024414
1 0.054443 0.438965 0.005371 0.020508
1 0.322021 0.473145 0.018066 0.110352
1 0.443604 0.437988 0.014160 0.053711
1 0.645264 0.413086 0.012207 0.015625
1 0.653564 0.461426 0.020996 0.083008
1 0.662598 0.458496 0.016602 0.090820
1 0.821533 0.468262 0.039551 0.129883
1 0.856689 0.463867 0.027832 0.134766
1 0.887939 0.476562 0.047363 0.140625
1 0.635742 0.506348 0.123047 0.385742
0 0.132812 0.479492 0.042969 0.068359
0 0.202637 0.448730 0.050781 0.020508
0 0.255127 0.465820 0.058105 0.060547
0 0.298828 0.475098 0.036133 0.063477
0 0.382568 0.446777 0.061035 0.034180
0 0.570801 0.437988 0.041016 0.034180
0 0.644775 0.451660 0.011230 0.067383
0 0.843262 0.448242 0.046875 0.083984
0 0.781982 0.449219 0.062988 0.082031
0 0.720947 0.446289 0.065918 0.083984
0 0.873535 0.469238 0.093750 0.063477
0 0.942871 0.460938 0.036133 0.105469
0 0.963135 0.461426 0.038574 0.118164
0 0.981445 0.449707 0.032227 0.108398
0 0.984863 0.465332 0.025391 0.098633
0 0.987793 0.481934 0.019531 0.116211