1 0.503174 0.417969 0.005371 0.023438
1 0.498535 0.417480 0.004883 0.028320
0 0.455811 0.424805 0.048340 0.027344
0 0.402588 0.432617 0.030762 0.052734
0 0.400635 0.435059 0.023926 0.051758
0 0.378662 0.417480 0.028809 0.030273
0 0.362549 0.434570 0.062988 0.056641
0 0.328613 0.443848 0.054688 0.059570
0 0.280518 0.446777 0.076660 0.084961
0 0.197266 0.445312 0.115234 0.085938
0 0.599609 0.410645 0.025391 0.024414
0 0.603760 0.418945 0.011230 0.021484
0 0.581299 0.437988 0.032715 0.049805
0 0.616455 0.425781 0.018066 0.031250