1 0.618896 0.421387 0.003418 0.010742
1 0.281738 0.416992 0.034180 0.070312
1 0.284424 0.471680 0.026855 0.154297
0 0.605469 0.410156 0.007812 0.011719
0 0.569092 0.437012 0.023926 0.045898
0 0.559814 0.445801 0.023926 0.040039
0 0.546143 0.460938 0.019043 0.056641
0 0.539551 0.464844 0.012695 0.068359
0 0.516113 0.471680 0.051758 0.087891
0 0.624512 0.404297 0.004883 0.005859
0 0.634766 0.440918 0.015625 0.034180
0 0.639160 0.444336 0.018555 0.037109
0 0.644531 0.448242 0.025391 0.042969
0 0.747314 0.485840 0.104004 0.211914
0 0.891846 0.591309 0.211426 0.387695
0 0.063721 0.656250 0.121582 0.537109
0 0.470215 0.491699 0.056641 0.139648
0 0.398193 0.513184 0.134277 0.213867