1 0.427979 0.415527 0.010254 0.051758
0 0.295898 0.374023 0.031250 0.013672
0 0.366699 0.368164 0.012695 0.017578
0 0.348877 0.368164 0.040527 0.019531
0 0.249756 0.371094 0.020020 0.013672
0 0.426025 0.365723 0.034668 0.020508
0 0.093506 0.502441 0.126465 0.166992
0 0.039551 0.548828 0.073242 0.193359
0 0.499268 0.364746 0.011230 0.020508
0 0.531250 0.360352 0.011719 0.023438
0 0.573486 0.410156 0.035645 0.044922
0 0.585938 0.426758 0.024414 0.064453
0 0.633057 0.399414 0.083496 0.191406
0 0.644531 0.457031 0.041016 0.121094
0 0.695801 0.473145 0.116211 0.159180