1 0.304443 0.377441 0.004395 0.008789
1 0.319580 0.393066 0.008301 0.024414
1 0.388916 0.396484 0.006348 0.007812
1 0.381104 0.392090 0.006348 0.014648
1 0.517090 0.433594 0.004883 0.017578
1 0.510010 0.435547 0.004395 0.021484
0 0.366699 0.433594 0.041016 0.072266
0 0.334473 0.450684 0.031250 0.092773
0 0.288818 0.443848 0.073730 0.133789
0 0.234375 0.460938 0.088867 0.132812
0 0.142334 0.474609 0.132324 0.169922
0 0.042725 0.489258 0.079590 0.207031
0 0.408447 0.455078 0.086426 0.123047
0 0.689697 0.405273 0.141113 0.126953
0 0.677002 0.434570 0.055176 0.105469
0 0.715820 0.434570 0.078125 0.113281
0 0.729248 0.433105 0.061035 0.108398
0 0.759033 0.443848 0.101074 0.159180
0 0.908447 0.379883 0.020020 0.015625
0 0.935547 0.381348 0.030273 0.041992
0 0.836670 0.448730 0.197754 0.178711
0 0.953125 0.417480 0.088867 0.163086
0 0.956055 0.498535 0.083008 0.209961
0 0.995605 0.536621 0.003906 0.036133
0 0.572998 0.430176 0.068848 0.049805