1 0.623535 0.399902 0.010742 0.014648
0 0.471191 0.416016 0.006836 0.019531
0 0.477539 0.418945 0.010742 0.015625
0 0.471436 0.424805 0.005371 0.021484
0 0.461426 0.422363 0.021484 0.034180
0 0.460449 0.426758 0.019531 0.027344
0 0.507080 0.414551 0.018066 0.036133
0 0.510742 0.421387 0.016602 0.030273
0 0.513916 0.422363 0.015137 0.030273
0 0.525879 0.427246 0.023438 0.034180
0 0.625732 0.475098 0.053223 0.149414
0 0.661377 0.490723 0.088379 0.198242
0 0.766846 0.507812 0.219238 0.308594
0 0.404785 0.430176 0.062500 0.129883
0 0.371826 0.467285 0.062988 0.114258
0 0.293701 0.486816 0.115723 0.223633
0 0.156250 0.563477 0.250000 0.330078