0 0.495117 0.487305 0.010742 0.017578
0 0.489990 0.494141 0.012207 0.017578
0 0.486328 0.500000 0.008789 0.023438
0 0.477783 0.498535 0.013184 0.030273
0 0.437988 0.482422 0.034180 0.062500
0 0.394043 0.479004 0.056641 0.086914
0 0.169922 0.492188 0.259766 0.363281
0 0.552734 0.476562 0.036133 0.076172
0 0.556641 0.483398 0.025391 0.060547
0 0.562744 0.486816 0.012207 0.053711
0 0.652344 0.447266 0.095703 0.253906
0 0.751465 0.481445 0.227539 0.349609
0 0.851318 0.610840 0.292480 0.467773
0 0.510742 0.489746 0.012695 0.020508