1 0.650146 0.430176 0.024902 0.129883
1 0.676025 0.427734 0.021973 0.128906
1 0.374023 0.424805 0.011719 0.068359
1 0.232178 0.430664 0.016113 0.060547
1 0.215088 0.450684 0.020020 0.116211
0 0.505127 0.373047 0.009277 0.011719
0 0.529785 0.373535 0.008789 0.012695
0 0.487793 0.386230 0.009766 0.016602
0 0.483887 0.396484 0.013672 0.019531
0 0.516846 0.382812 0.011230 0.015625
0 0.503418 0.388184 0.012695 0.018555
0 0.462891 0.400879 0.031250 0.069336
0 0.459961 0.416992 0.020508 0.044922
0 0.454102 0.418945 0.021484 0.044922
0 0.444336 0.425293 0.030273 0.045898
0 0.272217 0.485352 0.119629 0.167969
0 0.073975 0.572266 0.142090 0.357422