1 0.291992 0.457520 0.007812 0.036133
1 0.173096 0.452637 0.013184 0.038086
1 0.165039 0.458984 0.018555 0.052734
1 0.327881 0.464355 0.010254 0.057617
1 0.342285 0.471191 0.004883 0.061523
1 0.308350 0.494629 0.009277 0.030273
1 0.301514 0.464844 0.017090 0.095703
1 0.315918 0.465820 0.019531 0.105469
1 0.334961 0.458496 0.018555 0.118164
1 0.419678 0.461914 0.014160 0.072266
1 0.435547 0.460938 0.014648 0.070312
1 0.266602 0.471191 0.037109 0.159180
0 0.228516 0.478516 0.121094 0.158203
0 0.523682 0.498047 0.117676 0.150391
0 0.660889 0.493652 0.187012 0.200195
0 0.841309 0.508789 0.198242 0.253906
0 0.937988 0.531738 0.119141 0.274414