1 0.337402 0.451172 0.023438 0.070312
1 0.231689 0.451172 0.024902 0.085938
1 0.303223 0.451660 0.021484 0.077148
1 0.285889 0.450195 0.034668 0.080078
1 0.659912 0.438965 0.010254 0.061523
1 0.648193 0.432129 0.008301 0.034180
1 0.651367 0.444824 0.013672 0.049805
1 0.641113 0.443848 0.010742 0.055664
1 0.629883 0.442871 0.012695 0.057617
1 0.417969 0.443848 0.007812 0.020508
1 0.431396 0.438477 0.015137 0.085938
1 0.458496 0.419922 0.008789 0.041016
1 0.454102 0.444824 0.018555 0.086914
1 0.488281 0.440918 0.016602 0.084961
1 0.473389 0.439941 0.016113 0.096680
1 0.608887 0.457031 0.027344 0.142578
1 0.727051 0.430176 0.006836 0.018555
1 0.733887 0.424805 0.008789 0.015625
1 0.707031 0.443359 0.010742 0.046875
1 0.721680 0.440918 0.013672 0.043945
1 0.828369 0.459473 0.029785 0.108398
0 0.942871 0.473145 0.080078 0.114258