1 0.364258 0.361816 0.008789 0.063477
1 0.494385 0.412598 0.014160 0.045898
1 0.505615 0.416504 0.021973 0.053711
1 0.330566 0.380371 0.015625 0.079102
1 0.968506 0.435547 0.020996 0.076172
1 0.947754 0.445312 0.048828 0.093750
1 0.986084 0.466797 0.022949 0.175781
1 0.162109 0.436035 0.029297 0.180664
1 0.249268 0.445312 0.032715 0.271484
1 0.274658 0.463867 0.028809 0.238281
1 0.236816 0.456055 0.047852 0.281250
1 0.303467 0.462402 0.049316 0.297852
1 0.593262 0.478027 0.047852 0.231445
1 0.552979 0.468750 0.045410 0.253906
0 0.876465 0.475586 0.205078 0.167969