0 0.514404 0.432129 0.014160 0.026367
0 0.528076 0.432129 0.020996 0.028320
0 0.497803 0.444824 0.022949 0.051758
0 0.491699 0.449707 0.013672 0.059570
0 0.473633 0.445801 0.035156 0.083008
0 0.470459 0.457520 0.026855 0.086914
0 0.420166 0.453125 0.098145 0.152344
0 0.392334 0.484375 0.096191 0.150391
0 0.583252 0.427246 0.036621 0.073242
0 0.590088 0.438477 0.033691 0.080078
0 0.592773 0.451660 0.017578 0.069336
0 0.621094 0.445312 0.054688 0.111328
0 0.633057 0.457520 0.045410 0.102539
0 0.639404 0.474609 0.055176 0.128906
0 0.693115 0.488281 0.105957 0.173828
0 0.836914 0.512695 0.263672 0.429688