0 0.518311 0.402344 0.011230 0.017578
0 0.514893 0.409668 0.012207 0.024414
0 0.504883 0.414551 0.025391 0.030273
0 0.503662 0.421875 0.023926 0.039062
0 0.506836 0.433105 0.008789 0.043945
0 0.499268 0.434082 0.018066 0.051758
0 0.496338 0.439453 0.010254 0.058594
0 0.484863 0.437012 0.025391 0.079102
0 0.474365 0.445312 0.027832 0.089844
0 0.472656 0.456055 0.022461 0.101562
0 0.406982 0.460938 0.127441 0.193359
0 0.543945 0.403809 0.011719 0.016602
0 0.544922 0.410645 0.007812 0.024414
0 0.549805 0.410645 0.011719 0.022461
0 0.546631 0.417969 0.005371 0.025391
0 0.550537 0.435059 0.003418 0.010742
0 0.551514 0.419922 0.012207 0.035156
0 0.568848 0.412598 0.035156 0.081055
0 0.577637 0.436035 0.027344 0.069336
0 0.583496 0.440918 0.014648 0.071289
0 0.592041 0.445801 0.025879 0.088867
0 0.608154 0.452637 0.033691 0.104492
0 0.650391 0.452637 0.084961 0.159180
0 0.692139 0.483887 0.130371 0.192383