1 0.176025 0.443848 0.036621 0.250977
0 0.522461 0.398926 0.021484 0.055664
0 0.528809 0.406250 0.023438 0.044922
0 0.531250 0.413086 0.017578 0.039062
0 0.535156 0.418457 0.013672 0.045898
0 0.544922 0.419434 0.023438 0.053711
0 0.559326 0.421875 0.020996 0.072266
0 0.586426 0.424316 0.056641 0.096680
0 0.465820 0.407715 0.018555 0.038086
0 0.462158 0.412598 0.013184 0.040039
0 0.460205 0.417480 0.008301 0.043945
0 0.453613 0.416016 0.013672 0.060547
0 0.436279 0.416016 0.033691 0.070312
0 0.434570 0.430664 0.027344 0.072266
0 0.417480 0.437988 0.035156 0.096680
0 0.403809 0.445312 0.024414 0.109375
0 0.385254 0.446777 0.042969 0.153320
0 0.346436 0.461914 0.074707 0.181641
0 0.267822 0.500000 0.177246 0.251953
0 0.055908 0.655273 0.105957 0.544922
0 0.596680 0.446289 0.036133 0.113281
0 0.632324 0.442871 0.075195 0.165039
0 0.734619 0.458496 0.189941 0.290039
0 0.877197 0.550293 0.240723 0.420898
0 0.987793 0.718262 0.019531 0.329102