1 0.875732 0.496582 0.010254 0.051758
1 0.884277 0.494141 0.013672 0.052734
1 0.941162 0.474121 0.009277 0.012695
1 0.956055 0.492188 0.010742 0.050781
1 0.964355 0.490234 0.010742 0.050781
1 0.950195 0.497070 0.010742 0.046875
1 0.822266 0.463379 0.005859 0.008789
0 0.988281 0.489258 0.018555 0.009766
0 0.988770 0.499512 0.017578 0.016602
0 0.908203 0.503418 0.050781 0.045898
0 0.811523 0.493652 0.050781 0.053711
0 0.754883 0.486328 0.065430 0.064453
0 0.235840 0.433594 0.184570 0.167969
0 0.632324 0.478516 0.075195 0.068359
0 0.093750 0.496094 0.181641 0.306641