1 0.443115 0.410645 0.011230 0.022461
1 0.145752 0.481934 0.024902 0.147461
1 0.168213 0.477539 0.033691 0.150391
1 0.208496 0.472168 0.024414 0.135742
1 0.228516 0.465332 0.033203 0.143555
1 0.839111 0.372559 0.014160 0.043945
1 0.778809 0.377441 0.017578 0.038086
1 0.736816 0.367676 0.011719 0.024414
1 0.911865 0.448242 0.045410 0.261719
1 0.955566 0.428711 0.066406 0.302734
1 0.869629 0.449219 0.053711 0.279297
0 0.455078 0.451172 0.114258 0.091797
0 0.324951 0.459961 0.124512 0.121094
0 0.915039 0.382812 0.040039 0.085938
0 0.810303 0.359863 0.097168 0.043945
0 0.824951 0.380859 0.038574 0.029297
0 0.785889 0.387695 0.116699 0.058594
0 0.779785 0.414551 0.147461 0.098633
0 0.813477 0.453125 0.033203 0.074219
0 0.766357 0.425781 0.110840 0.109375
0 0.759277 0.430176 0.085938 0.104492
0 0.705566 0.441895 0.193359 0.161133
0 0.645996 0.458984 0.239258 0.160156