0 0.207031 0.400879 0.015625 0.024414
0 0.203613 0.411621 0.008789 0.008789
0 0.213867 0.436523 0.029297 0.048828
0 0.917969 0.657227 0.159180 0.574219
0 0.515381 0.467285 0.078613 0.125977
0 0.563965 0.473145 0.074219 0.157227
0 0.661865 0.476074 0.183105 0.237305
0 0.060791 0.508301 0.115723 0.364258
0 0.222900 0.400879 0.010254 0.022461
0 0.257568 0.391602 0.051270 0.046875
0 0.249756 0.401855 0.012207 0.026367
0 0.260742 0.401855 0.018555 0.032227
0 0.274902 0.401855 0.027344 0.030273
0 0.310547 0.385742 0.016602 0.007812
0 0.326660 0.385742 0.019531 0.013672
0 0.302490 0.405273 0.040527 0.035156
0 0.329834 0.407227 0.026855 0.039062
0 0.334473 0.409668 0.025391 0.038086
0 0.351807 0.409180 0.016113 0.046875
0 0.415283 0.385254 0.007324 0.008789
0 0.430908 0.393555 0.025879 0.031250
0 0.393311 0.405762 0.073730 0.057617
0 0.453369 0.397949 0.027832 0.040039
0 0.476074 0.398926 0.036133 0.041992