0 0.517822 0.434082 0.007324 0.010742
0 0.501465 0.433594 0.014648 0.025391
0 0.552979 0.448730 0.019043 0.034180
0 0.572266 0.458984 0.029297 0.058594
0 0.593506 0.465332 0.040527 0.065430
0 0.646973 0.493164 0.088867 0.134766
0 0.885254 0.651855 0.224609 0.461914
0 0.486084 0.458008 0.014160 0.041016
0 0.481934 0.461426 0.012695 0.051758
0 0.473145 0.463867 0.026367 0.062500
0 0.442871 0.465332 0.049805 0.094727
0 0.441650 0.479980 0.039551 0.094727
0 0.407227 0.493164 0.071289 0.117188
0 0.325684 0.520996 0.143555 0.235352
0 0.077393 0.695801 0.148926 0.471680
0 0.526611 0.431641 0.011230 0.013672