1 0.464355 0.420898 0.005859 0.039062
1 0.456299 0.417480 0.009277 0.047852
0 0.982178 0.411621 0.030762 0.051758
0 0.931396 0.410645 0.043457 0.051758
0 0.864502 0.402344 0.029785 0.066406
0 0.829102 0.416992 0.061523 0.052734
0 0.654053 0.402832 0.116699 0.260742
0 0.695801 0.478027 0.136719 0.213867
0 0.709229 0.475586 0.037598 0.019531
0 0.544922 0.404785 0.007812 0.012695
0 0.551758 0.407715 0.006836 0.018555
0 0.555420 0.408691 0.010254 0.020508
0 0.562744 0.414551 0.015137 0.032227
0 0.569580 0.419922 0.023926 0.037109
0 0.535400 0.413086 0.015137 0.025391