1 0.458252 0.453125 0.028809 0.162109
1 0.476807 0.452637 0.032715 0.161133
1 0.504395 0.420410 0.014648 0.043945
1 0.496826 0.464355 0.020020 0.077148
0 0.438232 0.410156 0.016113 0.015625
0 0.438965 0.423340 0.013672 0.022461
0 0.437500 0.427246 0.010742 0.026367
0 0.436523 0.430176 0.006836 0.026367
0 0.430908 0.433105 0.013184 0.040039
0 0.422363 0.439453 0.022461 0.052734
0 0.410645 0.445801 0.020508 0.057617
0 0.381836 0.459961 0.058594 0.095703
0 0.483887 0.410156 0.010742 0.011719
0 0.484619 0.422363 0.007324 0.018555
0 0.486816 0.424805 0.007812 0.025391
0 0.494385 0.420410 0.012207 0.032227
0 0.515137 0.417969 0.010742 0.021484
0 0.528809 0.422363 0.019531 0.038086
0 0.538330 0.433594 0.020020 0.064453
0 0.542725 0.436035 0.020996 0.073242
0 0.565186 0.439453 0.055176 0.089844
0 0.921631 0.445801 0.151855 0.188477
0 0.632080 0.451172 0.103027 0.138672