1 0.060059 0.434570 0.012695 0.076172
1 0.630127 0.405273 0.008301 0.019531
1 0.649170 0.391113 0.014160 0.024414
1 0.896729 0.424805 0.015137 0.074219
1 0.869873 0.438965 0.015137 0.067383
1 0.879150 0.427246 0.020996 0.088867
1 0.846436 0.423828 0.020996 0.091797
0 0.020996 0.452148 0.036133 0.082031
0 0.500000 0.418457 0.023438 0.026367
0 0.521240 0.434082 0.050293 0.059570
0 0.548340 0.433105 0.076172 0.061523
0 0.608398 0.430664 0.079102 0.072266
0 0.669434 0.432129 0.082031 0.071289
0 0.762451 0.432129 0.077637 0.071289
0 0.950684 0.387207 0.026367 0.008789
0 0.459473 0.453613 0.084961 0.110352