0 0.520264 0.430176 0.057129 0.045898
0 0.470215 0.431152 0.020508 0.043945
0 0.459961 0.437012 0.018555 0.059570
0 0.445557 0.440918 0.035645 0.071289
0 0.441650 0.449219 0.026855 0.074219
0 0.409180 0.463379 0.071289 0.112305
0 0.259033 0.527832 0.187012 0.264648
0 0.098877 0.626465 0.191895 0.594727
0 0.546143 0.438965 0.017090 0.061523
0 0.552979 0.443848 0.019043 0.071289
0 0.563232 0.449707 0.034668 0.081055
0 0.574951 0.458496 0.024902 0.094727
0 0.596680 0.457031 0.059570 0.130859
0 0.640381 0.474121 0.093262 0.151367
0 0.754395 0.512207 0.199219 0.307617