1 0.516357 0.428223 0.003418 0.020508
1 0.532715 0.430664 0.004883 0.015625
1 0.540283 0.434082 0.004395 0.010742
1 0.589355 0.432617 0.008789 0.076172
1 0.582520 0.422852 0.011719 0.054688
1 0.584473 0.446777 0.014648 0.067383
1 0.568848 0.427246 0.018555 0.100586
1 0.604004 0.444336 0.013672 0.064453
1 0.548096 0.422363 0.020020 0.112305
1 0.506592 0.418457 0.006348 0.020508
0 0.433594 0.438965 0.025391 0.045898
0 0.389404 0.448730 0.069824 0.100586
0 0.266846 0.456055 0.085449 0.142578
0 0.127686 0.490234 0.218262 0.275391