1 0.056396 0.523438 0.051270 0.371094
1 0.025391 0.536621 0.044922 0.387695
1 0.461426 0.458496 0.010742 0.053711
1 0.687500 0.479004 0.010742 0.057617
1 0.737793 0.506836 0.021484 0.117188
1 0.952637 0.488281 0.034180 0.222656
1 0.903076 0.488281 0.044434 0.234375
1 0.856445 0.496582 0.035156 0.192383
1 0.761963 0.515137 0.030762 0.198242
1 0.818359 0.496094 0.033203 0.199219
0 0.932129 0.465820 0.016602 0.027344
0 0.879639 0.479492 0.012207 0.068359
0 0.875000 0.499023 0.017578 0.058594
0 0.837646 0.487793 0.007324 0.051758
0 0.791748 0.489746 0.020996 0.051758
0 0.800049 0.499512 0.016113 0.055664