1 0.562988 0.384766 0.005859 0.041016
1 0.569092 0.374512 0.007324 0.022461
1 0.689453 0.378906 0.016602 0.056641
1 0.755615 0.309082 0.021973 0.034180
0 0.160156 0.491211 0.202148 0.208984
0 0.333984 0.428223 0.080078 0.125977
0 0.514893 0.399902 0.007324 0.008789
0 0.531494 0.395996 0.012207 0.018555
0 0.586426 0.400391 0.028320 0.076172
0 0.592285 0.405762 0.042969 0.092773
0 0.608154 0.413086 0.032715 0.109375
0 0.646729 0.416016 0.080566 0.140625
0 0.721680 0.468262 0.117188 0.293945
0 0.868896 0.460449 0.257324 0.700195