1 0.564941 0.387695 0.009766 0.015625
0 0.537354 0.400391 0.009277 0.019531
0 0.564453 0.434082 0.054688 0.081055
0 0.504395 0.389160 0.015625 0.010742
0 0.489014 0.406250 0.014160 0.025391
0 0.476562 0.412598 0.019531 0.030273
0 0.518066 0.416504 0.020508 0.045898
0 0.508545 0.423828 0.039551 0.060547
0 0.457275 0.423828 0.025879 0.050781
0 0.412354 0.410156 0.066895 0.128906
0 0.348633 0.411621 0.024414 0.020508
0 0.300049 0.443359 0.073730 0.115234
0 0.365723 0.460449 0.080078 0.124023
0 0.058350 0.511719 0.110840 0.234375