0 0.478516 0.442383 0.020508 0.044922
0 0.470459 0.455078 0.017090 0.044922
0 0.462646 0.458496 0.012207 0.049805
0 0.449463 0.458496 0.028809 0.071289
0 0.443848 0.465332 0.013672 0.069336
0 0.418457 0.468750 0.056641 0.099609
0 0.530273 0.435059 0.011719 0.022461
0 0.534668 0.441406 0.010742 0.029297
0 0.542480 0.445312 0.012695 0.039062
0 0.553711 0.444824 0.020508 0.069336
0 0.572510 0.449219 0.036621 0.109375
0 0.609375 0.454590 0.073242 0.133789
0 0.614746 0.480957 0.051758 0.124023
0 0.640137 0.491211 0.051758 0.154297
0 0.716309 0.520996 0.169922 0.256836