0 0.321289 0.433594 0.001953 0.003906
0 0.323486 0.437500 0.004395 0.003906
0 0.320557 0.460938 0.017090 0.082031
0 0.311279 0.465820 0.023926 0.095703
0 0.283936 0.471191 0.060059 0.120117
0 0.131104 0.515625 0.256348 0.525391
0 0.045166 0.719238 0.084473 0.534180
0 0.355713 0.429688 0.016113 0.039062
0 0.360840 0.435547 0.016602 0.031250
0 0.363770 0.439941 0.012695 0.026367
0 0.368164 0.442383 0.009766 0.029297
0 0.374268 0.443359 0.013184 0.031250
0 0.382324 0.444336 0.011719 0.037109
0 0.383789 0.452637 0.003906 0.026367
0 0.394287 0.444824 0.020996 0.043945
0 0.395996 0.450684 0.012695 0.043945
0 0.403564 0.450195 0.014160 0.050781
0 0.422119 0.447266 0.035645 0.068359
0 0.428711 0.455566 0.015625 0.059570
0 0.452637 0.452637 0.049805 0.084961
0 0.466064 0.466309 0.055176 0.081055
0 0.525635 0.483398 0.093262 0.126953