1 0.669189 0.418945 0.007324 0.037109
1 0.677246 0.419434 0.006836 0.038086
1 0.517090 0.400879 0.012695 0.073242
1 0.526123 0.388672 0.010254 0.039062
1 0.507324 0.413574 0.018555 0.090820
1 0.536133 0.414062 0.015625 0.103516
1 0.426758 0.416016 0.024414 0.126953
1 0.251709 0.441406 0.029785 0.138672
1 0.278320 0.432617 0.038086 0.173828
0 0.575195 0.411133 0.035156 0.035156
0 0.613037 0.422852 0.052246 0.085938
0 0.775391 0.384766 0.036133 0.015625
0 0.766113 0.425781 0.049805 0.076172
0 0.769531 0.436035 0.037109 0.083008
0 0.769775 0.432129 0.029785 0.065430
0 0.766846 0.469727 0.019043 0.068359
0 0.843506 0.428711 0.144043 0.130859
0 0.838623 0.474609 0.134277 0.152344
0 0.866211 0.487793 0.082031 0.170898
0 0.932861 0.520020 0.129395 0.350586