1 0.124023 0.425293 0.047852 0.188477
1 0.165283 0.421875 0.053223 0.185547
1 0.391602 0.414062 0.033203 0.193359
1 0.377197 0.400879 0.061035 0.235352
1 0.472900 0.378418 0.023926 0.157227
1 0.427246 0.383789 0.028320 0.136719
1 0.517090 0.371094 0.024414 0.164062
1 0.546631 0.408691 0.049316 0.215820
1 0.676270 0.399414 0.049805 0.197266
1 0.693848 0.393555 0.060547 0.228516
1 0.663574 0.404785 0.063477 0.237305
1 0.775635 0.466309 0.072754 0.409180
0 0.317139 0.397949 0.010254 0.018555
0 0.248291 0.388184 0.079590 0.057617
0 0.459229 0.370605 0.052246 0.083008