1 0.086914 0.346680 0.008789 0.013672
1 0.100098 0.363281 0.007812 0.041016
1 0.011719 0.381348 0.013672 0.030273
1 0.041992 0.381836 0.010742 0.037109
0 0.902832 0.359863 0.062500 0.053711
0 0.974854 0.475586 0.033691 0.095703
0 0.851807 0.472656 0.158691 0.115234
0 0.329590 0.382324 0.078125 0.051758
0 0.442139 0.378418 0.085449 0.055664
0 0.527100 0.374023 0.060059 0.054688
0 0.612061 0.368164 0.078613 0.048828
0 0.803711 0.363770 0.074219 0.055664
0 0.618408 0.456543 0.186035 0.151367
0 0.123535 0.333496 0.018555 0.014648
0 0.107666 0.340820 0.022949 0.017578
0 0.086670 0.338379 0.025879 0.030273
0 0.056396 0.350586 0.035645 0.023438
0 0.141357 0.354004 0.015137 0.028320
0 0.130615 0.355469 0.024902 0.033203
0 0.117676 0.359375 0.028320 0.033203
0 0.076904 0.350098 0.012207 0.006836
0 0.060303 0.354004 0.019043 0.008789
0 0.056152 0.379883 0.083008 0.052734
0 0.026123 0.433594 0.046387 0.076172
0 0.077148 0.439453 0.082031 0.091797
0 0.160400 0.450195 0.111816 0.097656
0 0.266113 0.460449 0.117188 0.106445