1 0.367676 0.499512 0.015625 0.079102
1 0.306885 0.493164 0.015137 0.078125
1 0.083984 0.502441 0.041992 0.170898
1 0.545898 0.495117 0.006836 0.064453
1 0.538818 0.493652 0.010254 0.061523
1 0.529297 0.497559 0.012695 0.063477
1 0.740234 0.518066 0.026367 0.077148
0 0.837891 0.469727 0.017578 0.044922
0 0.685791 0.508301 0.020996 0.051758
0 0.742188 0.506348 0.040039 0.057617
0 0.793457 0.496094 0.046875 0.074219
0 0.706543 0.514160 0.041016 0.065430
0 0.756836 0.510254 0.026367 0.053711
0 0.803711 0.514160 0.035156 0.059570
0 0.496582 0.505859 0.022461 0.056641