1 0.406982 0.424316 0.003418 0.016602
1 0.411621 0.423828 0.004883 0.019531
1 0.393066 0.421875 0.004883 0.015625
1 0.378174 0.421875 0.004395 0.017578
1 0.417969 0.419922 0.004883 0.017578
1 0.432861 0.423340 0.004395 0.024414
1 0.438232 0.420898 0.004395 0.019531
1 0.367920 0.430176 0.007324 0.028320
1 0.353027 0.435547 0.011719 0.052734
1 0.341064 0.431152 0.019043 0.061523
1 0.173584 0.450195 0.049316 0.255859
0 0.423340 0.423828 0.012695 0.023438
0 0.427246 0.427246 0.010742 0.018555
0 0.444580 0.437012 0.017090 0.030273
0 0.448242 0.439453 0.019531 0.031250
0 0.571777 0.471191 0.074219 0.098633