1 0.094727 0.432129 0.030273 0.125977
1 0.176025 0.430176 0.012207 0.081055
1 0.221436 0.405762 0.005371 0.024414
1 0.211182 0.434082 0.011230 0.086914
1 0.352295 0.419434 0.007324 0.047852
1 0.369873 0.425293 0.013184 0.045898
1 0.392334 0.423340 0.013184 0.043945
1 0.471436 0.413574 0.006348 0.036133
1 0.464844 0.414062 0.003906 0.033203
1 0.516602 0.415039 0.006836 0.044922
1 0.572510 0.411133 0.010254 0.060547
1 0.553711 0.421387 0.012695 0.096680
1 0.563721 0.421875 0.010254 0.091797
1 0.978027 0.421875 0.017578 0.113281
1 0.958496 0.418945 0.015625 0.119141
1 0.991211 0.419434 0.012695 0.120117
1 0.824219 0.414551 0.015625 0.104492
1 0.827637 0.421387 0.022461 0.100586
1 0.814697 0.414551 0.021973 0.116211
1 0.785889 0.420410 0.022949 0.102539
1 0.706787 0.417969 0.009277 0.089844
1 0.714111 0.415039 0.020996 0.099609
1 0.632568 0.378906 0.006348 0.015625
1 0.681885 0.397461 0.006348 0.044922
1 0.686279 0.417480 0.013184 0.086914
1 0.693848 0.416016 0.015625 0.097656
1 0.659424 0.416992 0.013184 0.091797
1 0.667236 0.416504 0.020020 0.096680
1 0.616455 0.439453 0.009277 0.033203
1 0.614014 0.419434 0.014160 0.090820
1 0.625732 0.416992 0.014160 0.091797
1 0.635498 0.400879 0.012207 0.045898
1 0.598389 0.422363 0.016113 0.098633
0 0.288574 0.404785 0.024414 0.026367
0 0.283691 0.430664 0.028320 0.046875
0 0.240234 0.426270 0.061523 0.120117
0 0.322021 0.426270 0.058105 0.110352
0 0.376465 0.421875 0.017578 0.029297