1 0.026123 0.399414 0.023926 0.070312
1 0.129883 0.395020 0.013672 0.043945
1 0.019287 0.464844 0.032715 0.226562
1 0.098389 0.478516 0.050293 0.269531
1 0.146484 0.481934 0.064453 0.276367
1 0.478760 0.402832 0.019043 0.114258
1 0.498779 0.407715 0.017090 0.100586
1 0.524902 0.410156 0.024414 0.103516
1 0.562500 0.425781 0.006836 0.054688
1 0.581055 0.425293 0.009766 0.061523
1 0.571777 0.412598 0.017578 0.088867
1 0.552979 0.410645 0.020996 0.106445
1 0.604492 0.421387 0.008789 0.030273
1 0.596680 0.417480 0.013672 0.077148
0 0.684570 0.433105 0.023438 0.049805
0 0.712402 0.435059 0.041992 0.096680