1 0.350098 0.464355 0.011719 0.053711
1 0.367920 0.461426 0.037598 0.137695
1 0.405273 0.465820 0.035156 0.130859
0 0.417969 0.467773 0.015625 0.039062
0 0.435059 0.452637 0.009766 0.008789
0 0.454590 0.450684 0.010742 0.006836
0 0.499512 0.456055 0.014648 0.025391
0 0.492432 0.459473 0.014160 0.024414
0 0.482422 0.461914 0.014648 0.029297
0 0.470215 0.461914 0.020508 0.029297
0 0.578125 0.445801 0.003906 0.002930
0 0.569580 0.449219 0.017090 0.007812
0 0.564453 0.450684 0.011719 0.010742
0 0.537842 0.448730 0.051270 0.030273
0 0.541260 0.457031 0.016113 0.015625
0 0.524414 0.467773 0.046875 0.039062
0 0.608398 0.464844 0.136719 0.085938
0 0.162354 0.496094 0.136230 0.166016
0 0.046631 0.531738 0.087402 0.211914
0 0.754639 0.450684 0.090332 0.139648
0 0.777100 0.456055 0.040527 0.138672
0 0.825195 0.448730 0.097656 0.184570
0 0.911865 0.381348 0.171387 0.499023