1 0.596191 0.418945 0.009766 0.037109
1 0.609131 0.433594 0.010254 0.082031
1 0.625244 0.426758 0.012207 0.068359
1 0.655029 0.429199 0.019043 0.098633
1 0.735107 0.443848 0.026855 0.155273
1 0.767822 0.428223 0.030762 0.145508
1 0.366699 0.445801 0.016602 0.086914
1 0.344482 0.445801 0.017090 0.083008
0 0.512451 0.408691 0.018066 0.014648
0 0.503174 0.442871 0.037598 0.061523
0 0.540283 0.417480 0.019043 0.026367
0 0.540039 0.437012 0.015625 0.045898
0 0.560791 0.436035 0.040527 0.071289
0 0.511963 0.455566 0.051270 0.075195