1 0.257080 0.421387 0.029785 0.184570
1 0.225098 0.422363 0.029297 0.170898
1 0.583984 0.430664 0.015625 0.076172
0 0.529297 0.398926 0.015625 0.010742
0 0.522217 0.416504 0.018066 0.028320
0 0.462158 0.423340 0.041504 0.061523
0 0.552979 0.410156 0.022949 0.046875
0 0.555908 0.421387 0.012207 0.032227
0 0.564697 0.423340 0.015137 0.041992
0 0.572510 0.426270 0.016113 0.047852
0 0.597900 0.439941 0.019043 0.063477
0 0.622070 0.441406 0.049805 0.078125
0 0.809082 0.442871 0.058594 0.127930
0 0.905273 0.576660 0.184570 0.688477