1 0.711914 0.403809 0.004883 0.032227
1 0.789795 0.380859 0.008301 0.015625
1 0.104248 0.450684 0.018066 0.086914
1 0.532959 0.426270 0.017090 0.086914
1 0.556641 0.427246 0.019531 0.086914
0 0.560059 0.408203 0.007812 0.031250
0 0.545410 0.419434 0.012695 0.022461
0 0.496338 0.421875 0.027832 0.015625
0 0.593018 0.426270 0.028809 0.020508
0 0.596436 0.416504 0.047363 0.036133
0 0.864502 0.513184 0.266113 0.317383
0 0.447021 0.430664 0.026855 0.052734
0 0.404541 0.435059 0.028809 0.051758
0 0.430420 0.437988 0.040527 0.059570
0 0.366455 0.444336 0.043457 0.062500
0 0.054932 0.541016 0.104004 0.248047