1 0.374512 0.472656 0.002930 0.017578
1 0.383545 0.473633 0.005371 0.031250
1 0.603760 0.461914 0.005371 0.029297
1 0.610352 0.470215 0.008789 0.045898
1 0.680420 0.458008 0.011230 0.062500
1 0.696533 0.452637 0.015137 0.075195
1 0.712891 0.435059 0.019531 0.116211
1 0.754883 0.439941 0.014648 0.094727
1 0.761719 0.435547 0.024414 0.101562
1 0.290771 0.481445 0.007324 0.039062
1 0.282959 0.477539 0.009277 0.042969
1 0.256592 0.483398 0.007324 0.042969
1 0.243164 0.467773 0.011719 0.064453
1 0.230225 0.469238 0.013184 0.069336
1 0.127686 0.457031 0.017090 0.099609
1 0.113281 0.462402 0.020508 0.106445
1 0.092285 0.456543 0.024414 0.122070
1 0.132812 0.455078 0.023438 0.121094
1 0.565674 0.472656 0.018066 0.050781
0 0.676270 0.465332 0.052734 0.051758
0 0.518555 0.462402 0.049805 0.073242