1 0.222900 0.444336 0.009277 0.054688
1 0.339844 0.443359 0.008789 0.041016
1 0.332764 0.440430 0.007324 0.044922
1 0.375000 0.441406 0.008789 0.039062
1 0.372070 0.442383 0.007812 0.039062
1 0.565430 0.434082 0.004883 0.036133
1 0.756104 0.424805 0.008301 0.039062
1 0.743164 0.433594 0.006836 0.035156
1 0.694580 0.422852 0.002441 0.027344
1 0.658203 0.413086 0.004883 0.007812
0 0.078125 0.414551 0.057617 0.055664
0 0.035156 0.496094 0.064453 0.175781
0 0.453125 0.425293 0.005859 0.020508
0 0.462646 0.427246 0.014160 0.026367
0 0.450439 0.433594 0.010254 0.031250
0 0.419678 0.434570 0.007324 0.029297
0 0.407959 0.435059 0.020996 0.036133
0 0.395996 0.442383 0.025391 0.033203
0 0.435059 0.433594 0.027344 0.044922
0 0.499023 0.424316 0.009766 0.004883
0 0.497803 0.431641 0.009277 0.013672
0 0.505615 0.444336 0.017090 0.052734
0 0.547607 0.422852 0.018066 0.044922
0 0.528809 0.450195 0.043945 0.068359
0 0.590088 0.447266 0.044434 0.068359
0 0.640381 0.469238 0.077637 0.106445
0 0.856445 0.573730 0.282227 0.422852