1 0.568359 0.437988 0.006836 0.032227
1 0.572998 0.436035 0.004395 0.032227
1 0.576172 0.435547 0.005859 0.035156
1 0.600342 0.435059 0.006348 0.028320
1 0.593750 0.436523 0.008789 0.031250
1 0.586182 0.435059 0.010254 0.036133
1 0.690430 0.428711 0.010742 0.035156
1 0.827148 0.426758 0.023438 0.156250
1 0.518311 0.433105 0.004395 0.020508
1 0.456299 0.440430 0.004395 0.027344
1 0.450684 0.438965 0.008789 0.038086
1 0.429199 0.439453 0.007812 0.035156
1 0.421875 0.442383 0.009766 0.035156
1 0.407471 0.442383 0.009277 0.031250
1 0.398682 0.439941 0.006348 0.036133
1 0.393066 0.440918 0.007812 0.034180
1 0.945312 0.450684 0.036133 0.262695
0 0.525391 0.431152 0.006836 0.020508
0 0.506348 0.435547 0.006836 0.013672
0 0.501465 0.439941 0.008789 0.022461
0 0.485107 0.439453 0.004395 0.015625
0 0.492920 0.439941 0.015137 0.022461
0 0.477783 0.440918 0.008301 0.020508
0 0.467285 0.439941 0.017578 0.026367
0 0.560059 0.444336 0.009766 0.042969
0 0.542236 0.442383 0.034668 0.056641
0 0.214111 0.435059 0.033691 0.008789