1 0.362305 0.479004 0.005859 0.016602
1 0.368652 0.478027 0.006836 0.018555
1 0.373047 0.482910 0.005859 0.008789
1 0.379150 0.477539 0.008301 0.021484
1 0.387695 0.479980 0.005859 0.018555
1 0.393555 0.479980 0.005859 0.018555
1 0.399658 0.480957 0.006348 0.018555
1 0.412354 0.483398 0.007324 0.017578
1 0.434570 0.482910 0.007812 0.016602
1 0.451904 0.483398 0.008301 0.015625
1 0.465088 0.481934 0.006348 0.018555
1 0.352295 0.476074 0.004395 0.022461
1 0.333984 0.475098 0.004883 0.024414
1 0.385986 0.556641 0.008301 0.019531
1 0.346436 0.529297 0.010254 0.074219
1 0.357910 0.534668 0.014648 0.073242
1 0.322021 0.489258 0.005371 0.033203
1 0.299805 0.507324 0.008789 0.067383
1 0.292725 0.516602 0.011230 0.095703
1 0.284912 0.520508 0.016113 0.091797
1 0.270508 0.515137 0.018555 0.100586
1 0.326660 0.525879 0.012695 0.081055
1 0.338379 0.525879 0.016602 0.081055
1 0.316406 0.517090 0.014648 0.102539
1 0.309814 0.515625 0.020996 0.103516
1 0.129150 0.464844 0.028809 0.228516
1 0.132568 0.489746 0.026855 0.204102
1 0.111572 0.483398 0.062012 0.287109
1 0.055420 0.454590 0.049316 0.266602
1 0.020752 0.482422 0.035645 0.302734
1 0.470215 0.543457 0.007812 0.049805
1 0.475342 0.539062 0.006348 0.056641
1 0.462891 0.539551 0.014648 0.063477
1 0.442871 0.522949 0.026367 0.100586
1 0.483643 0.536133 0.011230 0.070312
1 0.493164 0.533691 0.011719 0.069336
1 0.481934 0.531250 0.009766 0.076172
1 0.500000 0.527344 0.028320 0.091797
1 0.513428 0.518555 0.011230 0.105469
1 0.549561 0.518066 0.008301 0.102539
1 0.539551 0.497559 0.016602 0.145508
1 0.528564 0.502930 0.027832 0.146484
1 0.587402 0.494629 0.026367 0.161133
1 0.854492 0.502930 0.036133 0.232422
1 0.885498 0.538086 0.054199 0.164062
1 0.720947 0.502930 0.076660 0.367188
0 0.417480 0.529785 0.040039 0.075195