0 0.505371 0.447266 0.020508 0.025391
0 0.480469 0.443848 0.019531 0.043945
0 0.446777 0.450684 0.008789 0.040039
0 0.125977 0.416016 0.192383 0.302734
0 0.525391 0.458008 0.029297 0.042969
0 0.568115 0.457031 0.008301 0.035156
0 0.581543 0.453613 0.023438 0.047852
0 0.582275 0.459961 0.023926 0.042969
0 0.591797 0.464844 0.022461 0.050781
0 0.597656 0.466797 0.016602 0.050781
0 0.658936 0.477539 0.055176 0.099609
0 0.693604 0.498047 0.069824 0.117188
0 0.744873 0.516113 0.108887 0.153320
0 0.834473 0.542480 0.160156 0.202148
0 0.932861 0.596191 0.129395 0.350586