1 0.334473 0.393555 0.012695 0.027344
1 0.322754 0.410645 0.017578 0.051758
1 0.371094 0.353516 0.008789 0.031250
1 0.377930 0.362305 0.007812 0.037109
1 0.384033 0.358398 0.006348 0.033203
1 0.401855 0.345703 0.006836 0.025391
1 0.414551 0.356445 0.008789 0.041016
1 0.408936 0.355469 0.010254 0.041016
1 0.398193 0.361816 0.013184 0.040039
1 0.432861 0.347656 0.009277 0.054688
1 0.440674 0.350098 0.009277 0.047852
1 0.446533 0.347168 0.009277 0.051758
1 0.458496 0.332520 0.003906 0.016602
1 0.462891 0.337891 0.008789 0.033203
1 0.474365 0.350098 0.011230 0.053711
1 0.500000 0.355469 0.013672 0.048828
1 0.530762 0.357910 0.010742 0.049805
1 0.540039 0.349609 0.012695 0.041016
1 0.572510 0.336426 0.005371 0.022461
1 0.567139 0.358887 0.009277 0.055664
1 0.591553 0.346191 0.012207 0.043945
1 0.572266 0.365723 0.011719 0.040039
1 0.583008 0.364746 0.012695 0.038086
1 0.596680 0.366211 0.016602 0.042969
1 0.616455 0.369141 0.010254 0.044922
1 0.625244 0.359375 0.014160 0.044922
1 0.622314 0.412598 0.016113 0.094727
1 0.634521 0.411133 0.020020 0.093750
1 0.541260 0.406738 0.020020 0.084961
1 0.539551 0.432129 0.021484 0.084961
1 0.663086 0.408203 0.013672 0.103516
1 0.685547 0.391602 0.010742 0.068359
1 0.676270 0.412598 0.021484 0.106445
1 0.672607 0.438965 0.017090 0.081055
1 0.652832 0.420410 0.024414 0.118164
1 0.702637 0.367676 0.014648 0.032227
1 0.726318 0.406738 0.016113 0.110352
1 0.697266 0.427734 0.023438 0.138672
1 0.712891 0.424316 0.022461 0.157227
1 0.749756 0.363770 0.010254 0.026367
1 0.758545 0.376953 0.014160 0.062500
1 0.780762 0.488281 0.047852 0.287109
1 0.743408 0.503906 0.041504 0.275391
1 0.781250 0.507324 0.047852 0.307617
1 0.873535 0.468262 0.021484 0.184570
1 0.896484 0.471680 0.047852 0.228516
1 0.851562 0.380371 0.039062 0.129883
1 0.845215 0.471191 0.042969 0.231445
0 0.655273 0.364258 0.044922 0.042969
0 0.541504 0.405273 0.048828 0.074219
0 0.581543 0.437988 0.071289 0.108398
0 0.691895 0.372070 0.011719 0.037109
0 0.947021 0.567383 0.101074 0.621094
0 0.495605 0.407227 0.041992 0.044922
0 0.497314 0.445801 0.040527 0.112305
0 0.460693 0.458984 0.072754 0.148438
0 0.382812 0.483887 0.125000 0.208008
0 0.048340 0.418457 0.031250 0.018555
0 0.090576 0.420898 0.094238 0.039062
0 0.151123 0.450195 0.162598 0.099609
0 0.075928 0.504395 0.117676 0.159180
0 0.030762 0.540527 0.055664 0.276367
0 0.229248 0.586914 0.330566 0.326172