0 0.385010 0.402344 0.006348 0.011719
0 0.391357 0.400391 0.009277 0.013672
0 0.437012 0.408691 0.010742 0.018555
0 0.322266 0.417969 0.020508 0.042969
0 0.293213 0.407227 0.028809 0.044922
0 0.146240 0.394043 0.018066 0.022461
0 0.135498 0.407227 0.027832 0.066406
0 0.166260 0.412109 0.046387 0.052734
0 0.215088 0.413574 0.058105 0.055664
0 0.392334 0.429688 0.010254 0.039062
0 0.380615 0.431152 0.025879 0.045898
0 0.669922 0.452637 0.043945 0.049805
0 0.712158 0.451172 0.046387 0.054688
0 0.757324 0.424805 0.060547 0.048828
0 0.759277 0.450195 0.052734 0.058594
0 0.804932 0.463379 0.056152 0.038086
0 0.877930 0.456055 0.024414 0.044922
0 0.924072 0.479980 0.107910 0.135742
0 0.477539 0.442871 0.055664 0.104492
0 0.024658 0.411621 0.043457 0.153320