0 0.437012 0.431641 0.012695 0.019531
0 0.436279 0.439453 0.011230 0.023438
0 0.429443 0.444824 0.012207 0.032227
0 0.418701 0.424316 0.019043 0.010742
0 0.418701 0.445312 0.017090 0.041016
0 0.412354 0.450684 0.017090 0.047852
0 0.397217 0.451172 0.025879 0.058594
0 0.377930 0.458984 0.031250 0.078125
0 0.359619 0.463379 0.032715 0.086914
0 0.317383 0.472168 0.078125 0.108398
0 0.216553 0.502930 0.143066 0.167969
0 0.073242 0.545898 0.140625 0.312500
0 0.600830 0.436523 0.020020 0.042969
0 0.545166 0.472168 0.110840 0.219727
0 0.696289 0.460449 0.060547 0.161133
0 0.789307 0.456055 0.176270 0.248047
0 0.945068 0.540527 0.104980 0.329102