1 0.922119 0.447266 0.061035 0.236328
1 0.986572 0.455566 0.021973 0.217773
1 0.712891 0.448730 0.011719 0.083008
1 0.457275 0.433594 0.011230 0.048828
1 0.492920 0.434082 0.008301 0.049805
1 0.748047 0.446777 0.018555 0.090820
0 0.411865 0.438965 0.014160 0.004883
0 0.498779 0.418457 0.039551 0.041992
0 0.453857 0.421387 0.048340 0.043945
0 0.597900 0.465820 0.072754 0.115234
0 0.519287 0.444336 0.055176 0.076172
0 0.375000 0.447754 0.060547 0.049805
0 0.557617 0.417969 0.034180 0.037109
0 0.309326 0.435547 0.010254 0.058594
0 0.598633 0.395508 0.037109 0.039062