1 0.246582 0.458496 0.009766 0.057617
1 0.255371 0.459473 0.010742 0.057617
1 0.231201 0.461426 0.011230 0.061523
1 0.923096 0.441406 0.021973 0.138672
1 0.961670 0.432617 0.023926 0.123047
1 0.985596 0.431152 0.023926 0.118164
1 0.350342 0.458496 0.007324 0.036133
1 0.360352 0.458984 0.006836 0.035156
1 0.591797 0.421387 0.003906 0.004883
1 0.598145 0.417969 0.004883 0.007812
1 0.697998 0.423340 0.013184 0.049805
1 0.639648 0.428711 0.010742 0.029297
1 0.648926 0.437988 0.008789 0.051758
1 0.669189 0.436523 0.013184 0.060547
1 0.679199 0.408203 0.009766 0.021484
1 0.682617 0.433594 0.016602 0.064453
1 0.708008 0.404785 0.004883 0.014648
0 0.389648 0.455078 0.010742 0.019531
0 0.404053 0.459473 0.020020 0.040039
0 0.536377 0.442383 0.012207 0.017578
0 0.555420 0.455566 0.036621 0.053711
0 0.499268 0.482422 0.080566 0.123047
0 0.776855 0.347168 0.135742 0.112305
0 0.791504 0.563965 0.257812 0.362305
0 0.610840 0.482910 0.085938 0.124023