1 0.942139 0.418945 0.009277 0.107422
1 0.933838 0.409180 0.018066 0.107422
1 0.954102 0.426270 0.018555 0.114258
1 0.969971 0.430176 0.029785 0.180664
1 0.886719 0.376465 0.025391 0.028320
1 0.660156 0.406250 0.005859 0.048828
1 0.657715 0.407227 0.012695 0.056641
1 0.666016 0.410156 0.006836 0.050781
1 0.676514 0.409668 0.005371 0.051758
1 0.671387 0.407227 0.009766 0.056641
1 0.705566 0.383789 0.004883 0.017578
1 0.700439 0.395996 0.007324 0.030273
1 0.688477 0.403809 0.003906 0.043945
1 0.692871 0.401367 0.008789 0.048828
1 0.633301 0.386230 0.009766 0.010742
0 0.644287 0.450195 0.042480 0.123047
0 0.735840 0.475098 0.109375 0.215820
0 0.827637 0.534180 0.258789 0.320312
0 0.511963 0.604492 0.342285 0.539062