1 0.768799 0.409668 0.016113 0.114258
1 0.740479 0.417969 0.013184 0.103516
1 0.702637 0.378418 0.002930 0.014648
1 0.708252 0.401367 0.010254 0.070312
1 0.717041 0.408203 0.011230 0.082031
1 0.720215 0.412109 0.006836 0.046875
1 0.693359 0.364746 0.007812 0.012695
1 0.680664 0.403320 0.010742 0.072266
1 0.693359 0.428711 0.026367 0.119141
1 0.729004 0.442871 0.023438 0.194336
1 0.650635 0.401855 0.010254 0.057617
1 0.639893 0.387207 0.013184 0.045898
1 0.660889 0.408203 0.014160 0.056641
1 0.316406 0.426270 0.006836 0.041992
1 0.146729 0.455566 0.027832 0.157227
1 0.193604 0.465820 0.022949 0.199219
1 0.230225 0.467285 0.020020 0.186523
1 0.213379 0.467285 0.047852 0.223633
1 0.113281 0.476074 0.048828 0.229492
1 0.248535 0.460938 0.030273 0.222656
1 0.272217 0.454590 0.024902 0.155273
0 0.530273 0.420898 0.018555 0.023438
0 0.286377 0.428223 0.058105 0.083008
0 0.151123 0.437500 0.074707 0.101562
0 0.045654 0.472168 0.085449 0.106445
0 0.423584 0.450195 0.067871 0.095703
0 0.588379 0.493652 0.162109 0.200195