1 0.561768 0.441895 0.008301 0.040039
1 0.576904 0.446289 0.014160 0.066406
1 0.568359 0.465820 0.004883 0.031250
1 0.552002 0.445312 0.005371 0.031250
1 0.479980 0.445801 0.006836 0.028320
1 0.413086 0.445312 0.006836 0.031250
1 0.432129 0.455078 0.014648 0.101562
1 0.387939 0.451172 0.011230 0.052734
1 0.699951 0.455566 0.018066 0.094727
1 0.303467 0.465820 0.013184 0.087891
1 0.291992 0.462402 0.012695 0.094727
1 0.278076 0.464844 0.014160 0.083984
0 0.462646 0.442383 0.027832 0.021484
0 0.499268 0.445801 0.014160 0.020508
0 0.540527 0.439941 0.018555 0.028320
0 0.554932 0.443848 0.038574 0.034180
0 0.430420 0.446777 0.023926 0.043945
0 0.103027 0.637207 0.200195 0.401367