1 0.618652 0.433105 0.014648 0.049805
1 0.471191 0.421875 0.005859 0.027344
1 0.465576 0.419434 0.007324 0.032227
1 0.478027 0.433105 0.009766 0.047852
1 0.458008 0.431641 0.015625 0.068359
1 0.688477 0.434082 0.017578 0.104492
1 0.703125 0.436523 0.014648 0.097656
1 0.716553 0.431152 0.023926 0.120117
1 0.806641 0.423340 0.015625 0.084961
0 0.544922 0.430176 0.006836 0.018555
0 0.601562 0.425781 0.006836 0.027344
0 0.595215 0.428223 0.008789 0.040039
0 0.574707 0.425293 0.035156 0.055664
0 0.501709 0.433594 0.015137 0.035156
0 0.484131 0.432617 0.025879 0.048828
0 0.438965 0.437500 0.015625 0.054688
0 0.022217 0.610840 0.038574 0.354492