1 0.270020 0.413086 0.010742 0.027344
1 0.461426 0.416016 0.005859 0.031250
1 0.455322 0.415527 0.005371 0.022461
1 0.674072 0.467773 0.061035 0.314453
1 0.799072 0.438965 0.030762 0.186523
1 0.767334 0.449707 0.058105 0.303711
1 0.981201 0.504883 0.032715 0.195312
0 0.417480 0.417969 0.004883 0.019531
0 0.423828 0.417969 0.012695 0.021484
0 0.374512 0.424805 0.010742 0.029297
0 0.370117 0.426270 0.011719 0.040039
0 0.366455 0.426758 0.008301 0.042969
0 0.318115 0.418457 0.093262 0.061523
0 0.322998 0.445312 0.078613 0.066406
0 0.278320 0.456055 0.021484 0.060547
0 0.192627 0.436523 0.048340 0.066406
0 0.243896 0.458984 0.070801 0.089844
0 0.475342 0.426270 0.012207 0.053711
0 0.489502 0.427734 0.029785 0.056641
0 0.494141 0.432129 0.018555 0.055664
0 0.501953 0.434570 0.016602 0.056641
0 0.510254 0.436523 0.022461 0.066406
0 0.518311 0.439453 0.014160 0.072266
0 0.556396 0.424805 0.070801 0.126953
0 0.574707 0.449707 0.071289 0.106445
0 0.733643 0.457520 0.188965 0.141602