1 0.437012 0.423340 0.007812 0.055664
1 0.440430 0.428711 0.010742 0.050781
1 0.429443 0.421875 0.013184 0.058594
1 0.487061 0.425781 0.007324 0.042969
0 0.621094 0.433594 0.015625 0.025391
0 0.629395 0.440918 0.010742 0.032227
0 0.539307 0.429199 0.013184 0.024414
0 0.532227 0.427246 0.015625 0.020508
0 0.548828 0.440430 0.026367 0.041016
0 0.519287 0.425781 0.006348 0.011719
0 0.384033 0.449219 0.057129 0.113281
0 0.337646 0.446777 0.074707 0.149414
0 0.257568 0.444824 0.146973 0.211914
0 0.120117 0.467773 0.234375 0.312500
0 0.508545 0.424316 0.007324 0.020508
0 0.497559 0.424316 0.017578 0.028320