1 0.579834 0.433594 0.005371 0.041016
1 0.573242 0.433594 0.007812 0.041016
1 0.586426 0.433594 0.006836 0.037109
1 0.626221 0.431152 0.006348 0.045898
1 0.613525 0.470703 0.049316 0.251953
1 0.441650 0.434570 0.009277 0.033203
1 0.427490 0.438477 0.009277 0.035156
1 0.398193 0.443848 0.006348 0.032227
1 0.404297 0.437012 0.008789 0.043945
1 0.466797 0.439453 0.012695 0.046875
1 0.389648 0.437988 0.010742 0.038086
1 0.377686 0.438965 0.006348 0.041992
1 0.314453 0.427246 0.012695 0.014648
1 0.300537 0.434082 0.012207 0.026367
1 0.223633 0.451172 0.016602 0.083984
0 0.529541 0.433105 0.016113 0.026367
0 0.487305 0.432129 0.011719 0.014648
0 0.455811 0.440430 0.014160 0.027344
0 0.313721 0.464844 0.053223 0.064453