1 0.393799 0.413086 0.005371 0.009766
1 0.404297 0.411621 0.007812 0.014648
1 0.368652 0.440918 0.016602 0.059570
1 0.683105 0.430176 0.011719 0.071289
1 0.696045 0.431152 0.013184 0.065430
1 0.725586 0.437012 0.024414 0.143555
1 0.760986 0.430176 0.028809 0.155273
1 0.792725 0.423828 0.024902 0.158203
0 0.501465 0.423828 0.021484 0.023438
0 0.488770 0.426758 0.010742 0.021484
0 0.475586 0.416504 0.010742 0.008789
0 0.479248 0.431152 0.017090 0.028320
0 0.207275 0.509277 0.259277 0.247070
0 0.575684 0.413574 0.012695 0.010742
0 0.584229 0.437500 0.022949 0.041016
0 0.535889 0.436035 0.030762 0.040039