1 0.104980 0.430176 0.012695 0.090820
1 0.128174 0.429199 0.015137 0.100586
1 0.115234 0.434082 0.021484 0.094727
1 0.145020 0.414062 0.016602 0.060547
1 0.162109 0.395996 0.018555 0.040039
1 0.018799 0.452148 0.031738 0.154297
1 0.043945 0.442383 0.013672 0.173828
1 0.093506 0.379395 0.014160 0.067383
1 0.081543 0.426758 0.024414 0.201172
1 0.060547 0.425293 0.030273 0.215820
1 0.257568 0.411621 0.012207 0.065430
1 0.424561 0.451172 0.020996 0.115234
1 0.432373 0.452637 0.021973 0.114258
1 0.954346 0.480469 0.016113 0.070312
1 0.975830 0.467285 0.015137 0.053711
1 0.933594 0.492188 0.014648 0.097656
1 0.905518 0.477051 0.027832 0.124023
1 0.321777 0.450195 0.026367 0.103516
1 0.337402 0.443848 0.017578 0.112305
1 0.354980 0.449219 0.034180 0.121094
0 0.199707 0.462891 0.132812 0.164062
0 0.978271 0.466309 0.038574 0.045898
0 0.980225 0.510254 0.034668 0.079102