1 0.476807 0.420898 0.007324 0.017578
1 0.397949 0.439453 0.013672 0.058594
1 0.394775 0.436035 0.015137 0.059570
1 0.375488 0.437988 0.014648 0.063477
1 0.383057 0.439941 0.016113 0.063477
1 0.423096 0.433105 0.013184 0.063477
1 0.413574 0.432129 0.011719 0.067383
1 0.466309 0.429199 0.015625 0.075195
1 0.466797 0.435059 0.008789 0.059570
1 0.460693 0.436523 0.014160 0.066406
1 0.497559 0.431641 0.009766 0.066406
1 0.510498 0.429199 0.005371 0.071289
1 0.515381 0.432129 0.012207 0.067383
1 0.511475 0.431152 0.017090 0.069336
1 0.501953 0.435059 0.017578 0.065430
1 0.493408 0.437012 0.017090 0.063477
1 0.523926 0.433105 0.008789 0.065430
1 0.533447 0.432129 0.019043 0.067383
1 0.541504 0.428223 0.019531 0.075195
1 0.600586 0.431641 0.011719 0.072266
1 0.610840 0.436035 0.023438 0.065430
0 0.575928 0.423340 0.009277 0.022461
0 0.562012 0.409668 0.018555 0.028320
0 0.562012 0.428223 0.018555 0.028320
0 0.072510 0.420898 0.011230 0.023438
0 0.193604 0.533691 0.304199 0.319336