1 0.531738 0.430664 0.005859 0.023438
1 0.331787 0.448730 0.012207 0.065430
0 0.491943 0.430176 0.006348 0.010742
0 0.499756 0.430176 0.006348 0.008789
0 0.487061 0.431152 0.005371 0.010742
0 0.482910 0.432617 0.006836 0.009766
0 0.472900 0.434570 0.011230 0.019531
0 0.463867 0.434570 0.012695 0.019531
0 0.461426 0.437500 0.008789 0.017578
0 0.453369 0.441406 0.012207 0.029297
0 0.438965 0.438477 0.023438 0.041016
0 0.436768 0.443359 0.012207 0.037109
0 0.426758 0.445801 0.019531 0.045898
0 0.406250 0.447266 0.035156 0.050781