0 0.594971 0.438477 0.029785 0.054688
0 0.623535 0.435547 0.041992 0.072266
0 0.629395 0.446289 0.009766 0.048828
0 0.461670 0.411621 0.023926 0.012695
0 0.479248 0.434082 0.011230 0.034180
0 0.468994 0.437500 0.020996 0.046875
0 0.457764 0.445312 0.020020 0.064453
0 0.422607 0.420898 0.066895 0.144531
0 0.396240 0.470703 0.048340 0.138672
0 0.327148 0.450195 0.125000 0.205078
0 0.317871 0.515137 0.101562 0.213867
0 0.174805 0.538574 0.279297 0.385742
0 0.072266 0.622559 0.138672 0.583008
0 0.509033 0.435547 0.025879 0.042969