1 0.517334 0.411621 0.009277 0.055664
1 0.566650 0.406738 0.017090 0.100586
0 0.911377 0.409668 0.056152 0.040039
0 0.971191 0.392090 0.052734 0.083008
0 0.781494 0.410645 0.015137 0.014648
0 0.752441 0.417480 0.006836 0.020508
0 0.746338 0.417969 0.010254 0.025391
0 0.741943 0.418945 0.010254 0.029297
0 0.727295 0.412109 0.020996 0.042969
0 0.723389 0.416504 0.021973 0.038086
0 0.691650 0.416016 0.063965 0.048828
0 0.617188 0.401855 0.116211 0.086914
0 0.794922 0.391113 0.012695 0.055664
0 0.840088 0.410645 0.102051 0.114258