1 0.667969 0.428223 0.009766 0.032227
1 0.586914 0.424316 0.013672 0.067383
1 0.571289 0.423340 0.014648 0.061523
1 0.542480 0.423828 0.013672 0.074219
1 0.553955 0.427246 0.019043 0.090820
0 0.700195 0.433105 0.008789 0.020508
0 0.685059 0.430176 0.014648 0.026367
0 0.671143 0.425781 0.016113 0.031250
0 0.658447 0.426270 0.022949 0.032227
0 0.454590 0.487793 0.104492 0.196289
0 0.372803 0.520508 0.120605 0.283203
0 0.164551 0.546387 0.323242 0.643555
0 0.729004 0.411133 0.051758 0.115234
0 0.717041 0.443359 0.021973 0.095703
0 0.729492 0.447266 0.024414 0.111328
0 0.732422 0.472656 0.039062 0.162109
0 0.815186 0.497559 0.177246 0.245117