1 0.375977 0.428711 0.008789 0.048828
1 0.406738 0.425781 0.005859 0.052734
1 0.401611 0.422852 0.007324 0.060547
0 0.158936 0.429199 0.021973 0.008789
0 0.189941 0.422363 0.030273 0.024414
0 0.213623 0.440430 0.023926 0.029297
0 0.190430 0.457031 0.037109 0.056641
0 0.145020 0.473633 0.076172 0.089844
0 0.270264 0.435059 0.027832 0.036133
0 0.368896 0.435059 0.054199 0.028320
0 0.448975 0.429688 0.017090 0.050781
0 0.476318 0.426758 0.043457 0.070312
0 0.479248 0.437500 0.019043 0.056641
0 0.536133 0.425293 0.025391 0.040039
0 0.547607 0.439453 0.029785 0.058594
0 0.506836 0.452637 0.060547 0.092773
0 0.561523 0.444336 0.017578 0.066406
0 0.587158 0.447266 0.055176 0.083984