1 0.220947 0.440430 0.011230 0.029297
1 0.211670 0.420898 0.009277 0.017578
1 0.203613 0.484375 0.014648 0.115234
1 0.210693 0.494629 0.013184 0.102539
1 0.250488 0.422852 0.007812 0.017578
1 0.277344 0.416504 0.009766 0.022461
1 0.286133 0.413574 0.004883 0.012695
1 0.298828 0.439453 0.007812 0.062500
1 0.308105 0.441895 0.011719 0.053711
1 0.312500 0.451172 0.015625 0.048828
1 0.370361 0.493652 0.073730 0.290039
1 0.360352 0.515625 0.050781 0.275391
1 0.426514 0.504395 0.046387 0.256836
1 0.546143 0.466309 0.040527 0.274414
1 0.496582 0.479004 0.029297 0.293945
1 0.511719 0.520020 0.033203 0.174805
1 0.594238 0.466797 0.037109 0.259766
1 0.574707 0.474609 0.051758 0.269531
1 0.530273 0.458008 0.058594 0.349609
1 0.648926 0.472656 0.028320 0.222656
1 0.645020 0.467285 0.048828 0.252930
1 0.298096 0.448730 0.034668 0.108398
1 0.267090 0.492188 0.061523 0.207031
0 0.012939 0.467773 0.010254 0.027344
0 0.019531 0.466309 0.008789 0.032227
0 0.046387 0.465332 0.020508 0.045898
0 0.031494 0.466797 0.020020 0.039062
0 0.048584 0.478516 0.012207 0.037109
0 0.054443 0.480957 0.012207 0.043945
0 0.065674 0.479980 0.027832 0.049805
0 0.080078 0.481445 0.029297 0.052734
0 0.898926 0.403809 0.029297 0.075195
0 0.795410 0.477051 0.281250 0.446289