1 0.511475 0.359375 0.003418 0.023438
1 0.505127 0.363770 0.003418 0.020508
1 0.508789 0.369141 0.003906 0.019531
1 0.346191 0.452637 0.031250 0.237305
0 0.317383 0.426270 0.030273 0.049805
0 0.264404 0.453613 0.026855 0.051758
0 0.287354 0.459961 0.053223 0.066406
0 0.213135 0.469727 0.081543 0.103516
0 0.079102 0.503418 0.152344 0.186523
0 0.342041 0.457031 0.062012 0.082031
0 0.436768 0.352051 0.009277 0.014648
0 0.408447 0.402832 0.015137 0.043945
0 0.468750 0.454102 0.052734 0.121094
0 0.610107 0.452148 0.088379 0.130859
0 0.503662 0.481934 0.120605 0.172852
0 0.933350 0.489746 0.128418 0.684570