1 0.509766 0.429199 0.004883 0.028320
1 0.514160 0.433105 0.007812 0.024414
1 0.362793 0.416016 0.011719 0.015625
0 0.505859 0.437012 0.004883 0.026367
0 0.495361 0.432129 0.017090 0.041992
0 0.496338 0.442383 0.006348 0.025391
0 0.490967 0.442383 0.012207 0.027344
0 0.487061 0.445801 0.013184 0.032227
0 0.480469 0.448242 0.008789 0.039062
0 0.474609 0.450195 0.012695 0.048828
0 0.468506 0.453613 0.009277 0.053711
0 0.444336 0.447754 0.047852 0.088867
0 0.391357 0.472656 0.056152 0.111328
0 0.355713 0.489746 0.073730 0.135742
0 0.291016 0.501953 0.111328 0.224609
0 0.146240 0.532715 0.274902 0.379883
0 0.029297 0.708984 0.052734 0.279297
0 0.562256 0.422852 0.024902 0.023438
0 0.565430 0.423828 0.019531 0.015625
0 0.563232 0.442871 0.019043 0.041992
0 0.569336 0.448242 0.013672 0.054688
0 0.575439 0.448730 0.014160 0.057617
0 0.597168 0.442383 0.043945 0.083984
0 0.595215 0.453613 0.021484 0.077148
0 0.616943 0.457520 0.044434 0.096680
0 0.649170 0.467285 0.072754 0.108398
0 0.920898 0.398438 0.078125 0.027344
0 0.880859 0.580078 0.233398 0.373047
0 0.978516 0.729004 0.038086 0.409180