1 0.324951 0.450195 0.006348 0.025391
1 0.331787 0.448242 0.004395 0.027344
0 0.347168 0.441406 0.030273 0.037109
0 0.353760 0.448730 0.026855 0.030273
0 0.375244 0.441895 0.009277 0.010742
0 0.362061 0.454102 0.019043 0.035156
0 0.424072 0.432617 0.025879 0.015625
0 0.402100 0.454102 0.063965 0.048828
0 0.559082 0.454590 0.062500 0.077148
0 0.958740 0.437012 0.006348 0.016602
0 0.926514 0.432617 0.021973 0.013672
0 0.924561 0.439453 0.017090 0.021484
0 0.894043 0.440430 0.048828 0.080078
0 0.890381 0.451660 0.025879 0.065430
0 0.881348 0.454102 0.032227 0.072266
0 0.842529 0.452637 0.067871 0.102539
0 0.799561 0.445312 0.035645 0.033203