1 0.492432 0.431641 0.005371 0.025391
1 0.488037 0.431152 0.007324 0.028320
1 0.453857 0.429199 0.007324 0.041992
1 0.445801 0.432129 0.011719 0.040039
1 0.434570 0.438477 0.009766 0.023438
1 0.425781 0.438477 0.009766 0.023438
1 0.415527 0.431152 0.008789 0.043945
1 0.389893 0.424805 0.016113 0.048828
1 0.262451 0.420898 0.016113 0.085938
1 0.247070 0.425781 0.014648 0.068359
1 0.233154 0.415527 0.016113 0.088867
1 0.558594 0.435547 0.001953 0.029297
1 0.554932 0.438477 0.006348 0.039062
1 0.637939 0.449707 0.006348 0.026367
1 0.795898 0.503418 0.040039 0.209961
0 0.575684 0.438477 0.007812 0.015625
0 0.488525 0.432617 0.020020 0.023438
0 0.361084 0.435059 0.014160 0.024414
0 0.586426 0.449707 0.020508 0.032227
0 0.617676 0.456543 0.023438 0.040039
0 0.686035 0.462402 0.007812 0.024414