1 0.688721 0.428223 0.008301 0.028320
1 0.696045 0.430664 0.009277 0.037109
1 0.711914 0.424805 0.007812 0.029297
1 0.712402 0.438965 0.026367 0.055664
1 0.752197 0.401855 0.062012 0.090820
0 0.579102 0.432129 0.015625 0.028320
0 0.628662 0.435547 0.097168 0.064453
0 0.468750 0.438477 0.021484 0.027344
0 0.462891 0.439941 0.008789 0.028320
0 0.458252 0.440918 0.009277 0.034180
0 0.450195 0.443359 0.018555 0.044922
0 0.433105 0.433594 0.018555 0.062500
0 0.428711 0.448730 0.016602 0.045898
0 0.364258 0.429199 0.122070 0.110352
0 0.307861 0.476562 0.043457 0.083984
0 0.216553 0.447266 0.176270 0.160156
0 0.155762 0.458496 0.138672 0.096680
0 0.122559 0.501953 0.202148 0.183594
0 0.030273 0.510254 0.054688 0.209961