1 0.237549 0.411621 0.006348 0.026367
1 0.101807 0.437988 0.043457 0.163086
1 0.394531 0.431152 0.032227 0.116211
1 0.395752 0.437988 0.015137 0.102539
1 0.401855 0.436523 0.025391 0.109375
1 0.415771 0.434570 0.021973 0.117188
1 0.338623 0.430664 0.016113 0.117188
1 0.512207 0.373535 0.007812 0.008789
1 0.300781 0.439453 0.025391 0.111328
1 0.343750 0.441406 0.029297 0.111328
1 0.381592 0.420898 0.013184 0.085938
0 0.227295 0.409668 0.004395 0.010742
0 0.244141 0.409668 0.008789 0.018555
0 0.246338 0.417969 0.012207 0.031250
0 0.260742 0.418945 0.022461 0.037109
0 0.277100 0.419922 0.017090 0.039062
0 0.313232 0.401855 0.019043 0.014648
0 0.309082 0.420898 0.013672 0.044922
0 0.320557 0.424805 0.014160 0.048828
0 0.350830 0.405273 0.050293 0.089844
0 0.506836 0.471191 0.119141 0.196289