1 0.577881 0.468262 0.023926 0.120117
1 0.564697 0.468262 0.020020 0.116211
1 0.533203 0.471680 0.015625 0.123047
1 0.685791 0.455078 0.026855 0.128906
1 0.847168 0.468262 0.020508 0.098633
1 0.825928 0.466309 0.034668 0.108398
1 0.715332 0.460449 0.028320 0.141602
1 0.466553 0.455566 0.012207 0.100586
1 0.734131 0.450195 0.011230 0.113281
1 0.768799 0.451172 0.008301 0.101562
1 0.760986 0.448730 0.016113 0.108398
1 0.787598 0.464844 0.010742 0.076172
1 0.795898 0.447266 0.019531 0.099609
1 0.808838 0.457520 0.039551 0.133789
1 0.776855 0.452148 0.019531 0.101562
1 0.747070 0.445312 0.006836 0.093750
1 0.750244 0.461914 0.015137 0.107422
1 0.509277 0.464844 0.020508 0.121094
1 0.515625 0.469727 0.029297 0.117188
1 0.369385 0.449219 0.010254 0.080078
1 0.380371 0.445801 0.015625 0.088867
1 0.385498 0.449219 0.016113 0.085938
1 0.363281 0.450684 0.019531 0.073242
1 0.340332 0.441406 0.028320 0.083984
1 0.420898 0.453125 0.017578 0.109375
1 0.434082 0.460938 0.021484 0.123047
0 0.935791 0.481445 0.067871 0.125000
0 0.963379 0.503418 0.068359 0.168945
0 0.700439 0.437500 0.013184 0.041016
0 0.643311 0.482910 0.092285 0.159180