1 0.196777 0.338867 0.005859 0.013672
1 0.211670 0.343750 0.007324 0.021484
1 0.285156 0.346680 0.005859 0.013672
1 0.291016 0.348145 0.006836 0.012695
1 0.266602 0.329102 0.009766 0.021484
1 0.263428 0.357910 0.014160 0.077148
1 0.250000 0.357422 0.013672 0.072266
1 0.275146 0.384766 0.023926 0.128906
1 0.083496 0.460938 0.051758 0.263672
1 0.295898 0.363281 0.003906 0.021484
1 0.334717 0.379883 0.014160 0.035156
1 0.388184 0.354492 0.007812 0.021484
1 0.413086 0.346191 0.014648 0.034180
1 0.430908 0.340332 0.014160 0.041992
1 0.428955 0.345215 0.014160 0.036133
1 0.442383 0.341797 0.010742 0.044922
1 0.454834 0.349121 0.016113 0.069336
1 0.540527 0.360352 0.015625 0.078125
1 0.553223 0.374023 0.018555 0.058594
1 0.720703 0.376953 0.018555 0.097656
1 0.732422 0.377930 0.019531 0.093750
1 0.941406 0.356445 0.017578 0.050781
1 0.753174 0.418457 0.035645 0.176758
1 0.793701 0.407227 0.040527 0.199219
1 0.867676 0.509766 0.090820 0.171875
1 0.865234 0.492188 0.088867 0.560547
1 0.959961 0.498047 0.075195 0.511719
1 0.205811 0.410156 0.026855 0.140625
0 0.362549 0.359375 0.050293 0.070312
0 0.397705 0.456055 0.165527 0.185547
0 0.918945 0.355957 0.022461 0.024414
0 0.818359 0.399902 0.014648 0.083008
0 0.774902 0.392090 0.078125 0.094727
0 0.921387 0.428223 0.033203 0.131836