1 0.934570 0.405762 0.028320 0.079102
1 0.010254 0.547852 0.014648 0.359375
1 0.056885 0.504395 0.105957 0.397461
1 0.069580 0.562500 0.115723 0.535156
1 0.186523 0.518555 0.052734 0.292969
1 0.625732 0.413574 0.003418 0.010742
1 0.618652 0.422852 0.010742 0.041016
1 0.604736 0.433594 0.011230 0.070312
1 0.593750 0.446289 0.021484 0.101562
1 0.513184 0.456543 0.028320 0.122070
1 0.561523 0.448242 0.025391 0.099609
1 0.774658 0.428223 0.006348 0.030273
0 0.706055 0.419434 0.007812 0.022461
0 0.718018 0.427246 0.020020 0.032227
0 0.581299 0.433105 0.010254 0.030273
0 0.654053 0.479980 0.095215 0.131836
0 0.734131 0.417969 0.013184 0.021484
0 0.750977 0.434082 0.018555 0.032227
0 0.862061 0.535156 0.207520 0.265625