1 0.168945 0.466797 0.005859 0.019531
1 0.175537 0.463867 0.005371 0.025391
1 0.608887 0.435059 0.017578 0.081055
1 0.593506 0.415039 0.019043 0.054688
1 0.292480 0.477539 0.031250 0.138672
1 0.442383 0.469238 0.040039 0.139648
1 0.524902 0.459961 0.029297 0.148438
0 0.182129 0.458496 0.012695 0.020508
0 0.161133 0.454102 0.009766 0.015625
0 0.166992 0.458496 0.010742 0.018555
0 0.097656 0.481934 0.022461 0.036133
0 0.021240 0.490234 0.030762 0.037109
0 0.006836 0.504883 0.007812 0.031250
0 0.983887 0.421875 0.027344 0.089844
0 0.761475 0.447754 0.146973 0.116211