1 0.530518 0.439453 0.025879 0.080078
1 0.564453 0.448730 0.013672 0.077148
1 0.549805 0.447266 0.018555 0.080078
1 0.576660 0.442871 0.019531 0.086914
1 0.494141 0.441406 0.011719 0.060547
1 0.503906 0.435547 0.013672 0.074219
1 0.444092 0.452637 0.021973 0.122070
1 0.422852 0.443848 0.026367 0.133789
1 0.393555 0.445801 0.026367 0.125977
1 0.332031 0.469727 0.045898 0.263672
1 0.248291 0.458496 0.058105 0.303711
1 0.881836 0.417480 0.021484 0.079102
1 0.599121 0.418945 0.008789 0.015625
1 0.602051 0.451172 0.004883 0.050781
1 0.595947 0.451660 0.011230 0.057617
1 0.610107 0.441895 0.017090 0.075195
0 0.589355 0.433105 0.013672 0.022461
0 0.575928 0.434570 0.015137 0.021484
0 0.616455 0.419434 0.004395 0.010742
0 0.621582 0.421875 0.010742 0.019531
0 0.620850 0.443848 0.013184 0.051758
0 0.640137 0.446777 0.041016 0.069336
0 0.664307 0.466797 0.022949 0.101562
0 0.688477 0.461914 0.051758 0.162109
0 0.756104 0.471191 0.124512 0.219727
0 0.806885 0.513184 0.148926 0.249023
0 0.909668 0.609863 0.175781 0.475586