1 0.404541 0.439941 0.007324 0.040039
1 0.299072 0.446777 0.007324 0.018555
1 0.283203 0.454102 0.010742 0.033203
1 0.103027 0.477539 0.029297 0.132812
1 0.569336 0.423828 0.010742 0.027344
1 0.698730 0.433105 0.021484 0.077148
1 0.764893 0.412109 0.011230 0.039062
1 0.674805 0.441406 0.022461 0.117188
1 0.791016 0.428223 0.017578 0.124023
0 0.493164 0.443848 0.021484 0.016602
0 0.468018 0.437012 0.015137 0.038086
0 0.462646 0.443848 0.011230 0.036133
0 0.457520 0.454590 0.008789 0.024414
0 0.422852 0.451172 0.039062 0.058594
0 0.228760 0.470215 0.088379 0.071289
0 0.583984 0.442871 0.056641 0.083008
0 0.754639 0.445801 0.061035 0.065430
0 0.975586 0.428711 0.043945 0.093750
0 0.640869 0.450195 0.081543 0.134766