1 0.430908 0.447266 0.009277 0.042969
1 0.490723 0.423828 0.004883 0.013672
0 0.593994 0.374023 0.007324 0.009766
0 0.579590 0.378418 0.007812 0.010742
0 0.540527 0.425293 0.011719 0.022461
0 0.554932 0.421875 0.004395 0.011719
0 0.546875 0.428711 0.013672 0.027344
0 0.575684 0.428223 0.008789 0.028320
0 0.608154 0.443359 0.004395 0.029297
0 0.566162 0.427246 0.020020 0.030273
0 0.562744 0.442871 0.023926 0.034180
0 0.533691 0.430664 0.007812 0.019531
0 0.511475 0.431641 0.008301 0.019531
0 0.522461 0.428223 0.014648 0.032227
0 0.525391 0.440430 0.017578 0.027344
0 0.505615 0.447266 0.016113 0.037109
0 0.490479 0.452637 0.029785 0.043945
0 0.592773 0.436523 0.028320 0.052734