1 0.576416 0.441406 0.010254 0.048828
1 0.568115 0.445312 0.010254 0.046875
1 0.555664 0.442871 0.008789 0.053711
1 0.535889 0.441406 0.013184 0.056641
1 0.547852 0.439453 0.009766 0.060547
1 0.594971 0.439941 0.014160 0.063477
1 0.606445 0.434082 0.009766 0.069336
1 0.640137 0.442871 0.009766 0.051758
1 0.631592 0.437988 0.017090 0.071289
1 0.623779 0.438477 0.020020 0.074219
1 0.480225 0.448242 0.024902 0.082031
1 0.318359 0.443848 0.045898 0.165039
1 0.170410 0.436035 0.021484 0.084961
1 0.157715 0.458008 0.031250 0.140625
1 0.194092 0.469238 0.029785 0.157227
1 0.235107 0.399902 0.024902 0.073242
1 0.253906 0.410156 0.025391 0.074219
1 0.264404 0.445801 0.041504 0.083008
1 0.223877 0.464355 0.046387 0.065430
1 0.048828 0.493164 0.034180 0.189453
1 0.020264 0.495605 0.034668 0.346680
1 0.839111 0.419922 0.013184 0.078125
0 0.478027 0.441406 0.042969 0.035156