1 0.020508 0.421875 0.035156 0.126953
1 0.498779 0.458984 0.010254 0.039062
1 0.516846 0.453125 0.011230 0.050781
0 0.552734 0.443359 0.025391 0.027344
0 0.570068 0.451172 0.008301 0.021484
0 0.605225 0.436523 0.065918 0.064453
0 0.605713 0.426758 0.046387 0.029297
0 0.607422 0.448242 0.052734 0.050781
0 0.635254 0.450684 0.022461 0.063477
0 0.652344 0.444824 0.022461 0.077148
0 0.681396 0.443359 0.082520 0.099609
0 0.682129 0.445801 0.027344 0.084961
0 0.712646 0.442383 0.068848 0.101562
0 0.825928 0.430664 0.268066 0.208984
0 0.487305 0.444336 0.018555 0.029297
0 0.484863 0.453125 0.013672 0.025391
0 0.477295 0.454590 0.015137 0.032227
0 0.474854 0.458008 0.007324 0.035156
0 0.471191 0.458984 0.011719 0.039062
0 0.458740 0.459961 0.024902 0.044922
0 0.433594 0.474121 0.021484 0.073242
0 0.429932 0.483887 0.013184 0.079102
0 0.387451 0.456055 0.080566 0.162109
0 0.356689 0.498535 0.096191 0.143555
0 0.069092 0.656738 0.132324 0.420898