1 0.324707 0.443359 0.006836 0.023438
1 0.266846 0.437988 0.010254 0.022461
1 0.250977 0.439453 0.008789 0.021484
0 0.498047 0.426270 0.017578 0.008789
0 0.478027 0.435059 0.023438 0.024414
0 0.452881 0.436035 0.027832 0.024414
0 0.506592 0.440430 0.019043 0.033203
0 0.524902 0.442383 0.028320 0.039062
0 0.314453 0.457031 0.021484 0.041016
0 0.291260 0.456055 0.033691 0.050781
0 0.226562 0.461426 0.045898 0.075195
0 0.203857 0.469727 0.040527 0.068359
0 0.173096 0.477539 0.049316 0.072266
0 0.122070 0.480469 0.064453 0.097656
0 0.051514 0.495117 0.097168 0.113281