1 0.367188 0.401855 0.020508 0.047852
1 0.835938 0.367188 0.006836 0.009766
1 0.861084 0.417480 0.028809 0.163086
1 0.927490 0.428711 0.046387 0.195312
1 0.650391 0.390625 0.008789 0.058594
1 0.682617 0.405273 0.027344 0.107422
0 0.500488 0.406738 0.008789 0.010742
0 0.502686 0.415039 0.009277 0.017578
0 0.443848 0.420410 0.023438 0.038086
0 0.441650 0.427734 0.015137 0.042969
0 0.424072 0.425781 0.025879 0.054688
0 0.393799 0.435547 0.041504 0.060547
0 0.352783 0.456055 0.059082 0.115234
0 0.320312 0.470215 0.057617 0.135742
0 0.239990 0.476562 0.129395 0.214844
0 0.116699 0.517578 0.227539 0.291016
0 0.531982 0.408691 0.010254 0.034180
0 0.484619 0.420898 0.030762 0.048828
0 0.689209 0.411621 0.047363 0.053711
0 0.773682 0.385254 0.075684 0.036133
0 0.738037 0.423828 0.089355 0.082031
0 0.806396 0.422363 0.094238 0.104492
0 0.851807 0.427734 0.058105 0.119141
0 0.933350 0.422363 0.128418 0.145508