1 0.640625 0.401367 0.006836 0.050781
1 0.659180 0.395996 0.005859 0.038086
0 0.536133 0.396484 0.008789 0.015625
0 0.524658 0.395508 0.007324 0.013672
0 0.512207 0.400879 0.013672 0.022461
0 0.490479 0.403320 0.012207 0.023438
0 0.478271 0.402832 0.015137 0.032227
0 0.473877 0.408691 0.014160 0.032227
0 0.460693 0.412109 0.021973 0.041016
0 0.104980 0.446289 0.047852 0.076172
0 0.332031 0.461914 0.108398 0.148438
0 0.638672 0.395996 0.017578 0.024414
0 0.648438 0.396973 0.016602 0.034180
0 0.656006 0.402344 0.017090 0.039062