1 0.659912 0.428711 0.008301 0.056641
1 0.752930 0.435547 0.027344 0.123047
1 0.733643 0.447754 0.024902 0.110352
0 0.582031 0.417480 0.008789 0.016602
0 0.570801 0.425781 0.011719 0.023438
0 0.553223 0.426758 0.014648 0.019531
0 0.550537 0.430176 0.015137 0.022461
0 0.546875 0.433594 0.008789 0.023438
0 0.533691 0.431641 0.023438 0.035156
0 0.531250 0.435547 0.021484 0.039062
0 0.503906 0.447266 0.014648 0.031250
0 0.482422 0.451172 0.034180 0.072266
0 0.466797 0.458984 0.052734 0.080078
0 0.401123 0.461914 0.099121 0.164062
0 0.089844 0.514648 0.173828 0.562500