1 0.951660 0.426270 0.022461 0.075195
1 0.466309 0.432129 0.012695 0.063477
1 0.432617 0.434082 0.014648 0.051758
1 0.401123 0.428223 0.015137 0.063477
0 0.285400 0.453613 0.004395 0.036133
0 0.330811 0.432129 0.054199 0.083008
0 0.137451 0.440918 0.154785 0.145508
0 0.055908 0.467285 0.105957 0.141602
0 0.016602 0.480469 0.027344 0.115234
0 0.978271 0.422363 0.038574 0.032227
0 0.671143 0.449219 0.020020 0.078125
0 0.690674 0.461426 0.036621 0.161133
0 0.803711 0.449219 0.222656 0.412109
0 0.614502 0.458984 0.057129 0.105469
0 0.532959 0.511230 0.145996 0.260742
0 0.313965 0.445801 0.022461 0.040039