1 0.482178 0.441895 0.006348 0.030273
1 0.534912 0.438477 0.005371 0.021484
1 0.542236 0.437012 0.005371 0.022461
0 0.550537 0.437500 0.007324 0.019531
0 0.557129 0.435547 0.007812 0.025391
0 0.582275 0.431641 0.044434 0.039062
0 0.579102 0.432129 0.022461 0.030273
0 0.586670 0.436523 0.028809 0.035156
0 0.609131 0.435547 0.054199 0.044922
0 0.636230 0.432129 0.055664 0.049805
0 0.684326 0.432617 0.113770 0.087891
0 0.794678 0.415039 0.117676 0.107422
0 0.791504 0.433594 0.086914 0.117188
0 0.863525 0.435059 0.206543 0.178711