1 0.723145 0.392578 0.009766 0.027344
1 0.707031 0.398926 0.011719 0.032227
1 0.688477 0.410156 0.026367 0.050781
1 0.783447 0.363770 0.009277 0.053711
1 0.734131 0.390625 0.021973 0.050781
1 0.824219 0.446777 0.030273 0.262695
1 0.824219 0.438965 0.084961 0.319336
1 0.949219 0.451172 0.049805 0.287109
1 0.606201 0.434570 0.040527 0.175781
0 0.129639 0.491211 0.082520 0.111328
0 0.052246 0.492676 0.098633 0.200195
0 0.239990 0.478027 0.162598 0.276367
0 0.451172 0.459961 0.194336 0.160156
0 0.922852 0.414551 0.149414 0.327148
0 0.975342 0.381836 0.040527 0.287109